1974 976.0 452.0
1986 977.0 450.0
1997 979.0 445.0
2009 982.0 437.0
2021 987.0 427.0
2032 995.0 414.0
2044 1004.0 404.0
2056 1014.0 392.0
2068 1025.0 378.0
2080 1036.0 363.0
2091 1048.0 348.0
2103 1062.0 331.0
2115 1077.0 314.0
2126 1093.0 296.0
2138 1110.0 278.0
2150 1129.0 261.0
2162 1147.0 243.0
2173 1165.0 227.0
2185 1183.0 213.0
2197 1202.0 198.0
2208 1222.0 185.0
2220 1242.0 172.0
2232 1263.0 160.0
2244 1285.0 149.0
2255 1308.0 141.0
2267 1331.0 135.0
2279 1354.0 131.0
2290 1376.0 131.0
2302 1396.0 134.0
2314 1415.0 137.0
2325 1433.0 142.0
2337 1449.0 148.0
2349 1462.0 154.0
2361 1475.0 160.0
2372 1486.0 167.0
2384 1497.0 174.0
2396 1506.0 182.0
2407 1513.0 192.0
2419 1518.0 202.0
2431 1522.0 212.0
2443 1523.0 223.0
2454 1520.0 236.0
2466 1515.0 249.0
2478 1507.0 264.0
2490 1497.0 278.0
2501 1483.0 293.0
2513 1465.0 308.0
2525 1446.0 323.0
2537 1423.0 336.0
2549 1397.0 348.0
2560 1368.0 360.0
2572 1337.0 371.0
2584 1303.0 382.0
2595 1268.0 392.0
2607 1232.0 401.0
2619 1198.0 408.0
2631 1166.0 416.0
2642 1133.0 423.0
2654 1102.0 430.0
2666 1073.0 436.0
2678 1046.0 441.0
2690 1021.0 445.0
2701 998.0 449.0
2713 979.0 451.0
2725 962.0 452.0
2737 949.0 452.0
2749 940.0 452.0
2760 935.0 451.0
2772 931.0 450.0
2784 931.0 449.0
2808 931.0 449.0
2820 933.0 449.0
2831 939.0 449.0
2843 950.0 451.0
2855 963.0 454.0
2867 979.0 459.0
2879 991.0 465.0
2890 1005.0 473.0
2902 1018.0 483.0
2914 1031.0 494.0
2926 1044.0 508.0
2937 1056.0 523.0
2949 1068.0 540.0
2961 1080.0 557.0
2973 1092.0 577.0
2985 1103.0 599.0
2996 1114.0 622.0
3008 1120.0 648.0
3020 1125.0 677.0
3032 1128.0 707.0
3043 1128.0 738.0
3055 1125.0 768.0
3067 1120.0 796.0
3079 1111.0 823.0
3091 1100.0 848.0
3103 1086.0 873.0
3115 1071.0 897.0
3126 1054.0 919.0
3138 1037.0 939.0
3150 1019.0 959.0
3162 1000.0 977.0
3174 981.0 991.0
3186 962.0 1001.0
3198 942.0 1009.0
3209 923.0 1013.0
3221 904.0 1012.0
3233 886.0 1008.0
3245 868.0 998.0
3257 854.0 987.0
3269 842.0 970.0
3281 831.0 952.0
3293 823.0 928.0
3304 819.0 904.0
3316 816.0 876.0
3328 816.0 848.0
3340 818.0 818.0
3352 821.0 788.0
3364 826.0 757.0
3375 833.0 725.0
3387 842.0 693.0
3399 852.0 661.0
3411 862.0 631.0
3422 874.0 602.0
3435 889.0 576.0
3446 905.0 551.0
3458 921.0 527.0
3469 937.0 508.0
3482 952.0 490.0
3493 966.0 476.0
3505 979.0 465.0
3516 990.0 456.0
3528 998.0 452.0
3540 1004.0 450.0
3552 1008.0 451.0
3564 1009.0 453.0
3575 1008.0 456.0
3587 1005.0 461.0
3599 1002.0 467.0
3611 998.0 473.0
3623 992.0 480.0
3634 985.0 489.0
3646 976.0 498.0
3658 966.0 507.0
3670 953.0 515.0
3682 938.0 521.0
3694 922.0 527.0
3705 905.0 531.0
3717 886.0 534.0
3729 866.0 534.0
3741 844.0 531.0
3752 822.0 528.0
3764 800.0 522.0
3776 777.0 513.0
3788 755.0 503.0
3799 733.0 491.0
3811 711.0 478.0
3823 688.0 463.0
3835 665.0 446.0
3847 641.0 429.0
3858 618.0 409.0
3870 594.0 389.0
3882 573.0 369.0
3894 553.0 348.0
3905 535.0 327.0
3917 520.0 306.0
3929 509.0 285.0
3941 500.0 264.0
3952 496.0 243.0
3964 494.0 223.0
3976 496.0 203.0
3988 501.0 182.0
3999 510.0 162.0
4011 524.0 144.0
4023 542.0 126.0
4034 565.0 111.0
4046 590.0 100.0
4058 619.0 92.0
4070 650.0 89.0
4082 681.0 90.0
4093 712.0 94.0
4105 744.0 103.0
4116 776.0 114.0
4128 808.0 128.0
4140 839.0 145.0
4152 868.0 163.0
4163 895.0 185.0
4175 919.0 208.0
4187 939.0 233.0
4199 956.0 259.0
4210 969.0 286.0
4222 979.0 312.0
4234 984.0 338.0
4245 987.0 363.0
4257 987.0 385.0
4269 984.0 406.0
4281 981.0 426.0
4293 975.0 444.0
4304 968.0 461.0
4316 960.0 474.0
4328 953.0 485.0
4340 947.0 492.0
4351 943.0 495.0
4363 939.0 496.0
4375 935.0 492.0
4387 933.0 485.0
4399 932.0 474.0
4411 933.0 458.0
4422 936.0 440.0
4434 942.0 418.0
4446 952.0 396.0
4457 964.0 372.0
4469 979.0 348.0
4482 996.0 323.0
4493 1016.0 298.0
4505 1039.0 272.0
4516 1063.0 246.0
4528 1092.0 220.0
4540 1122.0 195.0
4551 1153.0 173.0
4563 1186.0 154.0
4575 1220.0 137.0
4587 1256.0 124.0
4598 1293.0 113.0
4610 1328.0 106.0
4622 1363.0 103.0
4633 1397.0 102.0
4645 1429.0 105.0
4657 1459.0 110.0
4669 1485.0 119.0
4680 1508.0 129.0
4692 1527.0 141.0
4704 1543.0 156.0
4715 1556.0 172.0
4727 1567.0 189.0
4739 1574.0 207.0
4751 1577.0 228.0
4762 1573.0 250.0
4774 1565.0 274.0
4787 1553.0 297.0
4798 1536.0 321.0
4810 1514.0 345.0
4821 1488.0 367.0
4833 1456.0 388.0
4845 1423.0 406.0
4857 1386.0 422.0
4868 1348.0 434.0
4881 1310.0 447.0
4892 1270.0 458.0
4904 1229.0 469.0
4915 1189.0 479.0
4928 1150.0 486.0
4939 1114.0 491.0
4951 1079.0 495.0
4963 1047.0 497.0
4974 1017.0 497.0
4987 991.0 494.0
4998 968.0 491.0
5010 949.0 488.0
5022 933.0 483.0
5033 921.0 478.0
5045 911.0 474.0
5057 906.0 469.0
5069 904.0 465.0
5081 904.0 460.0
5092 906.0 455.0
5104 909.0 450.0
5116 916.0 445.0
5127 925.0 441.0
5139 935.0 438.0
5151 946.0 436.0
5163 959.0 437.0
5174 973.0 438.0
5186 988.0 441.0
5198 1003.0 447.0
5210 1018.0 455.0
5222 1032.0 465.0
5233 1045.0 477.0
5245 1058.0 491.0
5257 1070.0 508.0
5269 1081.0 526.0
5281 1091.0 547.0
5292 1100.0 570.0
5304 1106.0 595.0
5316 1110.0 623.0
5328 1114.0 651.0
5340 1117.0 681.0
5351 1119.0 712.0
5363 1120.0 743.0
5375 1120.0 775.0
5387 1119.0 808.0
5399 1118.0 840.0
5411 1115.0 872.0
5422 1111.0 903.0
5434 1104.0 931.0
5446 1094.0 956.0
5458 1084.0 980.0
5470 1071.0 1000.0
5482 1056.0 1018.0
5494 1039.0 1031.0
5505 1022.0 1042.0
5517 1003.0 1051.0
5529 982.0 1054.0
5541 958.0 1054.0
5553 934.0 1050.0
5565 910.0 1040.0
5577 888.0 1027.0
5589 868.0 1009.0
5600 851.0 988.0
5612 837.0 964.0
5624 826.0 937.0
5636 817.0 908.0
5648 811.0 877.0
5660 807.0 845.0
5671 805.0 812.0
5684 806.0 777.0
5695 809.0 741.0
5707 814.0 705.0
5719 824.0 669.0
5730 834.0 635.0
5742 846.0 602.0
5754 858.0 570.0
5766 870.0 542.0
5778 883.0 514.0
5789 895.0 489.0
5801 908.0 465.0
5813 922.0 444.0
5825 935.0 426.0
5836 947.0 410.0
5848 959.0 398.0
5860 970.0 389.0
5871 981.0 383.0
5884 988.0 379.0
5895 995.0 379.0
5907 999.0 382.0
5919 1003.0 386.0
5931 1006.0 394.0
5942 1007.0 404.0
5954 1007.0 414.0
5966 1005.0 427.0
5977 1002.0 440.0
5989 999.0 456.0
6001 996.0 471.0
6013 992.0 486.0
6025 986.0 501.0
6036 980.0 513.0
6049 971.0 524.0
6060 961.0 531.0
6072 950.0 536.0
6084 938.0 539.0
6096 924.0 539.0
6107 909.0 537.0
6119 892.0 534.0
6131 874.0 528.0
6143 853.0 519.0
6154 830.0 509.0
6166 806.0 497.0
6178 781.0 482.0
6190 754.0 466.0
6201 726.0 449.0
6213 695.0 431.0
6225 664.0 412.0
6237 632.0 392.0
6248 600.0 372.0
6260 570.0 352.0
6272 542.0 331.0
6284 518.0 310.0
6295 495.0 290.0
6307 476.0 271.0
6319 459.0 252.0
6331 447.0 234.0
6342 438.0 216.0
6354 434.0 200.0
6366 433.0 185.0
6377 437.0 170.0
6389 447.0 155.0
6401 460.0 141.0
6412 478.0 128.0
6424 502.0 117.0
6436 530.0 110.0
6448 561.0 107.0
6460 595.0 106.0
6471 631.0 110.0
6483 666.0 117.0
6495 701.0 127.0
6506 735.0 138.0
6518 767.0 152.0
6530 799.0 168.0
6541 829.0 185.0
6553 858.0 203.0
6565 885.0 223.0
6577 910.0 245.0
6589 931.0 267.0
6600 949.0 290.0
6612 965.0 313.0
6624 977.0 337.0
6635 986.0 360.0
6647 992.0 382.0
6659 996.0 403.0
6671 999.0 422.0
6683 1000.0 441.0
6694 999.0 459.0
6706 996.0 474.0
6718 993.0 488.0
6729 989.0 499.0
6741 986.0 510.0
6753 981.0 517.0
6765 976.0 522.0
6777 971.0 526.0
6788 965.0 526.0
6800 959.0 525.0
6812 954.0 522.0
6824 950.0 518.0
6835 946.0 511.0
6847 943.0 502.0
6859 943.0 492.0
6871 944.0 481.0
6883 946.0 468.0
6894 950.0 453.0
6906 958.0 436.0
6918 968.0 419.0
6930 981.0 402.0
6942 996.0 383.0
6953 1013.0 363.0
6965 1032.0 344.0
6977 1053.0 324.0
6989 1076.0 304.0
7001 1100.0 285.0
7012 1127.0 266.0
7024 1156.0 247.0
7036 1187.0 229.0
7047 1218.0 212.0
7059 1250.0 198.0
7071 1280.0 185.0
7083 1310.0 174.0
7094 1338.0 166.0
7106 1365.0 162.0
7118 1390.0 160.0
7129 1415.0 161.0
7141 1438.0 163.0
7153 1458.0 167.0
7164 1476.0 174.0
7176 1492.0 182.0
7188 1504.0 192.0
7200 1513.0 203.0
7211 1519.0 216.0
7223 1523.0 231.0
7235 1522.0 248.0
7247 1518.0 268.0
7258 1509.0 289.0
7270 1497.0 311.0
7283 1479.0 333.0
7294 1458.0 354.0
7306 1432.0 373.0
7317 1402.0 392.0
7329 1369.0 410.0
7341 1334.0 425.0
7353 1298.0 439.0
7364 1261.0 450.0
7376 1224.0 461.0
7388 1187.0 471.0
7400 1150.0 478.0
7412 1115.0 485.0
7423 1080.0 491.0
7435 1046.0 496.0
7447 1014.0 499.0
7459 984.0 500.0
7471 960.0 499.0
7482 940.0 496.0
7494 926.0 492.0
7506 915.0 486.0
7518 910.0 481.0
7529 907.0 477.0
7541 907.0 473.0
7553 909.0 471.0
7565 912.0 470.0
7577 918.0 470.0
7588 926.0 471.0
7600 936.0 474.0
7612 947.0 478.0
7624 959.0 486.0
7635 972.0 496.0
7647 984.0 508.0
7659 995.0 522.0
7671 1008.0 537.0
7683 1021.0 554.0
7694 1033.0 573.0
7706 1044.0 595.0
7718 1056.0 619.0
7730 1067.0 645.0
7742 1077.0 674.0
7754 1086.0 704.0
7765 1094.0 734.0
7777 1101.0 766.0
7789 1105.0 799.0
7801 1109.0 832.0
7812 1109.0 865.0
7824 1108.0 896.0
7836 1105.0 924.0
7848 1099.0 949.0
7860 1090.0 972.0
7872 1080.0 991.0
7884 1068.0 1009.0
7895 1053.0 1024.0
7907 1036.0 1037.0
7919 1016.0 1048.0
7931 992.0 1057.0
7943 967.0 1062.0
7955 941.0 1064.0
7967 915.0 1060.0
7979 890.0 1052.0
7991 869.0 1039.0
8002 852.0 1021.0
8014 836.0 1000.0
8027 824.0 974.0
8038 815.0 945.0
8050 810.0 914.0
8062 807.0 881.0
8073 807.0 845.0
8086 811.0 808.0
8097 816.0 770.0
8109 826.0 730.0
8121 837.0 690.0
8132 851.0 651.0
8144 865.0 613.0
8156 879.0 580.0
8168 893.0 548.0
8180 907.0 516.0
8192 921.0 489.0
8203 933.0 466.0
8215 944.0 448.0
8227 953.0 433.0
8239 959.0 423.0
8250 964.0 417.0
8262 967.0 414.0
8274 968.0 415.0
8286 967.0 416.0
8297 966.0 417.0
8309 965.0 420.0
8321 963.0 425.0
8333 959.0 433.0
8345 954.0 442.0
8356 948.0 452.0
8368 939.0 463.0
8380 929.0 477.0
8392 914.0 491.0
8404 897.0 507.0
8415 875.0 521.0
8427 852.0 533.0
8439 828.0 541.0
8451 804.0 544.0
8462 779.0 542.0
8474 755.0 537.0
8486 732.0 529.0
8498 709.0 518.0
8510 686.0 503.0
8521 665.0 486.0
8533 646.0 466.0
8545 628.0 445.0
8556 610.0 421.0
8568 594.0 397.0
8580 579.0 372.0
8592 565.0 346.0
8603 553.0 320.0
8615 542.0 295.0
8627 533.0 271.0
8639 525.0 248.0
8650 518.0 227.0
8662 515.0 208.0
8674 514.0 190.0
8685 517.0 174.0
8697 523.0 161.0
8709 532.0 150.0
8721 544.0 139.0
8732 561.0 132.0
8744 581.0 127.0
8756 606.0 125.0
8768 634.0 127.0
8779 663.0 132.0
8791 694.0 142.0
8803 724.0 153.0
8814 754.0 167.0
8826 785.0 183.0
8838 814.0 201.0
8850 841.0 221.0
8861 866.0 244.0
8873 887.0 268.0
8885 906.0 293.0
8897 923.0 319.0
8908 937.0 344.0
8920 947.0 369.0
8932 954.0 394.0
8944 957.0 415.0
8955 959.0 433.0
8967 958.0 449.0
8980 956.0 461.0
8991 953.0 470.0
9003 951.0 474.0
9015 949.0 476.0
9026 949.0 476.0
9050 949.0 474.0
9062 949.0 468.0
9073 951.0 458.0
9086 957.0 440.0
9097 968.0 419.0
9109 978.0 399.0
9120 992.0 376.0
9132 1008.0 352.0
9144 1025.0 327.0
9156 1044.0 302.0
9167 1064.0 277.0
9179 1086.0 252.0
9191 1109.0 228.0
9203 1133.0 205.0
9214 1159.0 185.0
9226 1187.0 167.0
9238 1216.0 153.0
9249 1246.0 142.0
9261 1277.0 132.0
9273 1308.0 126.0
9285 1338.0 122.0
9296 1366.0 123.0
9308 1391.0 126.0
9320 1414.0 131.0
9332 1433.0 138.0
9343 1451.0 147.0
9355 1467.0 157.0
9367 1482.0 170.0
9379 1494.0 184.0
9390 1504.0 201.0
9402 1510.0 219.0
9414 1512.0 240.0
9426 1510.0 265.0
9437 1503.0 289.0
9449 1492.0 314.0
9461 1474.0 338.0
9472 1455.0 358.0
9485 1430.0 376.0
9496 1404.0 391.0
9508 1373.0 404.0
9520 1338.0 416.0
9531 1298.0 427.0
9543 1254.0 437.0
9555 1209.0 446.0
9567 1164.0 453.0
9579 1121.0 457.0
9591 1081.0 460.0
9602 1043.0 459.0
9614 1010.0 456.0
9626 981.0 452.0
9637 957.0 446.0
9649 940.0 440.0
9661 928.0 434.0
9673 921.0 429.0
9685 918.0 425.0
9697 918.0 423.0
9708 922.0 422.0
9720 927.0 423.0
9732 936.0 426.0
9743 947.0 432.0
9755 961.0 443.0
9767 977.0 456.0
9779 994.0 472.0
9791 1011.0 489.0
9802 1028.0 510.0
9814 1045.0 532.0
9826 1063.0 557.0
9838 1079.0 585.0
9849 1095.0 615.0
9862 1108.0 646.0
9873 1119.0 679.0
9885 1127.0 714.0
9897 1131.0 750.0
9909 1132.0 786.0
9921 1128.0 821.0
9932 1123.0 856.0
9944 1114.0 889.0
9956 1104.0 921.0
9968 1090.0 950.0
9980 1076.0 975.0
9992 1060.0 996.0
10004 1044.0 1012.0
10015 1029.0 1024.0
10027 1012.0 1033.0
10039 993.0 1037.0
10051 972.0 1039.0
10063 949.0 1037.0
10075 926.0 1033.0
10087 904.0 1023.0
10099 885.0 1009.0
10110 867.0 990.0
10122 853.0 967.0
10134 841.0 942.0
10146 830.0 913.0
10158 824.0 881.0
10169 820.0 846.0
10182 819.0 810.0
10193 822.0 773.0
10205 827.0 735.0
10217 835.0 697.0
10228 845.0 659.0
10241 855.0 622.0
10252 868.0 587.0
10264 883.0 554.0
10276 898.0 522.0
10287 915.0 495.0
10299 930.0 471.0
10312 944.0 453.0
10323 956.0 438.0
10335 966.0 428.0
10346 973.0 422.0
10358 978.0 419.0
10370 980.0 419.0
10382 980.0 421.0
10393 980.0 424.0
10405 978.0 428.0
10417 975.0 434.0
10429 970.0 443.0
10440 962.0 453.0
10452 952.0 467.0
10464 940.0 482.0
10476 925.0 497.0
10487 908.0 510.0
10499 891.0 521.0
10511 873.0 530.0
10523 854.0 535.0
10535 834.0 538.0
10547 813.0 538.0
10558 792.0 535.0
10570 771.0 530.0
10582 750.0 522.0
10594 727.0 511.0
10605 704.0 497.0
10617 680.0 481.0
10629 656.0 464.0
10640 631.0 444.0
10652 606.0 423.0
10664 580.0 401.0
10676 555.0 379.0
10688 531.0 357.0
10699 509.0 335.0
10711 489.0 314.0
10723 472.0 293.0
10734 458.0 273.0
10746 448.0 254.0
10758 441.0 236.0
10770 437.0 219.0
10781 438.0 203.0
10793 442.0 188.0
10805 452.0 173.0
10817 466.0 157.0
10828 484.0 142.0
10840 508.0 129.0
10852 535.0 117.0
10863 567.0 108.0
10875 600.0 104.0
10887 635.0 102.0
10898 671.0 106.0
10910 707.0 112.0
10922 744.0 122.0
10933 778.0 135.0
10945 811.0 152.0
10957 842.0 172.0
10969 871.0 195.0
10980 896.0 220.0
10992 919.0 247.0
11004 936.0 275.0
11016 950.0 301.0
11027 961.0 326.0
11039 971.0 350.0
11051 977.0 370.0
11063 981.0 388.0
11074 984.0 406.0
11086 984.0 421.0
11098 983.0 433.0
11110 980.0 444.0
11121 977.0 454.0
11133 974.0 459.0
11145 969.0 463.0
11157 965.0 463.0
11169 961.0 460.0
11180 958.0 455.0
11192 957.0 446.0
11204 958.0 434.0
11216 961.0 419.0
11227 966.0 402.0
11239 975.0 381.0
11251 986.0 360.0
11263 1001.0 338.0
11274 1017.0 316.0
11286 1035.0 294.0
11298 1055.0 273.0
11310 1077.0 252.0
11322 1101.0 233.0
11333 1126.0 215.0
11345 1153.0 197.0
11357 1181.0 180.0
11368 1208.0 165.0
11380 1237.0 151.0
11392 1266.0 139.0
11404 1296.0 129.0
11415 1326.0 122.0
11427 1355.0 118.0
11439 1384.0 115.0
11450 1410.0 117.0
11462 1435.0 120.0
11474 1458.0 127.0
11485 1478.0 136.0
11497 1495.0 146.0
11509 1508.0 156.0
11521 1519.0 169.0
11532 1526.0 183.0
11544 1530.0 198.0
11556 1533.0 214.0
11568 1533.0 231.0
11579 1531.0 248.0
11591 1526.0 265.0
11603 1517.0 283.0
11615 1504.0 302.0
11626 1487.0 322.0
11638 1467.0 340.0
11650 1444.0 358.0
11662 1418.0 373.0
11673 1389.0 387.0
11685 1356.0 399.0
11697 1321.0 411.0
11709 1282.0 422.0
11721 1243.0 430.0
11732 1203.0 438.0
11744 1163.0 444.0
11756 1124.0 450.0
11768 1088.0 454.0
11780 1056.0 458.0
11791 1026.0 460.0
11803 1002.0 460.0
11815 980.0 460.0
11827 963.0 458.0
11838 948.0 456.0
11850 939.0 454.0
11862 933.0 452.0
11874 930.0 450.0
11909 930.0 451.0
11921 932.0 452.0
11933 939.0 454.0
11945 950.0 460.0
11957 965.0 471.0
11968 984.0 485.0
11980 999.0 501.0
11992 1013.0 518.0
12004 1026.0 537.0
12016 1038.0 559.0
12027 1051.0 582.0
12039 1063.0 606.0
12051 1075.0 633.0
12063 1086.0 662.0
12074 1097.0 692.0
12086 1107.0 722.0
12098 1114.0 753.0
12110 1117.0 784.0
12122 1120.0 815.0
12133 1119.0 847.0
12145 1116.0 876.0
12158 1112.0 903.0
12169 1104.0 929.0
12181 1094.0 955.0
12193 1081.0 980.0
12205 1066.0 1004.0
12217 1049.0 1024.0
12228 1032.0 1043.0
12240 1013.0 1059.0
12252 993.0 1070.0
12264 972.0 1079.0
12276 950.0 1083.0
12288 929.0 1082.0
12300 909.0 1076.0
12312 891.0 1066.0
12323 874.0 1052.0
12335 861.0 1034.0
12347 851.0 1012.0
12359 844.0 987.0
12371 840.0 958.0
12383 838.0 927.0
12394 839.0 893.0
12407 842.0 856.0
12418 847.0 818.0
12430 853.0 780.0
12442 860.0 741.0
12454 869.0 704.0
12465 879.0 668.0
12477 889.0 633.0
12489 900.0 600.0
12501 911.0 568.0
12513 921.0 540.0
12524 932.0 513.0
12536 941.0 489.0
12548 948.0 470.0
12560 953.0 454.0
12572 958.0 443.0
12583 961.0 433.0
12595 962.0 427.0
12607 961.0 424.0
12619 960.0 423.0
12630 959.0 424.0
12642 958.0 426.0
12654 955.0 429.0
12666 949.0 435.0
12677 941.0 446.0
12689 931.0 458.0
12701 921.0 469.0
12713 909.0 480.0
12725 896.0 490.0
12736 881.0 499.0
12748 864.0 507.0
12760 847.0 514.0
12772 826.0 520.0
12783 803.0 525.0
12795 779.0 528.0
12807 752.0 527.0
12819 725.0 524.0
12830 698.0 517.0
12842 672.0 507.0
12854 647.0 494.0
12866 622.0 477.0
12878 598.0 458.0
12890 576.0 437.0
12902 555.0 415.0
12913 536.0 391.0
12925 518.0 367.0
12937 502.0 342.0
12948 488.0 316.0
12961 478.0 291.0
12972 469.0 267.0
12983 464.0 243.0
12995 461.0 222.0
13007 461.0 203.0
13019 464.0 185.0
13030 469.0 168.0
13042 479.0 151.0
13054 493.0 134.0
13066 510.0 118.0
13077 531.0 107.0
13089 554.0 99.0
13101 578.0 96.0
13112 603.0 96.0
13124 630.0 101.0
13136 659.0 111.0
13147 690.0 123.0
13159 721.0 138.0
13171 752.0 155.0
13183 784.0 173.0
13194 812.0 194.0
13206 838.0 217.0
13218 863.0 241.0
13230 883.0 268.0
13241 899.0 296.0
13253 912.0 324.0
13265 923.0 351.0
13277 931.0 379.0
13288 936.0 406.0
13300 940.0 431.0
13312 941.0 455.0
13324 941.0 474.0
13335 940.0 489.0
13347 939.0 500.0
13359 938.0 508.0
13371 937.0 512.0
13382 937.0 513.0
13406 937.0 511.0
13417 938.0 506.0
13429 941.0 495.0
13441 946.0 480.0
13453 956.0 460.0
13464 966.0 440.0
13476 980.0 415.0
13488 995.0 390.0
13500 1012.0 364.0
13512 1029.0 338.0
13524 1048.0 312.0
13535 1069.0 287.0
13547 1092.0 262.0
13559 1116.0 239.0
13570 1140.0 218.0
13582 1166.0 200.0
13594 1192.0 182.0
13605 1218.0 168.0
13617 1245.0 154.0
13629 1273.0 142.0
13641 1301.0 132.0
13652 1328.0 124.0
13664 1353.0 121.0
13676 1376.0 119.0
13687 1396.0 123.0
13699 1414.0 128.0
13711 1432.0 136.0
13722 1447.0 146.0
13734 1459.0 159.0
13746 1470.0 173.0
13758 1479.0 188.0
13770 1486.0 205.0
13781 1490.0 223.0
13793 1492.0 243.0
13805 1489.0 265.0
13817 1483.0 287.0
13829 1472.0 309.0
13840 1455.0 333.0
13852 1435.0 355.0
13864 1410.0 376.0
13875 1381.0 393.0
13887 1348.0 409.0
13899 1311.0 420.0
13911 1273.0 430.0
13923 1234.0 437.0
13934 1194.0 443.0
13946 1153.0 449.0
13958 1110.0 455.0
13970 1066.0 461.0
13982 1024.0 466.0
13993 986.0 470.0
14005 954.0 472.0
14017 927.0 470.0
14028 907.0 468.0
14040 894.0 465.0
14052 888.0 462.0
14064 885.0 460.0
14076 887.0 458.0
14087 891.0 456.0
14099 900.0 456.0
14111 913.0 456.0
14123 932.0 458.0
14135 955.0 462.0
14146 979.0 469.0
14158 1002.0 478.0
14170 1024.0 489.0
14182 1045.0 504.0
14193 1064.0 520.0
14205 1082.0 538.0
14217 1098.0 560.0
14229 1111.0 583.0
14241 1123.0 608.0
14253 1134.0 636.0
14264 1143.0 666.0
14276 1149.0 697.0
14288 1153.0 730.0
14300 1153.0 763.0
14312 1149.0 795.0
14323 1143.0 827.0
14335 1132.0 859.0
14347 1119.0 890.0
14359 1103.0 917.0
14371 1087.0 942.0
14383 1071.0 965.0
14394 1055.0 982.0
14406 1038.0 998.0
14418 1021.0 1010.0
14430 1000.0 1021.0
14442 977.0 1029.0
14454 953.0 1034.0
14466 928.0 1036.0
14477 903.0 1032.0
14489 880.0 1024.0
14501 859.0 1013.0
14514 842.0 996.0
14525 826.0 977.0
14537 814.0 954.0
14549 806.0 929.0
14560 802.0 901.0
14572 800.0 869.0
14584 802.0 834.0
14596 807.0 796.0
14608 816.0 755.0
14619 827.0 714.0
14631 839.0 674.0
14643 852.0 635.0
14655 865.0 600.0
14667 878.0 568.0
14678 892.0 537.0
14690 906.0 509.0
14702 920.0 485.0
14714 933.0 462.0
14726 944.0 444.0
14737 954.0 428.0
14749 961.0 418.0
14761 966.0 411.0
14773 969.0 407.0
14784 969.0 407.0
14796 968.0 408.0
14808 967.0 410.0
14820 964.0 413.0
14831 959.0 419.0
14843 950.0 430.0
14855 939.0 445.0
14867 927.0 460.0
14879 912.0 475.0
14890 895.0 489.0
14902 878.0 500.0
14914 860.0 511.0
14926 839.0 519.0
14938 818.0 524.0
14950 794.0 527.0
14961 770.0 527.0
14973 744.0 524.0
14985 717.0 519.0
14997 689.0 512.0
15008 661.0 501.0
15020 633.0 489.0
15032 605.0 475.0
15043 578.0 459.0
15056 552.0 442.0
15067 527.0 424.0
15079 502.0 404.0
15091 479.0 383.0
15102 460.0 360.0
15114 442.0 337.0
15126 427.0 315.0
15138 416.0 292.0
15149 408.0 271.0
15161 403.0 252.0
15173 400.0 234.0
15185 402.0 216.0
15196 405.0 200.0
15208 413.0 183.0
15220 423.0 166.0
15231 439.0 150.0
15243 459.0 136.0
15256 483.0 125.0
15267 509.0 116.0
15278 539.0 112.0
15290 570.0 111.0
15302 603.0 115.0
15313 638.0 120.0
15326 672.0 129.0
15337 706.0 140.0
15349 739.0 154.0
15360 771.0 171.0
15372 801.0 189.0
15384 830.0 209.0
15396 857.0 232.0
15407 882.0 256.0
15420 902.0 280.0
15431 920.0 306.0
15443 933.0 331.0
15454 944.0 356.0
15466 950.0 380.0
15478 954.0 401.0
15490 954.0 421.0
15501 953.0 439.0
15513 951.0 456.0
15526 949.0 469.0
15537 947.0 479.0
15549 945.0 483.0
15560 945.0 486.0
15572 946.0 486.0
15584 946.0 486.0
15596 947.0 484.0
15608 950.0 478.0
15619 956.0 467.0
15631 967.0 450.0
15643 980.0 429.0
15655 994.0 408.0
15667 1010.0 386.0
15678 1026.0 363.0
15690 1043.0 340.0
15702 1062.0 317.0
15713 1082.0 294.0
15726 1103.0 271.0
15737 1125.0 248.0
15749 1149.0 228.0
15760 1173.0 210.0
15772 1198.0 195.0
15784 1223.0 183.0
15795 1247.0 172.0
15807 1269.0 165.0
15819 1291.0 161.0
15831 1311.0 158.0
15842 1331.0 159.0
15854 1350.0 161.0
15866 1368.0 165.0
15878 1384.0 171.0
15889 1398.0 180.0
15901 1409.0 190.0
15913 1419.0 202.0
15925 1425.0 214.0
15937 1429.0 227.0
15948 1433.0 242.0
15960 1433.0 256.0
15972 1433.0 271.0
15983 1430.0 286.0
15995 1426.0 303.0
16007 1418.0 321.0
16019 1406.0 341.0
16030 1388.0 362.0
16042 1367.0 382.0
16054 1344.0 400.0
16066 1320.0 416.0
16078 1293.0 428.0
16090 1264.0 439.0
16101 1233.0 448.0
16113 1203.0 455.0
16125 1172.0 460.0
16137 1143.0 465.0
16148 1115.0 469.0
16160 1089.0 472.0
16172 1064.0 475.0
16184 1040.0 477.0
16195 1019.0 479.0
16207 1002.0 481.0
16219 987.0 481.0
16231 977.0 481.0
16242 971.0 480.0
16255 967.0 480.0
16266 966.0 479.0
16301 969.0 480.0
16313 976.0 482.0
16325 988.0 486.0
16337 1006.0 494.0
16349 1025.0 505.0
16360 1040.0 515.0
16372 1054.0 528.0
16384 1067.0 543.0
16396 1078.0 560.0
16408 1089.0 578.0
16419 1100.0 599.0
16431 1109.0 621.0
16443 1117.0 645.0
16455 1124.0 670.0
16466 1130.0 697.0
16478 1136.0 727.0
16490 1141.0 757.0
16502 1145.0 787.0
16514 1146.0 818.0
16526 1145.0 848.0
16538 1142.0 876.0
16549 1137.0 904.0
16561 1128.0 929.0
16573 1118.0 954.0
16585 1108.0 975.0
16597 1097.0 992.0
16609 1084.0 1008.0
16621 1071.0 1021.0
16632 1056.0 1031.0
16644 1040.0 1036.0
16657 1023.0 1040.0
16668 1006.0 1039.0
16680 985.0 1036.0
16692 964.0 1029.0
16704 944.0 1018.0
16716 925.0 1002.0
16728 907.0 984.0
16740 891.0 961.0
16752 877.0 937.0
16763 864.0 910.0
16775 853.0 880.0
16787 845.0 849.0
16799 838.0 817.0
16811 835.0 782.0
16823 833.0 747.0
16834 835.0 712.0
16846 839.0 678.0
16858 847.0 644.0
16870 857.0 612.0
16881 868.0 582.0
16893 883.0 555.0
16905 897.0 530.0
16917 911.0 507.0
16928 925.0 490.0
16940 937.0 475.0
16952 947.0 465.0
16964 954.0 457.0
16976 959.0 453.0
16987 963.0 450.0
16999 964.0 451.0
17011 963.0 452.0
17023 962.0 453.0
17034 961.0 456.0
17046 958.0 460.0
17058 953.0 467.0
17070 945.0 476.0
17081 935.0 484.0
17093 921.0 493.0
17105 905.0 503.0
17117 888.0 511.0
17129 870.0 517.0
17141 850.0 521.0
17152 830.0 522.0
17164 809.0 521.0
17176 788.0 518.0
17187 765.0 512.0
17199 742.0 504.0
17211 719.0 494.0
17223 695.0 482.0
17235 671.0 467.0
17246 646.0 451.0
17259 622.0 434.0
17270 597.0 415.0
17282 572.0 396.0
17294 549.0 377.0
17305 528.0 357.0
17317 509.0 336.0
17329 493.0 316.0
17341 480.0 297.0
17352 470.0 279.0
17364 464.0 260.0
17376 460.0 242.0
17387 459.0 224.0
17399 461.0 207.0
17411 466.0 190.0
17423 475.0 174.0
17435 487.0 161.0
17446 503.0 149.0
17458 520.0 139.0
17469 542.0 132.0
17481 566.0 128.0
17493 591.0 126.0
17505 620.0 128.0
17516 650.0 131.0
17528 680.0 139.0
17540 711.0 149.0
17552 741.0 162.0
17563 771.0 177.0
17576 800.0 194.0
17587 829.0 213.0
17599 857.0 236.0
17610 882.0 260.0
17622 905.0 287.0
17634 924.0 313.0
17646 939.0 339.0
17657 949.0 364.0
17670 957.0 387.0
17681 962.0 408.0
17693 965.0 427.0
17704 965.0 445.0
17716 964.0 460.0
17728 962.0 471.0
17740 960.0 479.0
17752 959.0 484.0
17764 958.0 487.0
17799 958.0 487.0
17811 958.0 485.0
17823 959.0 479.0
17834 962.0 467.0
17846 969.0 449.0
17858 980.0 428.0
17870 990.0 408.0
17882 1002.0 387.0
17893 1015.0 366.0
17905 1029.0 346.0
17917 1044.0 326.0
17928 1061.0 306.0
17940 1078.0 285.0
17952 1099.0 264.0
17964 1121.0 244.0
17975 1144.0 224.0
17987 1168.0 206.0
17999 1191.0 191.0
18010 1215.0 179.0
18022 1239.0 168.0
18034 1263.0 159.0
18046 1288.0 154.0
18057 1312.0 150.0
18070 1334.0 149.0
18081 1356.0 150.0
18092 1378.0 154.0
18104 1398.0 160.0
18116 1416.0 170.0
18128 1433.0 180.0
18139 1446.0 195.0
18151 1457.0 210.0
18163 1467.0 227.0
18175 1472.0 244.0
18186 1475.0 263.0
18198 1474.0 283.0
18210 1471.0 305.0
18222 1462.0 327.0
18233 1449.0 349.0
18245 1431.0 371.0
18257 1409.0 391.0
18269 1384.0 409.0
18280 1356.0 423.0
18292 1326.0 436.0
18304 1294.0 448.0
18316 1257.0 459.0
18328 1219.0 468.0
18339 1178.0 476.0
18351 1137.0 484.0
18363 1097.0 491.0
18375 1058.0 499.0
18386 1020.0 505.0
18398 987.0 510.0
18410 958.0 513.0
18422 934.0 512.0
18434 916.0 510.0
18445 903.0 508.0
18457 896.0 505.0
18469 893.0 503.0
18481 894.0 502.0
18504 897.0 502.0
18516 906.0 503.0
18528 923.0 506.0
18539 946.0 511.0
18551 971.0 520.0
18563 991.0 529.0
18575 1010.0 541.0
18587 1028.0 556.0
18598 1045.0 573.0
18610 1062.0 591.0
18622 1076.0 613.0
18634 1089.0 637.0
18646 1101.0 661.0
18657 1110.0 687.0
18669 1117.0 714.0
18681 1120.0 743.0
18693 1122.0 772.0
18704 1122.0 801.0
18717 1119.0 831.0
18728 1116.0 859.0
18740 1109.0 887.0
18752 1100.0 912.0
18764 1089.0 936.0
18776 1075.0 958.0
18787 1058.0 977.0
18799 1041.0 995.0
18811 1023.0 1009.0
18823 1003.0 1021.0
18835 981.0 1032.0
18847 957.0 1038.0
18859 931.0 1041.0
18871 904.0 1037.0
18883 879.0 1029.0
18894 856.0 1017.0
18906 837.0 999.0
18918 820.0 979.0
18930 807.0 957.0
18942 796.0 933.0
18954 789.0 906.0
18966 785.0 877.0
18978 785.0 846.0
18989 789.0 811.0
19001 797.0 776.0
19013 806.0 741.0
19025 816.0 706.0
19037 828.0 673.0
19048 841.0 639.0
19060 855.0 607.0
19072 869.0 576.0
19084 883.0 548.0
19095 899.0 522.0
19107 914.0 499.0
19119 929.0 480.0
19131 942.0 463.0
19142 954.0 451.0
19154 965.0 441.0
19166 973.0 435.0
19178 978.0 431.0
19189 981.0 430.0
19201 982.0 431.0
19213 981.0 432.0
19225 980.0 434.0
19237 978.0 438.0
19248 975.0 446.0
19260 970.0 457.0
19272 961.0 470.0
19284 951.0 483.0
19295 941.0 496.0
19307 927.0 509.0
19319 912.0 520.0
19331 896.0 529.0
19342 879.0 536.0
19354 860.0 540.0
19366 840.0 542.0
19378 819.0 542.0
19390 797.0 538.0
19402 774.0 533.0
19413 750.0 524.0
19425 726.0 514.0
19437 701.0 501.0
19449 674.0 486.0
19460 645.0 469.0
19473 616.0 451.0
19484 586.0 430.0
19496 557.0 407.0
19507 531.0 383.0
19519 506.0 359.0
19531 485.0 334.0
19543 468.0 309.0
19555 453.0 286.0
19566 442.0 265.0
19578 434.0 244.0
19590 429.0 223.0
19601 426.0 199.0
19613 429.0 173.0
19625 434.0 148.0
19636 444.0 130.0
19648 454.0 117.0
19660 466.0 109.0
19672 481.0 105.0
19684 500.0 102.0
19695 525.0 102.0
19707 555.0 104.0
19719 586.0 110.0
19730 619.0 119.0
19742 653.0 131.0
19754 686.0 146.0
19765 718.0 162.0
19777 749.0 178.0
19789 778.0 195.0
19801 806.0 215.0
19813 831.0 236.0
19824 855.0 258.0
19836 876.0 280.0
19848 893.0 303.0
19860 908.0 326.0
19872 919.0 349.0
19884 930.0 371.0
19895 937.0 391.0
19907 942.0 410.0
19919 946.0 428.0
19930 950.0 442.0
19942 953.0 455.0
19954 954.0 466.0
19966 956.0 473.0
19977 957.0 476.0
19989 958.0 478.0
20001 959.0 476.0
20013 960.0 473.0
20025 963.0 466.0
20036 966.0 456.0
20048 973.0 443.0
20060 982.0 425.0
20072 992.0 406.0
20084 1005.0 383.0
20095 1021.0 359.0
20107 1038.0 334.0
20119 1058.0 307.0
20130 1077.0 282.0
20142 1098.0 259.0
20154 1119.0 238.0
20165 1142.0 219.0
20177 1165.0 202.0
20189 1190.0 187.0
20201 1216.0 175.0
20212 1244.0 164.0
20224 1272.0 157.0
20236 1300.0 151.0
20248 1328.0 147.0
20259 1355.0 146.0
20271 1380.0 148.0
20283 1403.0 152.0
20294 1423.0 159.0
20306 1441.0 168.0
20318 1455.0 178.0
20330 1465.0 189.0
20341 1474.0 203.0
20353 1480.0 218.0
20365 1483.0 235.0
20377 1482.0 253.0
20389 1476.0 274.0
20400 1466.0 296.0
20412 1451.0 319.0
20424 1433.0 341.0
20435 1411.0 363.0
20447 1387.0 382.0
20459 1360.0 400.0
20471 1331.0 415.0
20483 1299.0 429.0
20494 1263.0 442.0
20506 1225.0 454.0
20518 1184.0 465.0
20530 1145.0 475.0
20542 1106.0 482.0
20553 1072.0 489.0
20565 1040.0 493.0
20577 1011.0 495.0
20589 987.0 495.0
20601 968.0 493.0
20612 953.0 490.0
20624 943.0 487.0
20636 936.0 483.0
20648 932.0 480.0
20659 932.0 478.0
20671 934.0 477.0
20683 937.0 476.0
20694 942.0 477.0
20706 951.0 479.0
20718 961.0 482.0
20730 976.0 490.0
20742 991.0 500.0
20753 1007.0 512.0
20765 1023.0 527.0
20777 1039.0 544.0
20789 1055.0 561.0
20801 1069.0 581.0
20813 1082.0 603.0
20824 1095.0 627.0
20836 1106.0 651.0
20848 1116.0 676.0
20860 1124.0 703.0
20872 1131.0 732.0
20884 1136.0 761.0
20895 1139.0 790.0
20907 1139.0 820.0
20919 1135.0 847.0
20931 1129.0 873.0
20943 1121.0 898.0
20955 1112.0 920.0
20967 1102.0 940.0
20979 1088.0 960.0
20990 1071.0 978.0
21002 1053.0 994.0
21014 1033.0 1008.0
21026 1012.0 1019.0
21038 990.0 1029.0
21050 968.0 1035.0
21062 945.0 1037.0
21073 923.0 1033.0
21085 903.0 1024.0
21098 885.0 1013.0
21109 870.0 997.0
21121 859.0 980.0
21133 849.0 960.0
21145 843.0 937.0
21157 839.0 912.0
21169 837.0 883.0
21181 836.0 851.0
21192 838.0 817.0
21204 840.0 781.0
21216 843.0 745.0
21227 848.0 711.0
21239 853.0 677.0
21251 859.0 643.0
21263 869.0 611.0
21275 881.0 579.0
21287 895.0 547.0
21298 910.0 517.0
21310 926.0 489.0
21322 942.0 465.0
21334 957.0 444.0
21345 971.0 428.0
21357 983.0 417.0
21369 993.0 409.0
21381 999.0 406.0
21392 1003.0 404.0
21404 1006.0 404.0
21416 1006.0 405.0
21428 1006.0 406.0
21439 1006.0 407.0
21451 1006.0 410.0
21463 1005.0 414.0
21475 1003.0 421.0
21487 1000.0 429.0
21498 996.0 439.0
21510 992.0 450.0
21522 986.0 463.0
21534 978.0 475.0
21545 969.0 486.0
21557 959.0 497.0
21569 949.0 507.0
21581 937.0 513.0
21593 924.0 518.0
21604 910.0 521.0
21616 894.0 522.0
21628 876.0 521.0
21640 855.0 520.0
21651 832.0 517.0
21663 808.0 512.0
21675 783.0 505.0
21687 757.0 495.0
21699 730.0 484.0
21710 702.0 471.0
21722 675.0 457.0
21734 647.0 442.0
21745 620.0 426.0
21757 593.0 410.0
21769 565.0 393.0
21781 538.0 376.0
21793 511.0 358.0
21804 486.0 340.0
21816 463.0 322.0
21828 445.0 304.0
21839 430.0 288.0
21851 420.0 271.0
21863 413.0 255.0
21875 410.0 240.0
21886 411.0 225.0
21898 415.0 210.0
21910 425.0 195.0
21921 441.0 180.0
21933 462.0 165.0
21945 490.0 152.0
21956 521.0 142.0
21968 555.0 136.0
21980 589.0 134.0
21992 624.0 137.0
22003 659.0 143.0
22015 693.0 154.0
22027 726.0 166.0
22039 758.0 182.0
22050 788.0 199.0
22062 815.0 221.0
22074 840.0 245.0
22085 862.0 269.0
22098 880.0 295.0
22109 895.0 320.0
22121 906.0 344.0
22133 915.0 365.0
22144 921.0 386.0
22156 926.0 405.0
22168 930.0 423.0
22180 932.0 439.0
22192 934.0 452.0
22203 934.0 463.0
22215 935.0 471.0
22227 935.0 474.0
22238 935.0 476.0
22274 935.0 475.0
22285 935.0 470.0
22297 936.0 461.0
22309 939.0 446.0
22321 943.0 427.0
22333 950.0 409.0
22344 961.0 388.0
22356 972.0 366.0
22368 986.0 344.0
22379 1001.0 322.0
22391 1018.0 300.0
22403 1035.0 279.0
22415 1055.0 259.0
22426 1077.0 239.0
22438 1101.0 220.0
22450 1125.0 202.0
22461 1151.0 187.0
22473 1176.0 174.0
22485 1201.0 162.0
22497 1227.0 152.0
22508 1252.0 146.0
22520 1278.0 142.0
22532 1303.0 139.0
22543 1327.0 139.0
22555 1349.0 142.0
22567 1368.0 147.0
22579 1386.0 154.0
22591 1403.0 163.0
22602 1417.0 173.0
22614 1429.0 183.0
22625 1440.0 196.0
22637 1448.0 209.0
22649 1454.0 223.0
22661 1458.0 237.0
22673 1459.0 253.0
22684 1458.0 269.0
22696 1454.0 286.0
22708 1443.0 305.0
22719 1429.0 324.0
22731 1412.0 342.0
22743 1391.0 359.0
22755 1367.0 373.0
22767 1342.0 385.0
22778 1314.0 397.0
22790 1282.0 409.0
22802 1248.0 420.0
22814 1212.0 431.0
22825 1175.0 441.0
22837 1140.0 448.0
22849 1106.0 454.0
22861 1075.0 458.0
22873 1047.0 462.0
22884 1023.0 463.0
22896 1003.0 464.0
22908 986.0 464.0
22920 974.0 463.0
22931 965.0 462.0
22943 961.0 461.0
22955 959.0 460.0
22967 960.0 459.0
22979 960.0 460.0
22990 962.0 461.0
23002 970.0 463.0
23014 982.0 468.0
23026 1000.0 476.0
23037 1019.0 486.0
23049 1035.0 497.0
23061 1050.0 511.0
23073 1066.0 527.0
23085 1081.0 544.0
23097 1095.0 564.0
23108 1108.0 586.0
23120 1119.0 610.0
23132 1129.0 634.0
23144 1137.0 660.0
23155 1144.0 689.0
23168 1148.0 719.0
23179 1151.0 750.0
23191 1151.0 781.0
23203 1150.0 811.0
23215 1147.0 840.0
23226 1144.0 867.0
23238 1137.0 893.0
23250 1129.0 918.0
23262 1120.0 942.0
23274 1110.0 964.0
23286 1096.0 985.0
23298 1081.0 1005.0
23310 1064.0 1023.0
23322 1046.0 1036.0
23333 1026.0 1047.0
23345 1005.0 1055.0
23357 984.0 1057.0
23369 964.0 1054.0
23381 946.0 1046.0
23393 928.0 1033.0
23404 912.0 1015.0
23416 899.0 994.0
23428 888.0 970.0
23440 877.0 944.0
23452 867.0 915.0
23464 860.0 884.0
23475 854.0 851.0
23487 850.0 816.0
23499 849.0 779.0
23511 852.0 742.0
23523 856.0 704.0
23534 864.0 666.0
23546 876.0 630.0
23558 890.0 595.0
23570 906.0 563.0
23582 922.0 533.0
23594 937.0 509.0
23605 951.0 489.0
23617 962.0 474.0
23629 972.0 464.0
23640 978.0 459.0
23652 981.0 456.0
23664 982.0 456.0
23676 981.0 457.0
23688 980.0 458.0
23699 978.0 461.0
23711 974.0 466.0
23723 968.0 471.0
23735 960.0 477.0
23746 952.0 483.0
23758 942.0 489.0
23770 931.0 495.0
23782 917.0 500.0
23794 899.0 504.0
23805 880.0 505.0
23817 859.0 505.0
23829 835.0 503.0
23841 811.0 499.0
23853 787.0 492.0
23864 761.0 482.0
23876 735.0 471.0
23888 709.0 457.0
23899 682.0 441.0
23911 656.0 425.0
23923 629.0 409.0
23935 603.0 392.0
23946 577.0 375.0
23958 552.0 358.0
23970 530.0 339.0
23982 510.0 320.0
23993 492.0 301.0
24005 476.0 283.0
24017 465.0 266.0
24029 458.0 249.0
24040 454.0 234.0
24052 451.0 219.0
24064 450.0 205.0
24076 452.0 190.0
24087 455.0 176.0
24099 461.0 162.0
24111 471.0 149.0
24122 482.0 138.0
24134 496.0 128.0
24146 510.0 121.0
24158 526.0 116.0
24169 543.0 113.0
24181 565.0 113.0
24193 589.0 115.0
24204 615.0 118.0
24216 644.0 125.0
24228 674.0 134.0
24239 704.0 145.0
24251 734.0 158.0
24263 764.0 173.0
24275 794.0 190.0
24287 823.0 208.0
24299 850.0 229.0
24310 875.0 252.0
24322 897.0 276.0
24333 915.0 300.0
24345 931.0 325.0
24357 943.0 349.0
24369 954.0 372.0
24380 964.0 394.0
24392 972.0 415.0
24404 977.0 433.0
24416 981.0 451.0
24427 983.0 465.0
24439 983.0 475.0
24451 984.0 483.0
24463 984.0 488.0
24475 985.0 491.0
24486 986.0 491.0
24498 986.0 491.0
24510 987.0 489.0
24522 990.0 483.0
24533 996.0 471.0
24545 1006.0 453.0
24557 1019.0 432.0
24569 1032.0 413.0
24580 1046.0 394.0
24592 1061.0 373.0
24604 1078.0 353.0
24616 1095.0 333.0
24627 1113.0 313.0
24639 1134.0 293.0
24651 1154.0 274.0
24663 1175.0 255.0
24675 1197.0 238.0
24686 1219.0 223.0
24698 1241.0 211.0
24710 1262.0 200.0
24721 1283.0 191.0
24733 1304.0 184.0
24745 1324.0 179.0
24757 1344.0 175.0
24768 1366.0 174.0
24780 1387.0 175.0
24792 1407.0 178.0
24804 1426.0 183.0
24815 1444.0 192.0
24827 1460.0 202.0
24839 1474.0 214.0
24850 1487.0 228.0
24862 1497.0 242.0
24874 1503.0 257.0
24885 1505.0 273.0
24897 1503.0 289.0
24909 1498.0 305.0
24921 1488.0 321.0
24933 1475.0 338.0
24944 1456.0 355.0
24956 1432.0 373.0
24968 1405.0 391.0
24979 1373.0 407.0
24991 1341.0 421.0
25003 1306.0 431.0
25015 1269.0 441.0
25027 1233.0 448.0
25039 1198.0 454.0
25050 1163.0 459.0
25062 1129.0 463.0
25074 1097.0 467.0
25085 1069.0 469.0
25097 1043.0 470.0
25109 1021.0 470.0
25121 1003.0 470.0
25132 988.0 469.0
25144 978.0 468.0
25156 970.0 466.0
25168 967.0 464.0
25180 965.0 462.0
25192 966.0 462.0
25227 973.0 464.0
25239 984.0 467.0
25250 999.0 474.0
25262 1016.0 483.0
25274 1029.0 494.0
25286 1042.0 507.0
25298 1055.0 523.0
25309 1067.0 540.0
25321 1079.0 558.0
25333 1091.0 579.0
25345 1102.0 601.0
25357 1111.0 625.0
25368 1119.0 649.0
25380 1127.0 673.0
25392 1135.0 699.0
25404 1142.0 727.0
25416 1148.0 756.0
25428 1152.0 786.0
25439 1153.0 816.0
25451 1153.0 844.0
25463 1150.0 871.0
25475 1146.0 896.0
25487 1139.0 918.0
25499 1130.0 937.0
25511 1120.0 955.0
25522 1110.0 970.0
25534 1097.0 982.0
25546 1082.0 993.0
25558 1065.0 1003.0
25570 1045.0 1011.0
25582 1022.0 1017.0
25594 998.0 1021.0
25606 974.0 1021.0
25617 951.0 1017.0
25629 930.0 1010.0
25641 912.0 999.0
25653 896.0 983.0
25665 882.0 965.0
25677 871.0 943.0
25689 860.0 919.0
25701 852.0 894.0
25712 847.0 866.0
25724 843.0 836.0
25736 843.0 804.0
25748 846.0 770.0
25760 851.0 735.0
25771 860.0 701.0
25783 871.0 668.0
25795 883.0 636.0
25807 896.0 604.0
25819 911.0 575.0
25831 926.0 548.0
25842 941.0 523.0
25854 955.0 501.0
25866 968.0 484.0
25877 979.0 470.0
25889 987.0 461.0
25901 991.0 456.0
25913 994.0 453.0
25925 994.0 453.0
25948 993.0 454.0
25960 991.0 455.0
25972 988.0 458.0
25983 984.0 462.0
25995 979.0 467.0
26007 971.0 474.0
26019 961.0 481.0
26030 949.0 490.0
26042 933.0 498.0
26054 916.0 505.0
26066 896.0 510.0
26078 875.0 514.0
26089 854.0 518.0
26101 832.0 518.0
26113 808.0 517.0
26125 784.0 515.0
26136 758.0 511.0
26148 731.0 503.0
26160 705.0 493.0
26172 679.0 483.0
26183 653.0 469.0
26195 628.0 454.0
26207 604.0 437.0
26219 581.0 420.0
26231 560.0 402.0
26242 540.0 383.0
26254 521.0 363.0
26266 504.0 343.0
26277 489.0 323.0
26289 476.0 304.0
26301 466.0 285.0
26313 461.0 265.0
26324 458.0 244.0
26336 459.0 224.0
26348 463.0 204.0
26360 473.0 186.0
26371 485.0 168.0
26383 501.0 155.0
26395 520.0 143.0
26407 544.0 133.0
26418 571.0 127.0
26430 602.0 125.0
26442 634.0 127.0
26453 668.0 132.0
26465 702.0 141.0
26477 734.0 153.0
26488 766.0 168.0
26501 796.0 185.0
26512 825.0 205.0
26524 852.0 228.0
26535 877.0 255.0
26547 902.0 285.0
26559 924.0 316.0
26571 942.0 347.0
26582 959.0 378.0
26594 972.0 406.0
26606 982.0 430.0
26618 987.0 452.0
26630 991.0 469.0
26641 993.0 484.0
26653 993.0 496.0
26665 993.0 507.0
26677 993.0 514.0
26688 992.0 517.0
26701 991.0 519.0
26735 991.0 517.0
26747 992.0 510.0
26759 994.0 498.0
26771 997.0 480.0
26783 1004.0 457.0
26794 1012.0 434.0
26806 1020.0 411.0
26818 1028.0 387.0
26830 1038.0 364.0
26841 1048.0 340.0
26853 1061.0 316.0
26865 1076.0 292.0
26877 1093.0 267.0
26888 1112.0 242.0
26900 1133.0 219.0
26912 1155.0 199.0
26924 1177.0 181.0
26935 1199.0 166.0
26947 1223.0 154.0
26959 1246.0 143.0
26970 1269.0 136.0
26982 1292.0 131.0
26994 1315.0 128.0
27006 1337.0 128.0
27017 1359.0 132.0
27029 1380.0 136.0
27041 1400.0 145.0
27052 1419.0 155.0
27064 1437.0 166.0
27076 1452.0 178.0
27088 1462.0 192.0
27100 1471.0 208.0
27111 1476.0 225.0
27123 1480.0 242.0
27135 1480.0 261.0
27146 1476.0 280.0
27158 1468.0 300.0
27170 1457.0 320.0
27182 1441.0 338.0
27193 1423.0 356.0
27205 1400.0 370.0
27217 1376.0 383.0
27229 1348.0 395.0
27241 1318.0 406.0
27252 1287.0 418.0
27264 1250.0 429.0
27276 1212.0 442.0
27288 1171.0 454.0
27300 1131.0 466.0
27311 1092.0 475.0
27323 1057.0 482.0
27335 1025.0 487.0
27347 999.0 490.0
27358 975.0 492.0
27370 958.0 491.0
27382 944.0 491.0
27394 936.0 490.0
27406 933.0 488.0
27418 933.0 487.0
27441 934.0 487.0
27453 939.0 488.0
27465 948.0 490.0
27476 962.0 494.0
27488 981.0 501.0
27500 997.0 511.0
27512 1014.0 521.0
27524 1031.0 534.0
27535 1047.0 550.0
27548 1062.0 567.0
27559 1076.0 585.0
27571 1090.0 607.0
27583 1102.0 630.0
27595 1113.0 654.0
27607 1122.0 681.0
27618 1130.0 710.0
27630 1137.0 740.0
27642 1141.0 772.0
27654 1142.0 806.0
27666 1138.0 840.0
27677 1132.0 873.0
27689 1122.0 905.0
27701 1111.0 933.0
27713 1099.0 958.0
27725 1085.0 982.0
27737 1070.0 1001.0
27749 1055.0 1018.0
27760 1038.0 1032.0
27773 1021.0 1042.0
27784 1003.0 1051.0
27796 983.0 1054.0
27808 963.0 1051.0
27820 944.0 1043.0
27832 926.0 1030.0
27844 909.0 1012.0
27856 894.0 993.0
27868 879.0 969.0
27879 866.0 945.0
27891 855.0 917.0
27903 845.0 888.0
27915 838.0 857.0
27927 833.0 823.0
27939 829.0 789.0
27950 829.0 754.0
27962 833.0 719.0
27974 841.0 684.0
27986 851.0 650.0
27998 864.0 617.0
28010 881.0 586.0
28021 898.0 557.0
28033 916.0 531.0
28045 935.0 507.0
28056 953.0 488.0
28068 968.0 473.0
28080 981.0 462.0
28092 991.0 454.0
28103 996.0 450.0
28115 999.0 447.0
28127 1000.0 447.0
28139 999.0 448.0
28151 998.0 449.0
28162 995.0 451.0
28174 991.0 454.0
28186 986.0 459.0
28198 979.0 463.0
28209 972.0 468.0
28221 962.0 474.0
28233 951.0 480.0
28244 935.0 486.0
28256 918.0 492.0
28268 896.0 497.0
28280 873.0 501.0
28292 849.0 504.0
28303 823.0 504.0
28315 795.0 502.0
28327 766.0 498.0
28339 736.0 492.0
28351 705.0 483.0
28362 674.0 473.0
28374 643.0 460.0
28386 613.0 445.0
28398 585.0 428.0
28410 559.0 411.0
28422 534.0 391.0
28433 512.0 371.0
28445 493.0 350.0
28457 475.0 329.0
28469 462.0 309.0
28480 451.0 289.0
28492 443.0 270.0
28504 439.0 251.0
28515 437.0 233.0
28527 440.0 216.0
28539 446.0 201.0
28551 455.0 187.0
28562 468.0 175.0
28574 486.0 164.0
28586 507.0 155.0
28598 531.0 149.0
28609 559.0 146.0
28621 590.0 146.0
28633 622.0 148.0
28644 656.0 152.0
28656 691.0 158.0
28668 725.0 167.0
28679 757.0 177.0
28691 788.0 190.0
28703 817.0 206.0
28715 845.0 225.0
28727 872.0 249.0
28738 897.0 274.0
28750 919.0 302.0
28762 937.0 329.0
28773 952.0 355.0
28785 962.0 379.0
28797 969.0 401.0
28809 973.0 420.0
28821 976.0 438.0
28832 975.0 455.0
28844 973.0 469.0
28856 970.0 480.0
28868 966.0 490.0
28879 963.0 496.0
28891 960.0 500.0
28903 958.0 500.0
28915 958.0 497.0
28927 958.0 493.0
28938 959.0 485.0
28950 962.0 475.0
28962 967.0 460.0
28974 977.0 442.0
28985 988.0 421.0
28997 1002.0 398.0
29009 1019.0 375.0
29021 1036.0 353.0
29032 1054.0 332.0
29044 1074.0 312.0
29056 1096.0 292.0
29068 1120.0 272.0
29079 1145.0 252.0
29091 1174.0 231.0
29103 1205.0 211.0
29114 1237.0 191.0
29126 1270.0 173.0
29138 1302.0 160.0
29150 1334.0 151.0
29162 1363.0 146.0
29173 1389.0 144.0
29185 1415.0 146.0
29197 1441.0 151.0
29208 1466.0 159.0
29221 1490.0 170.0
29232 1510.0 184.0
29243 1528.0 200.0
29255 1541.0 217.0
29267 1550.0 234.0
29279 1556.0 252.0
29290 1559.0 270.0
29302 1557.0 288.0
29314 1552.0 307.0
29326 1541.0 327.0
29338 1523.0 345.0
29349 1502.0 363.0
29361 1476.0 381.0
29373 1444.0 397.0
29385 1410.0 413.0
29396 1371.0 426.0
29408 1330.0 439.0
29420 1286.0 450.0
29432 1241.0 461.0
29443 1198.0 468.0
29456 1158.0 473.0
29467 1120.0 477.0
29479 1087.0 479.0
29491 1057.0 479.0
29502 1033.0 478.0
29514 1013.0 477.0
29526 996.0 475.0
29538 985.0 474.0
29550 976.0 471.0
29561 971.0 469.0
29573 967.0 466.0
29585 967.0 464.0
29597 968.0 463.0
29609 968.0 463.0
29620 970.0 463.0
29632 976.0 464.0
29644 987.0 466.0
29656 1000.0 472.0
29667 1017.0 482.0
29679 1031.0 493.0
29691 1045.0 509.0
29703 1059.0 526.0
29714 1073.0 543.0
29726 1087.0 562.0
29738 1101.0 583.0
29750 1113.0 605.0
29762 1124.0 629.0
29773 1135.0 655.0
29785 1145.0 683.0
29797 1152.0 712.0
29809 1157.0 743.0
29821 1161.0 774.0
29832 1163.0 807.0
29844 1162.0 839.0
29856 1159.0 870.0
29868 1155.0 899.0
29880 1146.0 925.0
29892 1134.0 950.0
29904 1120.0 972.0
29915 1104.0 993.0
29928 1088.0 1013.0
29939 1071.0 1031.0
29951 1052.0 1049.0
29963 1031.0 1063.0
29975 1007.0 1075.0
29987 983.0 1084.0
