1759.96 601.99994
1759.8401 603.99976
1759.64 605.9991
1759.3601 607.99786
1759.0002 609.99585
1758.5604 611.9928
1758.0408 613.9886
1757.4414 615.9829
1756.7622 617.9757
1756.0034 619.9667
1755.1648 621.9557
1754.2468 623.94244
1753.2495 625.9268
1752.1729 627.9086
1751.0168 629.88763
1749.7817 631.86365
1748.4678 633.8365
1747.075 635.8059
1745.6034 637.7718
1744.0532 639.7339
1742.4248 641.692
1740.718 643.64594
1738.9331 645.5955
1737.0703 647.5405
1735.1299 649.4808
1733.1119 651.41614
1731.0167 653.3463
1728.8444 655.2711
1726.5952 657.1904
1724.2693 659.10406
1721.867 661.0117
1719.3884 662.9133
1716.8339 664.8086
1714.2037 666.6974
1711.4982 668.5795
1708.7175 670.45483
1705.8619 672.32306
1702.9318 674.1841
1699.9272 676.03766
1696.8489 677.88367
1693.6968 679.72186
1690.4712 681.55206
1687.1726 683.37415
1683.8014 685.18787
1680.3577 686.9931
1676.842 688.7896
1673.2546 690.5772
1669.596 692.3558
1665.8665 694.1251
1662.0662 695.8851
1658.1957 697.63544
1654.2554 699.376
1650.2457 701.1066
1646.167 702.82715
1642.0198 704.5374
1637.8042 706.2372
1633.5209 707.9264
1629.1702 709.60474
1624.7527 711.27216
1620.2686 712.92847
1615.7185 714.5734
1611.1029 716.207
1606.4221 717.8289
1601.6768 719.439
1596.8672 721.03723
1591.9939 722.6233
1587.0575 724.19714
1582.0583 725.75854
1576.9971 727.3074
1571.874 728.8435
1566.6897 730.3667
1561.4448 731.8769
1556.1396 733.3739
1550.7751 734.85754
1545.3513 736.3277
1539.869 737.78424
1534.3287 739.227
1528.7311 740.6558
1523.0764 742.07056
1517.3657 743.4712
1511.599 744.85736
1505.7772 746.2291
1499.9009 747.5862
1493.9705 748.9286
1487.9868 750.256
1481.9503 751.5685
1475.8616 752.8657
1469.7212 754.1477
1463.53 755.4143
1457.2883 756.6653
1450.997 757.9007
1444.6565 759.12024
1438.2676 760.3239
1431.8308 761.51154
1425.3469 762.68304
1418.8164 763.83826
1412.24 764.97705
1405.6184 766.0994
1398.9523 767.20514
1392.2423 768.2941
1385.489 769.36633
1378.6931 770.4215
1371.8555 771.4597
1364.9767 772.4808
1358.0573 773.48456
1351.0981 774.47107
1344.0999 775.44006
1337.0631 776.3915
1329.9888 777.3253
1322.8774 778.2414
1315.7297 779.13965
1308.5464 780.02
1301.3284 780.8824
1294.0762 781.7266
1286.7905 782.55273
1279.4722 783.3606
1272.122 784.1501
1264.7405 784.92114
1257.3285 785.6737
1249.8867 786.4078
1242.4161 787.12317
1234.9172 787.8198
1227.3909 788.4977
1219.8376 789.15674
1212.2585 789.7969
1204.6542 790.418
1197.0254 791.02014
1189.3728 791.60315
1181.6974 792.167
1173.9998 792.7116
1166.2808 793.23694
1158.541 793.743
1150.7815 794.2296
1143.0029 794.6969
1135.206 795.14465
1127.3916 795.5729
1119.5605 795.98157
1111.7134 796.37067
1103.8512 796.7401
1095.9745 797.0899
1088.0842 797.42
1080.1812 797.73035
1072.2661 798.0209
1064.3397 798.2916
1056.4031 798.5426
1048.4567 798.7737
1040.5015 798.98486
1032.5381 799.17615
1024.5676 799.34753
1016.59064 799.499
1008.608 799.6305
1000.6205 799.742
992.6289 799.8336
984.63403 799.90515
976.6368 799.9568
968.6378 799.98834
960.638 799.99994
952.63806 799.9915
944.6389 799.96313
936.6413 799.91473
928.64606 799.8463
920.6539 799.75793
912.66565 799.6496
904.6822 799.5213
896.7043 799.37305
888.73267 799.20483
880.7681 799.0167
872.8116 798.80865
864.8638 798.58075
856.9254 798.333
848.9974 798.0654
841.08044 797.77795
833.1754 797.4708
825.2831 797.14386
817.4042 796.79724
809.53955 796.4309
801.69 796.0449
793.85626 795.6394
786.0391 795.21423
778.2394 794.7696
770.4578 794.3054
762.6952 793.8219
754.95233 793.319
747.23 792.7967
739.5289 792.2551
731.84985 791.69434
724.1936 791.1144
716.5609 790.5153
708.95264 789.8972
701.36945 789.26013
693.81213 788.60406
686.2814 787.9292
678.7781 787.2355
671.3028 786.52313
663.85645 785.79205
656.4397 785.0424
649.05334 784.2743
641.698 783.48773
634.3745 782.6828
627.0837 781.8596
619.8259 781.01825
612.60236 780.15875
605.4135 779.28125
598.26013 778.38586
591.14294 777.4726
584.06256 776.5416
577.0198 775.59296
570.0154 774.6267
563.0499 773.64307
556.12415 772.642
549.2388 771.6237
542.39453 770.58826
535.592 769.53577
528.8319 768.46625
522.11487 767.37994
515.4417 766.27686
508.81302 765.15717
502.2294 764.021
495.69156 762.86835
489.20016 761.69946
482.7558 760.5144
476.35922 759.3133
470.01102 758.09625
463.71176 756.8634
457.46213 755.61487
451.26276 754.3507
445.11426 753.0712
439.01733 751.77637
432.9724 750.4663
426.98022 749.1413
421.04132 747.8013
415.1563 746.44653
409.3258 745.07715
403.55035 743.6932
397.83057 742.2949
392.16693 740.88245
386.56018 739.4558
381.01068 738.01526
375.51917 736.5609
370.086 735.0929
364.71185 733.6114
359.39728 732.1165
354.1427 730.6084
348.9488 729.0873
343.81598 727.5532
338.7447 726.0064
333.7356 724.447
328.78912 722.8751
323.90576 721.291
319.08606 719.6947
314.33032 718.0865
309.63928 716.46643
305.01318 714.8347
300.4527 713.1916
295.95807 711.53705
291.52985 709.8714
287.16846 708.19476
282.8744 706.5073
278.64807 704.8092
274.48987 703.10065
270.40015 701.3817
266.3794 699.6527
262.42804 697.9137
258.54645 696.16486
254.73499 694.4065
250.99408 692.6386
247.32404 690.8615
243.72528 689.0753
240.19812 687.2802
236.74298 685.4764
233.36017 683.66394
230.04999 681.8432
226.81287 680.0143
223.64899 678.17737
220.55878 676.3326
217.54248 674.4802
214.6004 672.62036
211.73297 670.7533
208.9403 668.8791
206.22272 666.99805
203.5805 665.1103
201.01398 663.216
198.52332 661.3154
196.10883 659.4087
193.77069 657.49603
191.50928 655.57764
189.32458 653.6536
187.21698 651.7243
185.1867 649.7898
183.23389 647.85034
181.35876 645.906
179.56146 643.95715
177.84222 642.0039
176.20123 640.04645
174.63861 638.08496
173.15448 636.1197
171.74908 634.1508
170.42249 632.1785
169.1748 630.203
168.00629 628.2245
166.91693 626.2431
165.90686 624.25916
164.9762 622.2727
164.12506 620.28406
163.35352 618.2934
162.66162 616.3009
162.04944 614.30676
161.51709 612.3112
161.06458 610.31445
160.69202 608.31665
160.39923 606.318
160.18652 604.31866
160.05377 602.319
160.00098 600.31903
160.02826 598.31903
160.1355 596.3193
160.32275 594.3198
160.5899 592.3209
160.93701 590.3228
161.36401 588.3257
161.87097 586.3297
162.45764 584.3351
163.12415 582.3421
163.87024 580.3508
164.69604 578.3615
165.60132 576.3743
166.586 574.3896
167.65015 572.40735
168.7934 570.4279
170.01587 568.4514
171.31726 566.478
172.69757 564.50806
174.15656 562.5416
175.69421 560.5789
177.31018 558.6201
179.00452 556.6655
180.77692 554.7152
182.6272 552.7695
184.5553 550.8284
186.56085 548.89233
188.64386 546.9613
190.8039 545.0356
193.0409 543.1154
195.35455 541.20087
197.74475 539.29224
200.21112 537.38965
202.75348 535.49335
205.37158 533.6035
208.06506 531.7203
210.83386 529.8439
213.67749 527.9745
216.59583 526.11237
219.58844 524.25757
222.65509 522.41034
225.79547 520.5709
229.00928 518.7394
232.2962 516.916
235.65588 515.10095
239.08801 513.2944
242.59222 511.49646
246.16821 509.7074
249.81555 507.92734
253.53387 506.15652
257.32288 504.39508
261.18213 502.6432
265.11127 500.90106
269.10986 499.16882
273.1776 497.44666
277.31403 495.73477
281.51868 494.0333
285.7912 492.3424
290.13116 490.6623
294.5381 488.99313
299.01154 487.33505
303.5511 485.68823
308.1563 484.05286
312.82666 482.42908
317.56183 480.81705
322.3612 479.21695
327.2243 477.6289
332.1507 476.05313
337.13983 474.48972
342.19135 472.93887
347.30457 471.40076
352.47906 469.87546
357.71436 468.3632
363.00983 466.86407
368.36505 465.3783
373.77942 463.90594
379.25238 462.44724
384.78345 461.00226
390.372 459.57123
396.01752 458.15417
401.71942 456.75134
407.47717 455.36285
413.29022 453.98877
419.1579 452.62933
425.0797 451.2846
431.05493 449.95477
437.08307 448.63995
443.1637 447.3402
449.29596 446.05573
455.4793 444.78668
461.71307 443.53314
467.9967 442.29523
474.32953 441.0731
480.71094 439.86685
487.1403 438.67664
493.61688 437.50253
500.14014 436.3447
506.70938 435.20325
513.324 434.07825
519.9832 432.96985
526.6865 431.87814
533.4331 430.80325
540.2223 429.7453
547.0535 428.70435
553.926 427.68054
560.8392 426.67395
567.79224 425.68472
574.7845 424.71292
581.81525 423.75864
588.88385 422.82196
595.9896 421.90305
603.1317 421.0019
610.3096 420.11868
617.52234 419.25348
624.76935 418.4063
632.0499 417.57727
639.3633 416.76654
646.7087 415.9741
654.08545 415.20007
661.4928 414.44452
668.92993 413.70752
676.39624 412.98914
683.89087 412.2895
691.4132 411.60858
698.9623 410.94653
706.53754 410.3034
714.1381 409.67923
721.7633 409.0741
729.4123 408.48804
737.08435 407.92114
744.7787 407.37347
752.49457 406.84503
760.2312 406.3359
767.9878 405.8462
775.7636 405.37585
783.55786 404.925
791.3697 404.49365
799.1984 404.08185
807.0433 403.68964
814.9034 403.31705
822.77795 402.96414
830.6663 402.63092
838.5676 402.31744
846.481 402.02377
854.4058 401.74988
862.3411 401.4958
870.28625 401.26157
878.2403 401.0472
886.2026 400.85278
894.1722 400.67822
902.14844 400.52362
910.1304 400.38898
918.1174 400.2743
926.1086 400.17957
934.10315 400.10483
942.1003 400.05005
950.09924 400.01532
958.0991 400.00055
966.09924 400.0058
974.09875 400.03107
982.09686 400.0763
990.0928 400.14154
998.08563 400.22678
1006.0747 400.33197
1014.0592 400.45715
1022.03827 400.60226
1030.0111 400.76733
1037.9769 400.95233
1045.935 401.15723
1053.8845 401.38202
1061.8246 401.62665
1069.7545 401.89114
1077.6733 402.1754
1085.5806 402.4795
1093.4751 402.80334
1101.3563 403.14688
1109.2235 403.51013
1117.0757 403.893
1124.9121 404.2955
1132.732 404.7176
1140.5348 405.15918
1148.3195 405.62024
1156.0853 406.10077
1163.8315 406.6007
1171.5574 407.11993
1179.262 407.65848
1186.9448 408.21625
1194.6047 408.7932
1202.2413 409.38928
1209.8538 410.00443
1217.4412 410.63855
1225.0027 411.29163
1232.5378 411.96356
1240.0458 412.65436
1247.5256 413.36383
1254.9768 414.09198
1262.3984 414.8387
1269.7898 415.60397
1277.1501 416.3877
1284.4788 417.18973
1291.775 418.01007
1299.0381 418.84863
1306.2672 419.70526
1313.4618 420.57996
1320.621 421.4726
1327.7441 422.3831
1334.8303 423.31134
1341.8793 424.25726
1348.8899 425.22073
1355.8617 426.20172
1362.7938 427.20007
1369.6858 428.2157
1376.5366 429.2485
1383.346 430.2984
1390.1129 431.36523
1396.8368 432.44897
1403.5171 433.54944
1410.153 434.66656
1416.7438 435.80023
1423.2891 436.95032
1429.7878 438.1167
1436.2397 439.29926
1442.644 440.4979
1449.0 441.7125
1455.3071 442.9429
1461.5647 444.18903
1467.7721 445.45074
1473.9287 446.7279
1480.0339 448.02042
1486.0872 449.3281
1492.0876 450.65088
1498.0352 451.98856
1503.9287 453.34106
1509.768 454.70822
1515.5521 456.0899
1521.2808 457.486
1526.9534 458.89633
1532.5691 460.32077
1538.1277 461.7592
1543.6284 463.21143
1549.0709 464.67737
1554.4543 466.1568
1559.7784 467.64966
1565.0425 469.1557
1570.246 470.67487
1575.3885 472.20697
1580.4695 473.75183
1585.4884 475.30933
1590.4448 476.8793
1595.3381 478.46158
1600.168 480.05603
1604.9338 481.66245
1609.635 483.2807
1614.2714 484.91064
1618.8423 486.55206
1623.3472 488.20486
1627.7859 489.86884
1632.1577 491.54382
1636.4624 493.22964
1640.6995 494.92615
1644.8684 496.63318
1648.9689 498.35052
1653.0005 500.07803
1656.9626 501.81555
1660.8552 503.56287
1664.6777 505.31982
1668.4297 507.08627
1672.1108 508.862
1675.7207 510.64685
1679.259 512.4406
1682.7256 514.24316
1686.1196 516.05426
1689.4413 517.8738
1692.69 519.70154
1695.8652 521.53723
1698.9669 523.38086
1701.9948 525.2321
1704.9484 527.0908
1707.8275 528.9569
1710.6318 530.83
1713.3612 532.7101
1716.0151 534.59686
1718.5935 536.4902
1721.096 538.38983
1723.5222 540.29565
1725.8723 542.20746
1728.1458 544.12506
1730.3423 546.0482
1732.4619 547.9768
1734.5042 549.9105
1736.4691 551.8493
1738.3562 553.7929
1740.1656 555.74115
1741.897 557.6938
1743.5502 559.65063
1745.125 561.6116
1746.6213 563.5763
1748.0388 565.5447
1749.3777 567.51654
1750.6376 569.4916
1751.8184 571.4697
1752.92 573.4507
1753.9424 575.4343
1754.8853 577.4205
1755.7488 579.4088
1756.5326 581.39923
1757.2368 583.3915
1757.8613 585.38544
1758.406 587.3808
1758.8708 589.3775
1759.2559 591.3752
1759.5608 593.3738
1759.7859 595.37305
1759.9309 597.37274
1759.9961 599.3727
1759.9812 601.37274
