1698.409 751.591
1696.7908 753.1931
1695.1449 754.8064
1693.4711 756.4308
1691.7688 758.0663
1690.0377 759.7128
1688.2775 761.3705
1686.4877 763.0392
1684.668 764.7189
1682.8179 766.40955
1680.937 768.11115
1679.025 769.8236
1677.0814 771.54694
1675.1058 773.28107
1673.0979 775.02594
1671.0571 776.78143
1668.9832 778.54755
1666.8756 780.32416
1664.734 782.1112
1662.558 783.90857
1660.3472 785.7162
1658.1011 787.534
1655.8193 789.3618
1653.5016 791.1996
1651.1473 793.0472
1648.7562 794.9045
1646.3278 796.77136
1643.8616 798.6477
1641.3573 800.5333
1638.8146 802.4281
1636.2329 804.33185
1633.6119 806.24445
1630.9512 808.1657
1628.2504 810.09546
1625.509 812.0335
1622.7268 813.97974
1619.9033 815.93384
1617.0381 817.8957
1614.1309 819.86505
1611.1812 821.84174
1608.1886 823.8255
1605.153 825.8161
1602.0737 827.8133
1598.9506 829.8169
1595.7832 831.8266
1592.5712 833.84216
1589.3142 835.8633
1586.012 837.8897
1582.6641 839.92114
1579.2703 841.95734
1575.8301 843.998
1572.3434 846.0427
1568.8098 848.0913
1565.229 850.14343
1561.6007 852.1987
1557.9247 854.25684
1554.2006 856.31744
1550.4282 858.3802
1546.6073 860.44476
1542.7375 862.51074
1538.8188 864.5778
1534.8508 866.64557
1530.8334 868.7136
1526.7662 870.7816
1522.6492 872.8491
1518.482 874.9157
1514.2648 876.981
1509.9971 879.0446
1505.6788 881.1061
1501.3099 883.165
1496.8903 885.2208
1492.4197 887.27325
1487.8981 889.3218
1483.3254 891.3659
1478.7017 893.4053
1474.0267 895.43933
1469.3005 897.46765
1464.5231 899.48975
1459.6943 901.5051
1454.8143 903.5133
1449.883 905.5138
1444.9006 907.5061
1439.867 909.48975
1434.7822 911.4642
1429.6465 913.42896
1424.4598 915.38354
1419.2224 917.3274
1413.9343 919.26
1408.5957 921.1809
1403.2068 923.08954
1397.7677 924.98535
1392.2787 926.86786
1386.74 928.7365
1381.1517 930.5908
1375.5143 932.4302
1369.8279 934.2541
1364.0928 936.0621
1358.3093 937.8536
1352.4779 939.62805
1346.5988 941.38495
1340.6724 943.1237
1334.699 944.8439
1328.6791 946.54486
1322.6132 948.2262
1316.5016 949.8873
1310.3447 951.5277
1304.1432 953.14685
1297.8975 954.7442
1291.608 956.3193
1285.2754 957.8716
1278.9001 959.4006
1272.4828 960.90576
1266.0239 962.38666
1259.5243 963.8428
1252.9844 965.27356
1246.4048 966.6786
1239.7863 968.0574
1233.1295 969.4094
1226.4352 970.7343
1219.704 972.03156
1212.9366 973.30066
1206.1339 974.54126
1199.2965 975.75287
1192.4253 976.93506
1185.521 978.08746
1178.5845 979.2096
1171.6165 980.3011
1164.6178 981.3616
1157.5895 982.3906
1150.5322 983.3879
1143.447 984.353
1136.3346 985.28564
1129.196 986.1854
1122.0321 987.052
1114.8439 987.88513
1107.6322 988.68445
1100.3981 989.44965
1093.1425 990.1804
1085.8663 990.8765
1078.5706 991.5377
1071.2563 992.16376
1063.9246 992.7544
1056.5762 993.3094
1049.2123 993.82855
1041.834 994.31165
1034.4423 994.75854
1027.0381 995.169
1019.62256 995.5429
1012.1968 995.8801
1004.7617 996.18054
997.31854 996.444
989.8682 996.6704
982.4119 996.8597
974.9507 997.0118
967.48553 997.1266
960.0176 997.2041
952.5479 997.24426
945.07764 997.24713
937.60785 997.21265
930.1396 997.1408
922.67395 997.0317
915.21204 996.88525
907.7549 996.7016
900.3036 996.48083
892.85925 996.223
885.4229 995.9282
877.99567 995.5966
870.57855 995.2283
863.1726 994.82336
855.7789 994.382
848.39844 993.9044
841.03235 993.39075
833.6816 992.8412
826.34717 992.256
819.03015 991.6353
811.73157 990.97943
804.45233 990.2886
797.1935 989.56305
789.956 988.8031
782.74084 988.009
775.54895 987.18097
768.3813 986.31946
761.2388 985.4247
754.1223 984.497
747.0329 983.5368
739.9713 982.5444
732.9385 981.52014
725.9353 980.4644
718.9626 979.3776
712.0212 978.26013
705.11194 977.1123
698.23566 975.93463
691.3931 974.7275
684.5851 973.4913
677.8123 972.22644
671.07556 970.9335
664.3756 969.6128
657.71313 968.26483
651.0888 966.8901
644.5033 965.489
637.9573 964.06213
631.4514 962.60986
624.9863 961.1327
618.5626 959.63116
612.1809 958.1058
605.84174 956.557
599.54565 954.98535
593.2932 953.39136
587.0849 951.7755
580.92126 950.1383
574.80273 948.4803
568.7298 946.802
562.7029 945.10394
556.7224 943.38666
550.7888 941.6507
544.90247 939.89655
539.0637 938.12476
533.27295 936.3358
527.5305 934.53033
521.8367 932.7088
516.1918 930.87177
510.59604 929.0197
505.04974 927.1532
499.55316 925.27277
494.10648 923.3789
488.70993 921.4722
483.36368 919.55316
478.0679 917.6223
472.82275 915.6801
467.6284 913.7272
462.4849 911.7639
457.3924 909.7909
452.35098 907.8086
447.36072 905.81757
442.42166 903.8183
437.53384 901.8113
432.6973 899.797
427.91202 897.7759
423.178 895.7485
418.49524 893.7153
413.86368 891.6767
409.28326 889.63324
404.75394 887.5854
400.2756 885.5335
395.84818 883.47815
391.47156 881.4197
387.14563 879.3586
382.87024 877.2953
378.64526 875.2302
374.47055 873.16376
370.34592 871.0964
366.27118 869.02844
362.24615 866.9604
358.27063 864.8926
354.3444 862.8254
350.46722 860.75916
346.6389 858.69434
342.85916 856.6313
339.12775 854.5703
335.44443 852.5118
331.8089 850.45605
328.2209 848.40344
324.6801 846.3543
321.18628 844.30896
317.73907 842.2677
314.3382 840.23083
310.98334 838.19867
307.67413 836.17145
304.41028 834.14954
301.19144 832.1331
298.01727 830.12256
294.88742 828.11804
291.8015 826.1199
288.75922 824.12823
285.76016 822.14343
282.80396 820.16565
279.89026 818.1951
277.01868 816.2321
274.1888 814.2768
271.4003 812.32935
268.65274 810.39
265.94577 808.459
263.27896 806.53644
260.65195 804.6225
258.0643 802.71735
255.51562 800.82117
253.00552 798.93414
250.53358 797.0564
248.09941 795.18805
245.70259 793.3293
243.34273 791.48016
241.0194 789.64087
238.7322 787.8115
236.48071 785.9922
234.26454 784.183
232.08327 782.38403
229.93648 780.5954
227.82376 778.8172
225.74472 777.0495
223.69893 775.29236
221.68599 773.5459
219.70549 771.8101
217.75703 770.08514
215.84021 768.371
213.95462 766.6677
212.09985 764.9754
210.27551 763.29407
208.4812 761.6237
206.71652 759.9644
204.98108 758.31616
203.27448 756.679
201.59633 755.053
199.94624 753.43805
198.32384 751.8342
196.72873 750.2415
195.16054 748.66
193.61888 747.08954
192.1034 745.5303
190.6137 743.9821
189.14941 742.44507
187.71019 740.9191
186.29565 739.40424
184.90544 737.9004
183.5392 736.4076
182.19658 734.9258
180.87723 733.45496
179.5808 731.99506
178.30695 730.546
177.05533 729.10785
175.8256 727.6805
174.61746 726.2639
173.43054 724.85803
172.26453 723.4628
171.11911 722.07825
169.99396 720.7042
168.88875 719.34076
167.80318 717.98773
166.73694 716.6451
165.68973 715.31274
164.66124 713.9907
163.65117 712.6789
162.65923 711.3772
161.68513 710.0856
160.72859 708.80396
159.78932 707.5322
158.86705 706.2704
157.96149 705.0183
157.07237 703.77594
156.19943 702.5432
155.3424 701.32
154.50104 700.10626
153.67506 698.9019
152.86423 697.7069
152.06828 696.5211
151.28699 695.3445
150.5201 694.1769
149.76738 693.0183
149.02858 691.8686
148.30348 690.7277
147.59186 689.5956
146.89348 688.47205
146.20811 687.35706
145.53555 686.25055
144.8756 685.1524
144.22801 684.06256
143.59259 682.98096
142.96915 681.9075
142.35747 680.842
141.75735 679.7844
141.16861 678.73474
140.59105 677.6928
140.02449 676.65857
139.46873 675.6319
138.92361 674.61273
138.38893 673.60095
137.86452 672.5965
137.3502 671.59924
136.84583 670.60913
136.35121 669.62604
135.8662 668.6499
135.39062 667.68066
134.92433 666.7182
134.46716 665.76245
134.01897 664.8133
133.5796 663.8706
133.14893 662.9344
132.72678 662.00446
132.31302 661.0808
131.90752 660.1633
131.51013 659.2519
131.12073 658.34644
130.73918 657.4469
130.36536 656.55316
129.99913 655.66516
129.64038 654.7828
129.28899 653.90594
128.94484 653.0346
128.6078 652.16864
128.27779 651.308
127.95466 650.4525
127.63832 649.6022
127.32866 648.7569
127.02557 647.91656
126.728966 647.0811
126.43873 646.2504
126.15476 645.4245
125.876976 644.6032
125.60527 643.78644
125.339554 642.9742
125.07974 642.1663
124.825745 641.36273
124.57748 640.5634
124.33485 639.76825
124.09778 638.9771
123.86619 638.19
123.64 637.4068
123.419136 636.62744
123.20352 635.85187
122.99309 635.07996
122.78776 634.31165
122.58746 633.5469
122.39214 632.7856
122.20172 632.02765
122.016136 631.273
121.83533 630.5216
121.65923 629.7734
121.48779 629.02826
121.320946 628.28613
121.15864 627.54694
121.00082 626.8106
120.84743 626.0771
120.69842 625.3463
120.55374 624.61816
120.413345 623.89264
120.277176 623.1696
120.145195 622.44904
120.01736 621.73083
119.893616 621.0149
119.77393 620.3012
119.65827 619.58966
119.546585 618.8802
119.43884 618.1728
119.335 617.46735
119.23503 616.76373
119.13889 616.06195
119.04656 615.36194
118.958 614.66364
118.873184 613.9669
118.79208 613.2717
118.71467 612.57806
118.640915 611.8858
118.57079 611.1949
118.50429 610.50525
118.44137 609.81683
118.38202 609.1296
118.32622 608.44336
118.27395 607.7582
118.22519 607.074
118.179924 606.3906
118.138145 605.7081
118.09983 605.02637
118.06497 604.34534
118.033554 603.6649
118.00557 602.98505
117.981 602.30566
117.959854 601.6267
117.94211 600.9481
117.927765 600.26984
117.91682 599.5918
117.90926 598.91394
117.905106 598.2362
117.904335 597.55853
117.90695 596.8808
117.91296 596.203
117.922356 595.5251
117.93515 594.8469
117.95134 594.1685
117.97093 593.48975
117.993935 592.8106
118.020355 592.131
118.05021 591.4508
118.083496 590.77
118.12023 590.08856
118.16043 589.40643
118.2041 588.7235
118.25127 588.03973
118.30193 587.355
118.356125 586.66925
118.41386 585.9825
118.47514 585.2946
118.54001 584.6055
118.60848 583.9152
118.68058 583.2236
118.756325 582.5305
118.83575 581.83606
118.91887 581.1401
119.00572 580.4425
119.09633 579.7433
119.19073 579.0423
119.28895 578.33954
119.39102 577.63495
119.49698 576.9284
119.606865 576.2199
119.72071 575.50934
119.838554 574.79663
119.960434 574.0817
120.086395 573.36456
120.21648 572.6451
120.35072 571.92316
120.48919 571.1988
120.63191 570.47186
120.77894 569.7423
120.93032 569.0101
121.08611 568.275
121.24636 567.5372
121.411125 566.7964
121.58046 566.0527
121.754425 565.30585
121.933075 564.5559
122.11647 563.8028
122.30467 563.0464
122.49775 562.2866
122.69576 561.52344
122.89878 560.7568
123.10687 559.9865
123.320114 559.2126
123.538574 558.43494
123.76232 557.6535
123.99143 556.86816
124.22599 556.07886
124.46607 555.2855
124.71176 554.4881
124.963135 553.68646
125.22028 552.88055
125.48329 552.0703
125.75225 551.2556
126.02725 550.4364
126.30839 549.6126
126.59576 548.7841
126.88945 547.95087
127.18957 547.1128
127.496216 546.2698
127.809494 545.42175
128.12952 544.5686
128.45638 543.7103
128.79019 542.84674
129.13107 541.97784
129.47914 541.1035
129.83452 540.2237
130.19731 539.33826
130.56764 538.44714
130.94565 537.55023
131.33145 536.64746
131.72517 535.7388
132.12695 534.82404
132.53693 533.9032
132.95523 532.97614
133.382 532.0428
133.8174 531.1031
134.26155 530.15686
134.7146 529.2041
135.17671 528.2447
135.64803 527.27856
136.12871 526.3056
136.61893 525.32574
137.11884 524.33887
137.62859 523.3449
138.14836 522.34375
138.67833 521.3353
139.21867 520.3195
139.76956 519.29626
140.33118 518.2655
140.9037 517.2271
141.48732 516.18097
142.08221 515.127
142.6886 514.0652
143.30666 512.99536
143.93658 511.91745
144.5786 510.8314
145.2329 509.73706
145.89967 508.6344
146.57916 507.52332
147.27158 506.40372
147.97713 505.2755
148.69604 504.1386
149.42856 502.99295
150.1749 501.8384
150.93529 500.67493
151.70998 499.50244
152.4992 498.32083
153.3032 497.13004
154.12224 495.92996
154.95656 494.72052
155.80641 493.50165
156.67206 492.27325
157.55376 491.03528
158.45178 489.78763
159.3664 488.53024
160.29788 487.26303
161.2465 485.98593
162.21255 484.69885
163.19632 483.40176
164.19807 482.09454
165.21812 480.77716
166.25676 479.44955
167.31429 478.11163
168.39099 476.76334
169.4872 475.40463
170.60321 474.03543
171.73935 472.6557
172.89592 471.26538
174.07326 469.8644
175.27168 468.45273
176.49152 467.0303
177.7331 465.59708
178.99677 464.153
180.28285 462.6981
181.5917 461.23224
182.92366 459.75543
184.27908 458.26764
185.65831 456.76883
187.0617 455.259
188.48962 453.7381
189.94243 452.20612
191.42049 450.66302
192.92416 449.10883
194.45384 447.5435
196.00989 445.967
197.59267 444.3794
199.20258 442.78067
200.83998 441.1708
202.50528 439.5498
204.19885 437.9177
205.9211 436.2745
207.6724 434.62024
209.45314 432.95493
211.26373 431.27856
213.10457 429.59122
214.97604 427.89294
216.87857 426.18375
218.81255 424.4637
220.77837 422.73288
222.77644 420.9913
224.80719 419.23904
226.87102 417.47617
228.96832 415.70276
231.09952 413.91888
233.26501 412.12463
235.46521 410.3201
237.70053 408.50537
239.97139 406.68057
242.27818 404.8458
244.62132 403.00116
247.00124 401.1468
249.41832 399.2828
251.87297 397.40933
254.36562 395.52652
256.89664 393.63452
259.46646 391.73346
262.07547 389.82352
264.7241 387.90488
267.4127 385.97766
270.1417 384.04208
272.91147 382.09833
275.7224 380.14658
278.57492 378.18704
281.46936 376.21994
284.40613 374.24545
287.3856 372.26382
290.4081 370.27527
293.47406 368.28006
296.5838 366.2784
299.7377 364.27057
302.93613 362.25677
306.17938 360.23734
309.46783 358.2125
312.80182 356.18253
316.18167 354.14774
319.6077 352.10843
323.0802 350.06488
326.59952 348.01743
330.16592 345.96637
333.77972 343.91202
337.44122 341.85474
341.15067 339.79483
344.90833 337.73267
348.71445 335.6686
352.5693 333.603
356.4731 331.5362
360.42612 329.4686
364.42853 327.40057
368.48056 325.33252
372.5824 323.26483
376.73425 321.1979
380.93628 319.13217
385.18863 317.06802
389.4915 315.0059
393.84497 312.9462
398.2492 310.88937
402.70428 308.83588
407.21033 306.78613
411.76743 304.7406
416.37564 302.69974
421.03506 300.66403
425.7457 298.6339
430.5076 296.6099
435.32077 294.59244
440.1852 292.58203
445.1009 290.57916
450.0678 288.58432
455.08588 286.598
460.15506 284.6207
465.2753 282.65292
470.44647 280.6952
475.66846 278.74802
480.94116 276.81192
486.2644 274.88742
491.63803 272.97504
497.06186 271.07526
502.5357 269.18866
508.05936 267.31573
513.63257 265.45703
519.25507 263.61307
524.92664 261.78436
530.647 259.97147
536.4157 258.17493
542.2326 256.39523
548.0973 254.63295
554.0094 252.8886
559.9685 251.1627
565.9743 249.45581
572.0263 247.76843
578.1241 246.1011
584.2672 244.45435
590.4552 242.82869
596.68756 241.22464
602.9638 239.64272
609.2834 238.08344
615.64575 236.5473
622.05035 235.03482
628.49664 233.5465
634.98395 232.08281
641.5117 230.64427
648.0793 229.23135
654.686 227.84454
661.3312 226.48431
668.01416 225.15112
674.7342 223.84544
681.4906 222.56772
688.28265 221.3184
695.10956 220.09793
701.9706 218.90674
708.8649 217.74524
715.79175 216.61385
722.75024 215.51297
729.7396 214.44301
736.75903 213.40434
743.8076 212.39735
750.88446 211.42241
757.9887 210.47986
765.11945 209.57005
772.27576 208.69333
779.4567 207.85
786.6614 207.0404
793.8888 206.26482
801.138 205.52353
808.408 204.81683
815.6979 204.14497
823.0066 203.50822
830.3332 202.90681
837.67664 202.34097
845.0359 201.81091
852.4099 201.31683
859.7977 200.85893
867.19824 200.43738
874.6104 200.05232
882.0332 199.70392
889.4655 199.3923
896.9064 199.1176
904.3546 198.87991
911.8092 198.67932
919.2691 198.51591
926.73315 198.38976
934.2004 198.30089
941.6696 198.24934
949.13983 198.23514
956.60986 198.25829
964.07874 198.31877
971.5453 198.41658
979.0085 198.55168
986.4672 198.724
993.9204 198.93349
1001.367 199.18005
1008.8059 199.46361
1016.2361 199.78404
1023.65643 200.14124
1031.0659 200.53505
1038.4635 200.96533
1045.8481 201.43192
1053.2188 201.93463
1060.5743 202.47328
1067.9138 203.04767
1075.2362 203.65758
1082.5405 204.30276
1089.8257 204.98299
1097.0908 205.698
1104.3348 206.44753
1111.5569 207.2313
1118.756 208.04901
1125.9312 208.90038
1133.0814 209.78506
1140.2059 210.70274
1147.3037 211.65309
1154.3739 212.63574
1161.4155 213.65036
1168.4279 214.69656
1175.4099 215.77397
1182.361 216.88219
1189.28 218.02083
1196.1664 219.18948
1203.0193 220.38774
1209.8379 221.61516
1216.6215 222.87132
1223.3693 224.15579
1230.0804 225.46811
1236.7544 226.80782
1243.3904 228.17445
1249.9878 229.56757
1256.5459 230.98666
1263.064 232.43127
1269.5415 233.90091
1275.9779 235.39507
1282.3724 236.91327
1288.7246 238.455
1295.0338 240.01976
1301.2996 241.60704
1307.5214 243.21632
1313.6986 244.84709
1319.8309 246.49883
1325.9178 248.171
1331.9589 249.8631
1337.9535 251.57458
1343.9014 253.30495
1349.8021 255.05363
1355.6554 256.82013
1361.4608 258.6039
1367.218 260.40442
1372.9266 262.22113
1378.5864 264.05353
1384.1971 265.9011
1389.7585 267.76324
1395.2703 269.6395
1400.7322 271.5293
1406.144 273.43213
1411.5056 275.34747
1416.8168 277.2748
1422.0773 279.2136
1427.2871 281.16333
1432.446 283.1235
1437.5541 285.0936
1442.6111 287.0731
1447.617 289.0615
1452.5715 291.05832
1457.475 293.06305
1462.3271 295.0752
1467.128 297.09427
1471.8777 299.11978
1476.576 301.15128
1481.2231 303.18826
1485.8191 305.2303
1490.364 307.27686
1494.8579 309.32755
1499.3008 311.3819
1503.6929 313.43945
1508.0342 315.4998
1512.325 317.56244
1516.5652 319.627
1520.7551 321.69308
1524.895 323.76022
1528.9849 325.82803
1533.025 327.89612
1537.0156 329.96408
1540.9568 332.03152
1544.8489 334.09805
1548.692 336.16333
1552.4865 338.22696
1556.2325 340.2886
1559.9304 342.3479
1563.5804 344.4045
1567.1829 346.4581
1570.7379 348.50833
1574.246 350.55487
1577.7073 352.5974
1581.1222 354.63565
1584.491 356.6693
1587.814 358.69806
1591.0916 360.72162
1594.3241 362.73975
1597.5118 364.75214
1600.6552 366.7585
1603.7544 368.75867
1606.8099 370.75232
1609.8221 372.73923
1612.7914 374.71915
1615.718 376.69186
1618.6024 378.65717
1621.445 380.61484
1624.246 382.56467
1627.006 384.50647
1629.7252 386.44006
1632.4042 388.36523
1635.0432 390.28183
1637.6428 392.18964
1640.2034 394.08853
1642.7252 395.97836
1645.2087 397.85895
1647.6543 399.73016
1650.0624 401.59186
1652.4335 403.4439
1654.7678 405.2862
1657.0659 407.1186
1659.3282 408.94098
1661.5552 410.75327
1663.7471 412.55533
1665.9043 414.3471
1668.0273 416.12848
1670.1166 417.89938
1672.1725 419.65973
1674.1953 421.40945
1676.1857 423.14847
1678.1438 424.87674
1680.0702 426.59418
1681.9652 428.30075
1683.8293 429.9964
1685.6628 431.6811
1687.4662 433.3548
1689.2399 435.0175
1690.9841 436.6691
1692.6995 438.30963
1694.3862 439.9391
1696.0448 441.5574
1697.6755 443.1646
1699.2789 444.76068
1700.8552 446.3456
1702.4049 447.9194
1703.9283 449.48206
1705.4259 451.0336
1706.8978 452.57404
1708.3446 454.10336
1709.7666 455.6216
1711.1642 457.1288
1712.5377 458.62497
1713.8875 460.1101
1715.2139 461.5843
1716.5172 463.04752
1717.7979 464.49985
1719.0562 465.9413
1720.2925 467.37195
1721.5072 468.79178
1722.7006 470.2009
1723.8729 471.5993
1725.0245 472.9871
1726.1559 474.3643
1727.2671 475.73096
1728.3586 477.08716
1729.4308 478.43295
1730.4838 479.7684
1731.518 481.09357
1732.5336 482.4085
1733.531 483.7133
1734.5105 485.00797
1735.4723 486.29263
1736.4167 487.56735
1737.3441 488.8322
1738.2548 490.08725
1739.1488 491.33258
1740.0266 492.56824
1740.8884 493.79434
1741.7345 495.01096
1742.5652 496.21814
1743.3806 497.416
1744.181 498.60458
1744.9668 499.784
1745.738 500.9543
1746.495 502.11563
1747.238 503.26804
1747.9673 504.4116
1748.683 505.5464
1749.3854 506.67252
1750.0747 507.79007
1750.7511 508.89914
1751.4149 509.9998
1752.0663 511.09213
1752.7053 512.1762
1753.3324 513.2522
1753.9476 514.3201
1754.5513 515.38007
1755.1434 516.4321
1755.7244 517.4764
1756.2943 518.51294
1756.8534 519.54193
1757.4017 520.56335
1757.9396 521.5774
1758.467 522.58405
1758.9844 523.5835
1759.4917 524.57574
1759.9893 525.5609
1760.4772 526.5391
1760.9556 527.51044
1761.4247 528.475
1761.8846 529.4328
1762.3356 530.384
1762.7776 531.3286
1763.2109 532.2668
1763.6356 533.1986
1764.0519 534.12415
1764.4598 535.0435
1764.8596 535.9568
1765.2515 536.8641
1765.6354 537.76544
1766.0115 538.66095
1766.38 539.5507
1766.741 540.4348
1767.0946 541.31335
1767.4409 542.1864
1767.7802 543.054
1768.1123 543.9163
1768.4375 544.7734
1768.7559 545.62524
1769.0675 546.47205
1769.3726 547.3139
1769.6711 548.1508
1769.9633 548.9829
1770.2491 549.8103
1770.5288 550.633
1770.8024 551.4511
1771.07 552.2648
1771.3315 553.074
1771.5873 553.87885
1771.8373 554.67944
1772.0817 555.4759
1772.3204 556.26825
1772.5537 557.0566
1772.7815 557.84094
1773.0039 558.62146
1773.2211 559.3982
1773.4331 560.1712
1773.64 560.9406
1773.8418 561.7064
1774.0386 562.46875
1774.2305 563.2277
1774.4175 563.98334
1774.5997 564.7357
1774.7772 565.48486
1774.9501 566.2309
1775.1183 566.97394
1775.282 567.714
1775.4412 568.4512
1775.596 569.18555
1775.7463 569.9172
1775.8923 570.6461
1776.034 571.37244
1776.1715 572.09625
1776.3048 572.81757
1776.434 573.5365
1776.559 574.2531
1776.6798 574.96747
1776.7966 575.6796
1776.9095 576.3897
1777.0184 577.0977
1777.1234 577.8038
1777.2246 578.50793
1777.3219 579.21027
1777.4154 579.9108
1777.5051 580.6097
1777.5911 581.3069
1777.6733 582.0025
1777.7518 582.69666
1777.8267 583.38934
1777.8978 584.0807
1777.9655 584.7707
1778.0294 585.4595
1778.0898 586.1471
1778.1467 586.8336
1778.2001 587.5191
1778.2499 588.2036
1778.2961 588.8872
1778.339 589.56995
1778.3784 590.2519
1778.4143 590.93317
1778.4468 591.6138
1778.4758 592.2938
1778.5015 592.9733
1778.5237 593.6524
1778.5425 594.33105
1778.5579 595.0094
1778.5698 595.6875
1778.5784 596.3654
1778.5836 597.04315
1778.5854 597.7208
1778.5839 598.3985
1778.5789 599.07623
1778.5704 599.7541
1778.5587 600.4322
1778.5436 601.11053
1778.525 601.7892
1778.503 602.4682
1778.4777 603.1477
1778.4489 603.8277
1778.4166 604.5083
1778.381 605.1895
1778.3418 605.87146
1778.2992 606.55414
1778.253 607.2377
1778.2035 607.9221
1778.1504 608.60754
1778.0938 609.294
1778.0336 609.98157
1777.9698 610.6703
1777.9025 611.3602
1777.8314 612.05145
1777.7568 612.7441
1777.6786 613.4381
1777.5966 614.13367
1777.5109 614.83075
1777.4214 615.5295
1777.3281 616.2299
1777.2311 616.9321
1777.1301 617.63617
1777.0254 618.3421
1776.9167 619.05
1776.8041 619.75995
1776.6875 620.472
1776.5669 621.1862
1776.4421 621.9027
1776.3134 622.6215
1776.1804 623.3427
1776.0432 624.06635
1775.9017 624.7925
1775.756 625.52124
1775.606 626.2527
1775.4515 626.9869
1775.2926 627.7239
1775.1293 628.46375
1774.9613 629.2066
1774.7887 629.95245
1774.6115 630.7014
1774.4294 631.45355
1774.2427 632.2089
1774.051 632.96765
1773.8545 633.7298
1773.653 634.4954
1773.4464 635.2646
1773.2347 636.03735
1773.0178 636.81384
1772.7957 637.5941
1772.5682 638.37823
1772.3353 639.1663
1772.0969 639.95844
1771.8529 640.75464
1771.6033 641.555
1771.3479 642.3596
1771.0867 643.1686
1770.8196 643.98193
1770.5464 644.79974
1770.2671 645.62213
1769.9817 646.4492
1769.69 647.281
1769.3918 648.1176
1769.0872 648.9591
1768.7759 649.8056
1768.4579 650.65717
1768.1332 651.51385
1767.8015 652.3758
1767.4628 653.24304
1767.117 654.1157
1766.7638 654.9939
1766.4033 655.8776
1766.0353 656.767
1765.6597 657.6622
1765.2762 658.5631
1764.8849 659.47
1764.4856 660.3829
1764.0781 661.3019
1763.6624 662.22705
1763.2382 663.15845
1762.8054 664.09625
1762.364 665.04047
1761.9137 665.9912
1761.4543 666.9486
1760.9858 667.9127
1760.508 668.8836
1760.0208 669.8614
1759.5238 670.8461
1759.0171 671.83795
1758.5004 672.8369
1757.9735 673.84314
1757.4364 674.8567
1756.8888 675.8777
1756.3304 676.9062
1755.7612 677.94226
1755.181 678.986
1754.5896 680.0376
1753.9867 681.09705
1753.3722 682.1644
1752.7458 683.23987
1752.1075 684.3234
1751.457 685.4152
1750.7941 686.5153
1750.1184 687.62384
1749.4299 688.74084
1748.7284 689.86646
1748.0135 691.0007
1747.2852 692.1437
1746.5431 693.2955
1745.787 694.45624
1745.0167 695.626
1744.2319 696.8048
1743.4325 697.9928
1742.618 699.19006
1741.7885 700.39667
1740.9434 701.6127
1740.0825 702.83813
1739.2057 704.0732
1738.3126 705.3179
1737.4031 706.57227
1736.4768 707.8365
1735.5334 709.1106
1734.5728 710.39465
1733.5944 711.6887
1732.5981 712.99286
1731.5837 714.3071
1730.5508 715.63165
1729.499 716.96643
1728.4282 718.3116
1727.338 719.6671
1726.228 721.03314
1725.098 722.40967
1723.9478 723.79675
1722.7767 725.19446
1721.5847 726.6029
1720.3715 728.02203
1719.1365 729.45197
1717.8795 730.8927
1716.6003 732.3443
1715.2985 733.8068
1713.9735 735.2803
1712.6252 736.7647
1711.2533 738.26013
1709.8573 739.7666
1708.4369 741.2841
1706.9917 742.81274
1705.5214 744.3525
1704.0255 745.9033
1702.5038 747.4653
1700.9558 749.0383
1699.3812 750.62256
