0 1536.0 485.0
12 1527.0 481.0
23 1501.0 470.0
35 1456.0 453.0
46 1395.0 434.0
58 1322.0 416.0
70 1254.0 404.0
81 1182.0 393.0
94 1106.0 384.0
105 1027.0 379.0
117 934.0 376.0
128 854.0 376.0
140 776.0 378.0
152 697.0 384.0
164 617.0 393.0
175 538.0 405.0
187 464.0 420.0
199 395.0 439.0
211 334.0 460.0
223 279.0 483.0
234 233.0 507.0
246 195.0 534.0
258 164.0 563.0
270 140.0 594.0
281 124.0 626.0
293 115.0 658.0
305 114.0 689.0
316 121.0 719.0
328 137.0 747.0
340 161.0 773.0
352 194.0 796.0
364 234.0 815.0
375 279.0 831.0
387 329.0 845.0
399 384.0 856.0
411 444.0 864.0
423 509.0 871.0
434 579.0 876.0
446 655.0 879.0
458 748.0 879.0
470 852.0 876.0
481 954.0 869.0
493 1052.0 861.0
505 1148.0 850.0
516 1243.0 835.0
528 1335.0 819.0
540 1402.0 808.0
552 1472.0 796.0
563 1537.0 784.0
575 1595.0 773.0
587 1645.0 762.0
598 1686.0 750.0
611 1720.0 737.0
622 1749.0 723.0
634 1771.0 706.0
646 1785.0 688.0
658 1789.0 668.0
669 1783.0 648.0
681 1768.0 627.0
693 1744.0 606.0
705 1710.0 585.0
716 1668.0 565.0
728 1617.0 544.0
740 1560.0 523.0
751 1498.0 503.0
763 1429.0 484.0
775 1355.0 466.0
787 1276.0 451.0
798 1182.0 436.0
810 1078.0 425.0
822 972.0 420.0
833 869.0 420.0
845 770.0 425.0
857 675.0 433.0
869 603.0 442.0
881 530.0 453.0
892 460.0 466.0
904 395.0 481.0
916 336.0 497.0
928 282.0 513.0
939 229.0 533.0
951 180.0 556.0
963 139.0 580.0
974 109.0 603.0
986 90.0 626.0
998 81.0 649.0
1010 81.0 672.0
1022 91.0 695.0
1033 110.0 717.0
1045 139.0 738.0
1057 178.0 757.0
1068 225.0 775.0
1080 279.0 790.0
1092 339.0 804.0
1104 406.0 815.0
1115 478.0 824.0
1127 566.0 832.0
1139 666.0 839.0
1151 769.0 844.0
1163 871.0 848.0
1174 973.0 850.0
1186 1073.0 849.0
1198 1173.0 847.0
1210 1273.0 843.0
1222 1369.0 837.0
1233 1459.0 830.0
1245 1524.0 824.0
1257 1602.0 816.0
1268 1665.0 808.0
1280 1721.0 799.0
1292 1768.0 790.0
1304 1805.0 780.0
1316 1831.0 769.0
1328 1847.0 757.0
1339 1855.0 743.0
1351 1856.0 730.0
1363 1851.0 713.0
1374 1837.0 694.0
1386 1814.0 672.0
1398 1784.0 648.0
1410 1748.0 624.0
1421 1705.0 599.0
1433 1657.0 573.0
1445 1602.0 546.0
1457 1541.0 520.0
1468 1474.0 496.0
1480 1403.0 475.0
1492 1330.0 456.0
1504 1254.0 440.0
1515 1176.0 427.0
1527 1096.0 418.0
1539 1002.0 412.0
1551 900.0 410.0
1562 819.0 412.0
1574 750.0 416.0
1586 678.0 424.0
1598 602.0 436.0
1609 528.0 451.0
1621 458.0 469.0
1633 394.0 487.0
1644 337.0 507.0
1656 288.0 527.0
1668 245.0 549.0
1680 211.0 571.0
1692 184.0 593.0
1703 166.0 615.0
1715 157.0 637.0
1727 157.0 658.0
1739 165.0 679.0
1750 180.0 699.0
1762 204.0 718.0
1774 235.0 737.0
1786 275.0 754.0
1797 322.0 769.0
1810 377.0 782.0
1821 439.0 794.0
1833 506.0 804.0
1845 577.0 812.0
1856 650.0 820.0
1868 728.0 827.0
1880 808.0 832.0
1892 890.0 835.0
1903 973.0 836.0
1915 1068.0 835.0
1927 1169.0 830.0
1939 1268.0 823.0
1950 1343.0 817.0
1962 1409.0 812.0
1974 1470.0 806.0
1986 1533.0 797.0
1997 1595.0 787.0
2010 1652.0 775.0
2021 1700.0 761.0
2033 1741.0 745.0
2045 1775.0 728.0
2056 1803.0 711.0
2068 1824.0 693.0
2080 1837.0 675.0
2092 1841.0 658.0
2103 1835.0 642.0
2115 1819.0 624.0
2127 1791.0 606.0
2139 1753.0 586.0
2150 1705.0 566.0
2162 1651.0 545.0
2174 1592.0 524.0
2185 1526.0 504.0
2197 1456.0 485.0
2209 1383.0 468.0
2221 1307.0 453.0
2232 1228.0 439.0
2244 1136.0 427.0
2256 1034.0 417.0
2268 933.0 413.0
2279 836.0 413.0
2291 762.0 416.0
2303 693.0 422.0
2315 626.0 430.0
2327 563.0 440.0
2338 499.0 454.0
2350 435.0 471.0
2362 376.0 490.0
2373 323.0 512.0
2385 280.0 534.0
2397 246.0 556.0
2409 221.0 579.0
2421 206.0 602.0
2433 199.0 624.0
2444 202.0 646.0
2456 212.0 667.0
2468 230.0 688.0
2479 258.0 707.0
2491 294.0 726.0
2503 338.0 743.0
2515 389.0 759.0
2527 447.0 775.0
2538 511.0 789.0
2550 579.0 803.0
2562 653.0 815.0
2574 731.0 825.0
2585 811.0 833.0
2597 892.0 838.0
2609 975.0 841.0
2621 1057.0 841.0
2633 1140.0 837.0
2645 1223.0 831.0
2656 1303.0 823.0
2668 1380.0 814.0
2680 1450.0 804.0
2691 1516.0 792.0
2703 1576.0 779.0
2715 1630.0 765.0
2727 1680.0 750.0
2739 1724.0 734.0
2750 1761.0 717.0
2762 1792.0 700.0
2774 1814.0 683.0
2786 1827.0 667.0
2797 1831.0 650.0
2809 1827.0 632.0
2821 1812.0 614.0
2832 1788.0 594.0
2844 1752.0 573.0
2856 1707.0 551.0
2868 1654.0 529.0
2880 1594.0 507.0
2891 1528.0 486.0
2903 1457.0 467.0
2915 1381.0 450.0
2926 1303.0 435.0
2938 1223.0 423.0
2950 1130.0 413.0
2962 1030.0 407.0
2974 930.0 405.0
2985 854.0 406.0
2997 786.0 410.0
3009 723.0 415.0
3020 655.0 422.0
3032 587.0 433.0
3044 522.0 446.0
3056 464.0 462.0
3068 412.0 479.0
3079 367.0 499.0
3091 329.0 519.0
3103 297.0 541.0
3115 272.0 563.0
3126 255.0 586.0
3138 246.0 609.0
3150 244.0 632.0
3162 249.0 655.0
3173 261.0 679.0
3185 280.0 703.0
3197 306.0 726.0
3209 338.0 749.0
3221 378.0 769.0
3232 425.0 786.0
3244 479.0 801.0
3256 540.0 812.0
3268 607.0 820.0
3279 677.0 824.0
3291 751.0 825.0
3303 827.0 824.0
3314 905.0 820.0
3326 983.0 814.0
3338 1062.0 806.0
3350 1141.0 796.0
3361 1219.0 785.0
3373 1297.0 775.0
3385 1371.0 764.0
3397 1442.0 754.0
3409 1507.0 743.0
3421 1566.0 732.0
3432 1617.0 720.0
3444 1660.0 707.0
3456 1696.0 692.0
3468 1724.0 676.0
3479 1745.0 659.0
3491 1760.0 641.0
3503 1768.0 623.0
3515 1769.0 604.0
3526 1764.0 584.0
3538 1753.0 564.0
3550 1733.0 544.0
3561 1703.0 522.0
3573 1663.0 500.0
3585 1615.0 478.0
3596 1559.0 458.0
3608 1496.0 439.0
3620 1428.0 422.0
3632 1356.0 408.0
3643 1280.0 396.0
3655 1201.0 386.0
3667 1110.0 379.0
3678 1009.0 376.0
3690 908.0 377.0
3702 813.0 382.0
3713 741.0 389.0
3725 673.0 398.0
3737 609.0 408.0
3749 548.0 419.0
3761 486.0 433.0
3772 426.0 450.0
3784 371.0 469.0
3796 323.0 489.0
3807 283.0 511.0
3819 249.0 534.0
3831 223.0 557.0
3843 203.0 582.0
3855 191.0 607.0
3866 185.0 632.0
3878 187.0 657.0
3890 197.0 681.0
3902 214.0 704.0
3913 239.0 725.0
3925 272.0 745.0
3937 311.0 763.0
3949 356.0 778.0
3961 408.0 791.0
3972 466.0 802.0
3984 531.0 809.0
3996 602.0 814.0
4008 676.0 815.0
4020 754.0 814.0
4031 833.0 810.0
4043 915.0 803.0
4055 998.0 795.0
4067 1080.0 786.0
4078 1162.0 778.0
4090 1242.0 769.0
4102 1319.0 762.0
4114 1392.0 755.0
4125 1461.0 749.0
4138 1525.0 743.0
4149 1583.0 735.0
4161 1635.0 724.0
4173 1678.0 712.0
4184 1715.0 698.0
4196 1743.0 682.0
4208 1764.0 664.0
4220 1778.0 647.0
4231 1786.0 628.0
4243 1787.0 610.0
4255 1780.0 593.0
4267 1765.0 574.0
4278 1738.0 555.0
4290 1700.0 536.0
4302 1651.0 516.0
4314 1594.0 496.0
4326 1530.0 478.0
4337 1460.0 462.0
4349 1388.0 446.0
4361 1312.0 432.0
4373 1234.0 420.0
4384 1141.0 410.0
4396 1038.0 403.0
4408 935.0 400.0
4420 835.0 402.0
4431 740.0 409.0
4443 668.0 417.0
4455 600.0 429.0
4466 534.0 442.0
4478 473.0 456.0
4490 417.0 471.0
4502 361.0 490.0
4513 307.0 512.0
4525 258.0 536.0
4537 215.0 561.0
4549 181.0 587.0
4561 157.0 611.0
4573 143.0 634.0
4584 137.0 655.0
4596 139.0 676.0
4608 151.0 695.0
4619 170.0 713.0
4631 199.0 729.0
4643 235.0 743.0
4655 279.0 756.0
4666 330.0 766.0
4678 387.0 774.0
4690 449.0 780.0
4702 517.0 786.0
4714 587.0 791.0
4725 661.0 795.0
4737 737.0 799.0
4749 815.0 803.0
4761 894.0 804.0
4773 974.0 804.0
4784 1053.0 802.0
4796 1133.0 798.0
4808 1211.0 792.0
4820 1287.0 786.0
4831 1360.0 778.0
4843 1429.0 768.0
4855 1493.0 757.0
4867 1552.0 744.0
4879 1607.0 730.0
4890 1656.0 715.0
4902 1698.0 699.0
4914 1733.0 681.0
4926 1761.0 662.0
4938 1781.0 643.0
4949 1793.0 624.0
4961 1796.0 606.0
4973 1791.0 588.0
4984 1776.0 569.0
4996 1752.0 549.0
5008 1717.0 528.0
5020 1672.0 507.0
5031 1618.0 486.0
5043 1558.0 467.0
5055 1492.0 448.0
5067 1422.0 431.0
5078 1348.0 416.0
5090 1259.0 403.0
5102 1158.0 391.0
5114 1055.0 382.0
5125 954.0 378.0
5137 853.0 380.0
5149 756.0 385.0
5161 665.0 393.0
5172 595.0 402.0
5184 523.0 413.0
5196 455.0 425.0
5208 393.0 439.0
5219 338.0 455.0
5231 290.0 472.0
5243 249.0 489.0
5255 211.0 507.0
5266 179.0 526.0
5278 154.0 546.0
5290 138.0 565.0
5301 129.0 585.0
5313 127.0 604.0
5325 131.0 624.0
5337 142.0 644.0
5349 160.0 664.0
5361 183.0 684.0
5372 214.0 705.0
5384 250.0 725.0
5396 291.0 744.0
5408 339.0 762.0
5419 392.0 778.0
5431 451.0 792.0
5443 515.0 803.0
5455 583.0 811.0
5466 657.0 816.0
5478 734.0 818.0
5490 827.0 816.0
5501 929.0 810.0
5513 1030.0 801.0
5525 1127.0 791.0
5537 1221.0 781.0
5549 1293.0 773.0
5560 1363.0 764.0
5572 1430.0 756.0
5584 1492.0 747.0
5596 1547.0 738.0
5608 1602.0 727.0
5619 1651.0 715.0
5631 1694.0 700.0
5643 1729.0 684.0
5654 1755.0 666.0
5666 1774.0 647.0
5678 1787.0 627.0
5690 1793.0 606.0
5701 1791.0 584.0
5713 1782.0 561.0
5725 1766.0 538.0
5737 1741.0 513.0
5748 1706.0 489.0
5760 1661.0 465.0
5772 1606.0 442.0
5784 1541.0 421.0
5795 1469.0 404.0
5807 1378.0 389.0
5819 1275.0 377.0
5831 1168.0 371.0
5842 1063.0 369.0
5854 957.0 371.0
5866 849.0 376.0
5877 743.0 385.0
5889 643.0 396.0
5901 548.0 408.0
5913 458.0 423.0
5925 396.0 438.0
5936 323.0 455.0
5948 265.0 472.0
5960 214.0 490.0
5971 171.0 508.0
5983 136.0 527.0
5995 111.0 545.0
6007 93.0 562.0
6018 81.0 578.0
6030 76.0 594.0
6042 76.0 612.0
6054 83.0 631.0
6066 98.0 652.0
6077 119.0 672.0
6089 146.0 692.0
6101 179.0 712.0
6113 219.0 730.0
6125 264.0 747.0
6136 313.0 762.0
6148 368.0 775.0
6160 428.0 785.0
6172 491.0 795.0
6183 558.0 804.0
6195 628.0 812.0
6207 702.0 818.0
6219 779.0 821.0
6231 857.0 823.0
6242 936.0 823.0
6254 1015.0 821.0
6266 1092.0 817.0
6278 1169.0 810.0
6289 1245.0 801.0
6301 1319.0 791.0
6313 1389.0 778.0
6325 1456.0 763.0
6337 1519.0 746.0
6348 1576.0 726.0
6360 1627.0 705.0
6372 1671.0 683.0
6384 1706.0 661.0
6395 1732.0 639.0
6407 1748.0 619.0
6419 1756.0 600.0
6431 1758.0 581.0
6443 1752.0 563.0
6454 1738.0 543.0
6466 1714.0 523.0
6478 1678.0 502.0
6489 1629.0 480.0
6501 1569.0 460.0
6513 1500.0 442.0
6525 1423.0 426.0
6536 1329.0 411.0
6548 1225.0 399.0
6560 1118.0 390.0
6571 1014.0 385.0
6583 910.0 386.0
6595 806.0 392.0
6607 706.0 402.0
6619 613.0 415.0
6630 546.0 429.0
6642 475.0 446.0
6654 411.0 464.0
6665 357.0 483.0
6677 311.0 502.0
6689 273.0 521.0
6701 242.0 540.0
6713 220.0 559.0
6724 204.0 578.0
6736 195.0 597.0
6748 193.0 617.0
6759 199.0 636.0
6771 212.0 655.0
6783 233.0 674.0
6795 261.0 693.0
6806 296.0 711.0
6818 337.0 728.0
6830 385.0 743.0
6842 440.0 758.0
6854 499.0 771.0
6866 563.0 783.0
6877 630.0 795.0
6889 702.0 806.0
6901 777.0 816.0
6913 854.0 823.0
6924 932.0 829.0
6936 1009.0 831.0
6948 1086.0 831.0
6960 1162.0 827.0
6972 1236.0 821.0
6983 1308.0 811.0
6995 1375.0 799.0
7007 1437.0 786.0
7019 1495.0 771.0
7031 1547.0 755.0
7042 1593.0 738.0
7054 1633.0 722.0
7066 1667.0 705.0
7078 1694.0 689.0
7089 1714.0 671.0
7101 1726.0 653.0
7113 1731.0 634.0
7125 1728.0 615.0
7137 1717.0 594.0
7148 1696.0 572.0
7160 1664.0 550.0
7172 1622.0 529.0
7183 1570.0 508.0
7195 1510.0 489.0
7207 1442.0 472.0
7219 1366.0 457.0
7231 1275.0 444.0
7242 1172.0 433.0
7254 1067.0 426.0
7266 960.0 425.0
7278 855.0 429.0
7289 755.0 439.0
7301 662.0 451.0
7313 594.0 462.0
7325 526.0 477.0
7336 464.0 494.0
7348 410.0 511.0
7360 364.0 529.0
7372 324.0 547.0
7383 291.0 564.0
7395 263.0 582.0
7407 242.0 602.0
7418 230.0 621.0
7431 226.0 640.0
7442 229.0 658.0
7454 240.0 676.0
7466 257.0 694.0
7477 282.0 713.0
7489 314.0 731.0
7501 354.0 749.0
7513 400.0 765.0
7525 453.0 780.0
7536 513.0 794.0
7548 577.0 806.0
7560 646.0 816.0
7572 717.0 825.0
7583 791.0 831.0
7595 865.0 835.0
7607 942.0 836.0
7619 1021.0 832.0
7631 1099.0 826.0
7642 1177.0 817.0
7654 1256.0 807.0
7666 1332.0 797.0
7678 1405.0 786.0
7690 1474.0 776.0
7701 1536.0 765.0
7713 1589.0 752.0
7725 1634.0 738.0
7737 1669.0 722.0
7749 1696.0 704.0
7760 1718.0 685.0
7772 1735.0 665.0
7784 1747.0 646.0
7795 1753.0 627.0
7807 1754.0 608.0
7819 1748.0 590.0
7831 1734.0 571.0
7843 1710.0 551.0
7855 1674.0 532.0
7866 1625.0 513.0
7878 1566.0 495.0
7889 1500.0 479.0
7901 1427.0 466.0
7913 1350.0 454.0
7925 1256.0 443.0
7937 1151.0 434.0
7948 1043.0 429.0
7960 935.0 428.0
7972 831.0 433.0
7983 731.0 441.0
7995 638.0 454.0
8007 572.0 467.0
8019 506.0 483.0
8031 445.0 501.0
8042 393.0 520.0
8054 349.0 538.0
8066 313.0 556.0
8077 285.0 574.0
8089 261.0 594.0
8101 243.0 615.0
8113 234.0 636.0
8125 233.0 657.0
8136 239.0 678.0
8148 254.0 700.0
8160 277.0 721.0
8172 308.0 742.0
8183 345.0 762.0
8195 391.0 780.0
8207 442.0 797.0
8219 500.0 812.0
8231 563.0 824.0
8243 631.0 834.0
8254 704.0 842.0
8266 779.0 847.0
8278 857.0 850.0
8290 935.0 850.0
8301 1014.0 847.0
8313 1092.0 842.0
8325 1170.0 834.0
8337 1246.0 823.0
8348 1319.0 812.0
8360 1390.0 800.0
8372 1455.0 789.0
8384 1515.0 777.0
8396 1566.0 765.0
8407 1607.0 751.0
8419 1635.0 737.0
8431 1654.0 723.0
8443 1663.0 708.0
8455 1665.0 691.0
8466 1660.0 672.0
8478 1648.0 650.0
8490 1629.0 626.0
8502 1602.0 599.0
8513 1566.0 572.0
8525 1521.0 544.0
8537 1469.0 518.0
8549 1409.0 495.0
8560 1343.0 476.0
8572 1271.0 459.0
8584 1195.0 446.0
8595 1103.0 435.0
8607 999.0 427.0
8619 893.0 425.0
8631 788.0 430.0
8643 685.0 442.0
8654 585.0 458.0
8666 491.0 476.0
8678 422.0 494.0
8690 354.0 517.0
8701 295.0 539.0
8713 245.0 561.0
8725 205.0 583.0
8736 174.0 605.0
8748 153.0 625.0
8760 138.0 647.0
8772 132.0 669.0
8783 136.0 690.0
8795 148.0 711.0
8807 171.0 731.0
8819 204.0 751.0
8831 248.0 768.0
8843 302.0 784.0
8854 364.0 797.0
8866 433.0 809.0
8878 506.0 817.0
8889 584.0 823.0
8902 676.0 826.0
8913 777.0 827.0
8925 879.0 825.0
8937 978.0 820.0
8948 1074.0 814.0
8960 1170.0 806.0
8972 1263.0 798.0
8984 1334.0 793.0
8996 1406.0 788.0
9008 1471.0 782.0
9019 1528.0 775.0
9031 1575.0 767.0
9043 1615.0 757.0
9055 1647.0 746.0
9066 1676.0 731.0
9078 1700.0 714.0
9090 1718.0 694.0
9102 1730.0 674.0
9113 1736.0 654.0
9125 1735.0 633.0
9137 1727.0 611.0
9149 1713.0 587.0
9160 1689.0 561.0
9172 1656.0 533.0
9184 1614.0 506.0
9195 1563.0 480.0
9207 1505.0 457.0
9219 1439.0 436.0
9231 1367.0 420.0
9242 1290.0 407.0
9254 1197.0 397.0
9266 1092.0 392.0
9277 985.0 393.0
9290 879.0 401.0
9301 774.0 412.0
9313 672.0 427.0
9324 579.0 445.0
9336 513.0 460.0
9348 448.0 478.0
9360 390.0 496.0
9372 341.0 515.0
9383 302.0 534.0
9395 271.0 554.0
9407 246.0 572.0
9419 227.0 592.0
9430 214.0 614.0
9442 208.0 635.0
9454 211.0 655.0
9466 222.0 676.0
9478 242.0 697.0
9489 269.0 717.0
9501 306.0 735.0
9513 350.0 752.0
9525 402.0 767.0
9537 461.0 779.0
9548 526.0 790.0
9560 594.0 800.0
9572 666.0 807.0
9583 741.0 812.0
9595 818.0 815.0
9607 895.0 815.0
9619 975.0 813.0
9630 1055.0 809.0
9642 1137.0 803.0
9654 1218.0 796.0
9666 1298.0 789.0
9677 1375.0 782.0
9689 1448.0 774.0
9701 1517.0 765.0
9713 1580.0 754.0
9725 1634.0 739.0
9737 1679.0 723.0
9749 1715.0 704.0
9760 1744.0 684.0
9772 1765.0 665.0
9784 1779.0 646.0
9795 1786.0 628.0
9807 1785.0 611.0
9819 1778.0 593.0
9831 1762.0 574.0
9843 1736.0 553.0
9854 1698.0 529.0
9866 1651.0 505.0
9878 1596.0 482.0
9890 1534.0 461.0
9901 1466.0 443.0
9913 1392.0 428.0
9925 1302.0 414.0
9936 1200.0 403.0
9948 1096.0 395.0
9960 993.0 391.0
9971 890.0 391.0
9983 790.0 395.0
9995 697.0 401.0
10007 629.0 408.0
10018 559.0 417.0
10030 493.0 428.0
10042 434.0 441.0
10054 381.0 455.0
10066 334.0 470.0
10077 292.0 486.0
10089 251.0 505.0
10101 215.0 526.0
10113 189.0 547.0
10124 171.0 567.0
10136 164.0 587.0
10148 164.0 608.0
10159 171.0 628.0
10171 184.0 649.0
10183 202.0 671.0
10195 224.0 693.0
10207 250.0 717.0
10218 279.0 740.0
10230 314.0 762.0
10242 354.0 782.0
10254 404.0 800.0
10266 461.0 815.0
10277 528.0 826.0
10289 602.0 834.0
10301 680.0 838.0
10313 762.0 840.0
10325 856.0 839.0
10336 958.0 836.0
10348 1057.0 829.0
10360 1153.0 819.0
10372 1248.0 808.0
10383 1343.0 795.0
10395 1413.0 784.0
10407 1479.0 772.0
10419 1539.0 758.0
10431 1588.0 744.0
10442 1624.0 729.0
10454 1650.0 716.0
10466 1668.0 700.0
10478 1680.0 683.0
10489 1685.0 666.0
10501 1687.0 649.0
10513 1683.0 633.0
10525 1674.0 617.0
10536 1657.0 600.0
10548 1631.0 582.0
10560 1595.0 562.0
10572 1548.0 543.0
10584 1491.0 523.0
10595 1428.0 505.0
10607 1361.0 490.0
10619 1290.0 477.0
10631 1217.0 466.0
10642 1140.0 458.0
10654 1060.0 453.0
10666 966.0 450.0
10677 865.0 451.0
10689 766.0 456.0
10701 670.0 463.0
10713 596.0 472.0
10725 528.0 482.0
10749 401.0 508.0
10761 341.0 525.0
10773 286.0 544.0
10796 204.0 588.0
10808 178.0 609.0
10820 163.0 630.0
10832 156.0 651.0
10843 158.0 671.0
10855 168.0 691.0
10867 186.0 712.0
10879 213.0 732.0
10890 248.0 753.0
10902 291.0 772.0
10914 340.0 790.0
10926 395.0 807.0
10938 455.0 821.0
10950 520.0 833.0
10962 587.0 842.0
10973 658.0 847.0
10985 732.0 850.0
10997 806.0 851.0
11008 881.0 851.0
11020 957.0 850.0
11032 1034.0 849.0
11044 1111.0 847.0
11056 1189.0 843.0
11067 1266.0 839.0
11079 1341.0 834.0
11091 1411.0 827.0
11103 1476.0 819.0
11115 1533.0 809.0
11127 1583.0 796.0
11138 1626.0 782.0
11150 1661.0 767.0
11162 1687.0 750.0
11174 1705.0 733.0
11185 1716.0 716.0
11197 1720.0 698.0
11209 1719.0 678.0
11220 1711.0 656.0
11232 1697.0 631.0
11244 1674.0 604.0
11256 1642.0 577.0
11267 1601.0 549.0
11279 1549.0 523.0
11291 1489.0 500.0
11303 1422.0 479.0
11314 1351.0 461.0
11326 1276.0 446.0
11338 1187.0 432.0
11350 1088.0 423.0
11361 987.0 419.0
11373 888.0 421.0
11385 792.0 427.0
11396 699.0 438.0
11408 629.0 451.0
11420 558.0 466.0
11432 492.0 483.0
11443 432.0 501.0
11455 380.0 521.0
11467 336.0 541.0
11478 294.0 564.0
11490 257.0 589.0
11502 226.0 616.0
11514 206.0 642.0
11526 196.0 666.0
11538 196.0 690.0
11549 203.0 712.0
11561 219.0 732.0
11573 245.0 750.0
11584 279.0 767.0
11596 321.0 782.0
11608 372.0 796.0
11620 429.0 808.0
11631 492.0 819.0
11643 560.0 828.0
11655 630.0 835.0
11667 703.0 841.0
11679 779.0 845.0
11691 857.0 847.0
11702 937.0 845.0
11714 1017.0 841.0
11726 1097.0 834.0
11738 1178.0 825.0
11750 1258.0 816.0
11761 1336.0 806.0
11773 1410.0 796.0
11785 1477.0 786.0
11797 1536.0 776.0
11808 1588.0 765.0
11820 1633.0 751.0
11832 1672.0 736.0
11844 1704.0 719.0
11856 1731.0 701.0
11867 1750.0 683.0
11879 1763.0 666.0
11890 1769.0 648.0
11903 1768.0 631.0
11914 1760.0 613.0
11926 1743.0 593.0
11938 1715.0 571.0
11949 1676.0 548.0
11961 1627.0 525.0
11973 1570.0 503.0
11985 1506.0 483.0
11996 1437.0 466.0
12008 1361.0 451.0
12020 1282.0 438.0
12031 1189.0 426.0
12043 1085.0 417.0
12055 982.0 412.0
12067 882.0 413.0
12078 785.0 417.0
12090 693.0 425.0
12102 624.0 435.0
12113 557.0 447.0
12125 495.0 460.0
12137 439.0 475.0
12149 392.0 490.0
12160 351.0 506.0
12172 314.0 525.0
12184 281.0 546.0
12196 254.0 569.0
12208 234.0 593.0
12220 221.0 618.0
12231 214.0 643.0
12243 215.0 667.0
12255 222.0 690.0
12266 237.0 712.0
12278 259.0 733.0
12290 288.0 752.0
12302 326.0 769.0
12314 372.0 783.0
12325 425.0 796.0
12337 483.0 806.0
12349 546.0 815.0
12361 613.0 821.0
12372 682.0 825.0
12384 753.0 827.0
12396 826.0 827.0
12408 900.0 823.0
12420 974.0 817.0
12432 1048.0 809.0
12443 1123.0 800.0
12455 1198.0 791.0
12467 1272.0 783.0
12478 1343.0 776.0
12490 1411.0 768.0
12502 1473.0 759.0
12514 1530.0 747.0
12526 1581.0 734.0
12537 1625.0 720.0
12549 1660.0 704.0
12561 1687.0 687.0
12573 1706.0 669.0
12585 1719.0 652.0
12596 1725.0 636.0
12608 1724.0 619.0
12620 1715.0 601.0
12632 1693.0 580.0
12643 1660.0 559.0
12655 1615.0 537.0
12666 1561.0 516.0
12678 1499.0 496.0
12690 1431.0 479.0
12702 1359.0 463.0
12713 1285.0 451.0
12725 1208.0 440.0
12737 1129.0 431.0
12748 1049.0 425.0
12760 969.0 421.0
12772 889.0 421.0
12784 810.0 423.0
12795 733.0 427.0
12807 658.0 434.0
12819 586.0 443.0
12831 519.0 456.0
12843 457.0 470.0
12854 400.0 485.0
12866 350.0 502.0
12878 307.0 521.0
12890 273.0 541.0
12901 247.0 562.0
12913 227.0 585.0
12925 213.0 608.0
12937 203.0 633.0
12948 198.0 657.0
12960 198.0 683.0
12972 205.0 708.0
12984 219.0 733.0
12995 243.0 756.0
13007 275.0 776.0
13019 316.0 794.0
13030 364.0 811.0
13042 418.0 826.0
13054 478.0 839.0
13066 542.0 850.0
13078 610.0 858.0
13090 681.0 863.0
13101 755.0 865.0
13113 831.0 865.0
13125 908.0 861.0
13137 986.0 855.0
13148 1065.0 846.0
13160 1145.0 835.0
13172 1225.0 823.0
13184 1305.0 809.0
13196 1383.0 795.0
13207 1455.0 780.0
13219 1520.0 765.0
13231 1577.0 748.0
13243 1624.0 731.0
13254 1662.0 713.0
13266 1689.0 695.0
13278 1707.0 678.0
13290 1717.0 661.0
13302 1720.0 644.0
13313 1717.0 626.0
13325 1707.0 605.0
13337 1685.0 579.0
13348 1651.0 552.0
13360 1606.0 524.0
13372 1551.0 497.0
13384 1487.0 474.0
13395 1417.0 453.0
13407 1342.0 434.0
13419 1263.0 419.0
13431 1169.0 406.0
13442 1065.0 396.0
13454 961.0 391.0
13466 862.0 392.0
13478 768.0 399.0
13490 696.0 407.0
13501 628.0 418.0
13513 562.0 431.0
13525 502.0 445.0
13537 448.0 461.0
13548 395.0 480.0
13560 344.0 502.0
13572 299.0 528.0
13583 262.0 555.0
13595 234.0 584.0
13607 214.0 614.0
13619 203.0 643.0
13630 200.0 671.0
13642 204.0 699.0
13654 215.0 726.0
13666 233.0 751.0
13677 258.0 774.0
13690 291.0 794.0
13701 333.0 812.0
13713 384.0 827.0
13725 443.0 839.0
13737 509.0 848.0
13748 581.0 853.0
13760 658.0 855.0
13772 748.0 855.0
13784 849.0 852.0
13796 953.0 846.0
13807 1055.0 838.0
13819 1155.0 829.0
13831 1254.0 820.0
13843 1349.0 811.0
13855 1416.0 803.0
13866 1484.0 792.0
13878 1547.0 781.0
13890 1602.0 768.0
13901 1648.0 755.0
13913 1685.0 742.0
13925 1713.0 729.0
13937 1735.0 716.0
13949 1748.0 704.0
13961 1754.0 691.0
13972 1751.0 676.0
13984 1740.0 659.0
13996 1719.0 638.0
14008 1688.0 614.0
14019 1647.0 589.0
14031 1597.0 564.0
14043 1541.0 539.0
14055 1477.0 516.0
14066 1409.0 496.0
14078 1337.0 478.0
14090 1262.0 462.0
14101 1185.0 448.0
14113 1093.0 436.0
14125 992.0 427.0
14137 893.0 424.0
14148 817.0 426.0
14160 748.0 430.0
14172 680.0 437.0
14183 606.0 447.0
14195 529.0 461.0
14207 456.0 479.0
14219 389.0 499.0
14230 330.0 522.0
14243 276.0 548.0
14254 230.0 576.0
14266 191.0 604.0
14278 161.0 632.0
14290 138.0 661.0
14301 123.0 688.0
14313 117.0 714.0
14325 120.0 738.0
14337 133.0 760.0
14349 155.0 779.0
14360 186.0 795.0
14372 225.0 809.0
14384 274.0 821.0
14395 331.0 831.0
14408 395.0 840.0
14419 468.0 846.0
14431 557.0 850.0
14443 658.0 851.0
14454 760.0 851.0
14466 859.0 850.0
14478 957.0 848.0
14490 1056.0 844.0
14501 1154.0 837.0
14513 1248.0 829.0
14525 1319.0 821.0
14537 1393.0 813.0
14549 1459.0 804.0
14560 1517.0 793.0
14572 1569.0 781.0
14584 1614.0 769.0
14596 1654.0 757.0
14608 1687.0 744.0
14619 1716.0 731.0
14631 1739.0 716.0
14643 1753.0 700.0
14654 1758.0 683.0
14666 1754.0 663.0
14678 1741.0 640.0
14690 1719.0 614.0
14701 1689.0 586.0
14713 1652.0 557.0
14725 1608.0 529.0
14737 1557.0 502.0
14748 1499.0 476.0
14760 1433.0 454.0
14772 1361.0 435.0
14784 1271.0 418.0
14795 1171.0 403.0
14807 1070.0 393.0
14819 972.0 387.0
14830 876.0 386.0
14842 780.0 392.0
14854 685.0 402.0
14866 594.0 415.0
14877 528.0 430.0
14889 458.0 450.0
14901 395.0 474.0
14913 340.0 499.0
14924 292.0 527.0
14936 252.0 555.0
14948 220.0 584.0
14960 195.0 612.0
14971 176.0 643.0
14983 165.0 673.0
14995 164.0 701.0
15007 174.0 726.0
15018 195.0 749.0
15030 227.0 768.0
15042 268.0 785.0
15054 318.0 800.0
15066 376.0 813.0
15078 442.0 825.0
15089 514.0 835.0
15101 590.0 843.0
15113 669.0 848.0
15125 751.0 851.0
15136 845.0 851.0
15148 946.0 846.0
15160 1046.0 835.0
15172 1141.0 818.0
15184 1234.0 799.0
15195 1305.0 783.0
15207 1373.0 767.0
15219 1438.0 750.0
15230 1497.0 734.0
15242 1549.0 720.0
15254 1599.0 705.0
15266 1644.0 689.0
15278 1680.0 672.0
15289 1708.0 655.0
15301 1728.0 637.0
15313 1741.0 619.0
15325 1748.0 602.0
15336 1746.0 583.0
15348 1735.0 562.0
15360 1714.0 540.0
15371 1679.0 516.0
15383 1630.0 493.0
15395 1570.0 473.0
15407 1501.0 454.0
15418 1427.0 438.0
15430 1351.0 425.0
15442 1274.0 414.0
15453 1196.0 404.0
15465 1105.0 395.0
15477 1005.0 389.0
15489 904.0 386.0
15500 808.0 390.0
15512 734.0 397.0
15524 666.0 407.0
15535 599.0 419.0
15547 538.0 433.0
15559 477.0 451.0
15571 419.0 472.0
15582 368.0 496.0
15594 325.0 522.0
15606 290.0 550.0
15618 262.0 577.0
15629 243.0 604.0
15641 231.0 631.0
15653 226.0 658.0
15665 229.0 684.0
15677 238.0 710.0
15688 253.0 735.0
15701 275.0 760.0
15712 303.0 783.0
15724 339.0 803.0
15736 383.0 822.0
15748 436.0 838.0
15759 497.0 852.0
15771 565.0 862.0
15783 639.0 869.0
15794 717.0 874.0
15806 809.0 876.0
15818 910.0 872.0
15830 1012.0 861.0
15842 1112.0 845.0
15854 1208.0 826.0
15865 1280.0 810.0
15877 1348.0 793.0
15889 1414.0 776.0
15900 1474.0 759.0
15912 1526.0 742.0
15924 1577.0 723.0
15936 1625.0 703.0
15947 1668.0 683.0
15959 1704.0 663.0
15971 1733.0 645.0
15983 1752.0 628.0
15995 1761.0 612.0
16006 1761.0 597.0
16018 1752.0 580.0
16030 1732.0 559.0
16041 1700.0 535.0
16053 1657.0 509.0
16065 1608.0 485.0
16077 1551.0 462.0
16088 1489.0 442.0
16100 1421.0 424.0
16112 1348.0 409.0
16123 1260.0 395.0
16135 1159.0 383.0
16147 1057.0 376.0
16159 957.0 375.0
16171 859.0 379.0
16182 762.0 388.0
16194 670.0 403.0
16206 602.0 417.0
16218 532.0 433.0
16229 467.0 455.0
16241 410.0 478.0
16253 361.0 502.0
16264 321.0 525.0
16276 289.0 548.0
16288 262.0 573.0
16299 242.0 599.0
16311 231.0 623.0
16323 227.0 647.0
16335 230.0 671.0
16346 239.0 694.0
16358 256.0 718.0
16370 280.0 742.0
16382 313.0 764.0
16394 356.0 785.0
16406 409.0 803.0
16417 472.0 818.0
16429 542.0 831.0
16441 618.0 841.0
16453 697.0 848.0
16465 790.0 851.0
16476 891.0 850.0
16488 992.0 842.0
16500 1090.0 830.0
16512 1187.0 815.0
16523 1280.0 797.0
16535 1349.0 784.0
16547 1416.0 769.0
16559 1480.0 753.0
16571 1537.0 738.0
16582 1587.0 725.0
16594 1630.0 712.0
16606 1670.0 697.0
16618 1705.0 681.0
16629 1731.0 665.0
16641 1749.0 649.0
16653 1757.0 633.0
16665 1757.0 616.0
16676 1748.0 597.0
16688 1726.0 575.0
16700 1692.0 551.0
16712 1647.0 526.0
16723 1593.0 502.0
16735 1531.0 480.0
16747 1464.0 459.0
16759 1391.0 439.0
16771 1303.0 419.0
16782 1205.0 401.0
16794 1105.0 387.0
16806 1006.0 379.0
16817 906.0 378.0
16829 806.0 380.0
16841 709.0 388.0
16853 616.0 400.0
16864 546.0 412.0
16876 471.0 428.0
16888 401.0 448.0
16899 338.0 469.0
16911 282.0 491.0
16923 232.0 513.0
16935 191.0 535.0
16946 158.0 557.0
16958 131.0 582.0
16970 111.0 608.0
16982 100.0 634.0
16993 97.0 661.0
17005 102.0 687.0
17017 115.0 713.0
17029 137.0 739.0
17041 167.0 763.0
17052 205.0 785.0
17064 253.0 804.0
17076 309.0 819.0
17088 373.0 832.0
17100 444.0 843.0
17111 519.0 850.0
17123 610.0 854.0
17135 711.0 855.0
17147 811.0 852.0
17158 909.0 846.0
17170 1005.0 838.0
17182 1103.0 827.0
17194 1201.0 816.0
17206 1296.0 806.0
17217 1365.0 798.0
17229 1440.0 787.0
17241 1508.0 776.0
17253 1566.0 764.0
17264 1614.0 750.0
17276 1652.0 733.0
17288 1681.0 716.0
17300 1704.0 698.0
17311 1724.0 677.0
17323 1740.0 655.0
17335 1751.0 632.0
17347 1757.0 611.0
17358 1757.0 590.0
17371 1750.0 570.0
17382 1730.0 547.0
17394 1697.0 524.0
17406 1651.0 501.0
17417 1592.0 480.0
17429 1525.0 460.0
17441 1451.0 442.0
17452 1373.0 427.0
17464 1293.0 414.0
17476 1200.0 403.0
17488 1098.0 394.0
17499 996.0 391.0
17511 896.0 392.0
17523 797.0 399.0
17535 723.0 408.0
17546 651.0 419.0
17558 581.0 432.0
17570 517.0 447.0
17581 459.0 463.0
17593 401.0 481.0
17605 343.0 502.0
17617 290.0 525.0
17629 244.0 549.0
17640 206.0 575.0
17652 178.0 601.0
17664 161.0 626.0
17676 155.0 651.0
17688 157.0 675.0
17699 168.0 698.0
17711 188.0 720.0
17723 215.0 742.0
17735 250.0 764.0
17746 291.0 783.0
17758 337.0 801.0
17770 389.0 816.0
17782 448.0 830.0
17794 512.0 842.0
17805 581.0 851.0
17817 653.0 857.0
17829 728.0 860.0
17841 804.0 860.0
17853 883.0 858.0
17864 962.0 854.0
17876 1043.0 849.0
17888 1123.0 842.0
17900 1204.0 835.0
17911 1283.0 827.0
17923 1359.0 819.0
17935 1431.0 810.0
17947 1497.0 799.0
17959 1555.0 786.0
17971 1605.0 770.0
17982 1647.0 750.0
17994 1683.0 730.0
18006 1712.0 709.0
18017 1734.0 689.0
18029 1749.0 671.0
18041 1755.0 653.0
18053 1752.0 635.0
18064 1738.0 613.0
18076 1713.0 588.0
18088 1678.0 561.0
18100 1633.0 533.0
18111 1579.0 505.0
18123 1517.0 477.0
18135 1447.0 452.0
18147 1371.0 429.0
18159 1279.0 408.0
18170 1177.0 391.0
18182 1075.0 380.0
18193 975.0 376.0
18205 875.0 375.0
18217 776.0 378.0
18229 680.0 386.0
18241 587.0 398.0
18252 520.0 410.0
18264 450.0 426.0
18275 386.0 445.0
18287 331.0 467.0
18299 284.0 490.0
18311 242.0 515.0
18323 208.0 540.0
18334 180.0 565.0
18346 159.0 593.0
18358 146.0 622.0
18370 140.0 652.0
18381 143.0 680.0
18393 154.0 707.0
18405 172.0 732.0
18417 199.0 755.0
18429 233.0 775.0
18441 274.0 793.0
18452 322.0 809.0
18464 377.0 822.0
18476 440.0 833.0
18488 509.0 843.0
18499 582.0 850.0
18511 658.0 855.0
18523 736.0 858.0
18535 817.0 860.0
18546 898.0 861.0
18559 981.0 860.0
18570 1063.0 856.0
18582 1143.0 849.0
18594 1223.0 838.0
18605 1298.0 825.0
18617 1369.0 810.0
18629 1434.0 792.0
18641 1493.0 773.0
18652 1545.0 752.0
18664 1591.0 731.0
18676 1630.0 711.0
18688 1662.0 693.0
18700 1685.0 675.0
18712 1699.0 659.0
18723 1703.0 641.0
18735 1699.0 622.0
18747 1683.0 598.0
18759 1655.0 571.0
18770 1615.0 540.0
18782 1566.0 510.0
18794 1510.0 480.0
18805 1448.0 453.0
18817 1381.0 429.0
18829 1311.0 407.0
18841 1236.0 387.0
18852 1145.0 368.0
18864 1041.0 353.0
18876 936.0 345.0
18887 833.0 344.0
18899 734.0 352.0
18911 641.0 365.0
18923 572.0 378.0
18934 505.0 395.0
18946 441.0 414.0
18958 383.0 435.0
18970 331.0 457.0
18982 286.0 479.0
18993 244.0 505.0
19005 207.0 534.0
19017 178.0 563.0
19029 160.0 592.0
19041 153.0 620.0
19052 154.0 648.0
19064 163.0 674.0
19076 180.0 700.0
19087 204.0 726.0
19099 236.0 751.0
19111 275.0 775.0
19123 322.0 797.0
19135 377.0 817.0
19146 439.0 836.0
19159 508.0 853.0
19170 582.0 866.0
19182 659.0 877.0
19194 737.0 884.0
19206 816.0 886.0
19217 895.0 885.0
19229 974.0 878.0
19241 1054.0 867.0
19253 1134.0 854.0
19265 1214.0 839.0
19276 1291.0 822.0
19288 1362.0 805.0
19300 1425.0 787.0
19312 1479.0 770.0
19323 1523.0 752.0
19335 1559.0 733.0
19347 1587.0 713.0
19359 1608.0 692.0
19370 1624.0 671.0
19382 1633.0 650.0
19394 1637.0 629.0
19406 1632.0 607.0
19418 1618.0 582.0
19429 1592.0 555.0
19441 1555.0 528.0
19453 1507.0 502.0
19464 1451.0 478.0
19476 1388.0 457.0
19488 1322.0 438.0
19500 1253.0 422.0
19511 1181.0 409.0
19523 1105.0 397.0
19535 1014.0 387.0
19546 913.0 380.0
19558 833.0 378.0
19570 763.0 381.0
19582 690.0 387.0
19593 614.0 396.0
19605 540.0 408.0
19617 471.0 423.0
19629 409.0 441.0
19640 354.0 461.0
19652 307.0 484.0
19664 267.0 508.0
19676 235.0 533.0
19687 212.0 559.0
19700 198.0 586.0
19711 192.0 613.0
19723 194.0 640.0
19735 201.0 668.0
19746 216.0 697.0
19758 237.0 726.0
19770 266.0 754.0
19782 302.0 780.0
19793 346.0 804.0
19805 399.0 825.0
19817 458.0 843.0
19829 525.0 857.0
19841 597.0 867.0
19853 672.0 873.0
19864 750.0 876.0
19876 842.0 873.0
19888 943.0 864.0
19899 1043.0 851.0
19911 1140.0 833.0
19923 1236.0 814.0
19935 1310.0 798.0
19946 1379.0 784.0
19958 1444.0 768.0
19970 1500.0 753.0
19982 1545.0 740.0
19994 1582.0 727.0
20005 1610.0 714.0
20017 1630.0 700.0
20029 1643.0 686.0
20041 1652.0 671.0
20053 1654.0 653.0
20064 1650.0 632.0
20076 1635.0 607.0
20088 1609.0 577.0
20099 1569.0 546.0
20111 1518.0 515.0
20123 1457.0 487.0
20135 1389.0 461.0
20146 1316.0 439.0
20158 1228.0 417.0
20170 1128.0 399.0
20182 1024.0 385.0
20193 919.0 378.0
20205 814.0 378.0
20217 710.0 385.0
20229 612.0 397.0
20240 520.0 415.0
20252 454.0 432.0
20264 384.0 454.0
20276 321.0 477.0
20287 267.0 501.0
20299 220.0 528.0
20311 180.0 554.0
20323 147.0 580.0
20335 124.0 604.0
20346 109.0 629.0
20358 102.0 656.0
20370 103.0 682.0
20382 113.0 709.0
20393 132.0 735.0
20405 160.0 760.0
20417 197.0 784.0
20429 242.0 805.0
20441 295.0 824.0
20453 355.0 840.0
20464 423.0 853.0
20476 496.0 862.0
20488 573.0 868.0
20499 654.0 871.0
20511 748.0 872.0
20523 850.0 869.0
20535 951.0 864.0
20547 1048.0 855.0
20559 1143.0 841.0
20571 1235.0 826.0
20582 1306.0 813.0
20594 1375.0 801.0
20606 1441.0 789.0
20618 1500.0 778.0
20629 1551.0 768.0
20641 1595.0 759.0
20653 1636.0 747.0
20665 1674.0 734.0
20676 1705.0 720.0
20688 1728.0 704.0
20700 1742.0 685.0
20712 1747.0 664.0
20723 1741.0 640.0
20735 1727.0 612.0
20747 1702.0 582.0
20759 1669.0 551.0
20771 1624.0 521.0
20782 1569.0 490.0
20794 1504.0 462.0
20806 1431.0 437.0
20817 1353.0 417.0
20829 1260.0 401.0
20841 1155.0 389.0
20853 1045.0 384.0
20864 937.0 386.0
20876 831.0 394.0
20888 727.0 406.0
20900 623.0 421.0
20911 523.0 442.0
20923 453.0 463.0
20935 381.0 485.0
20947 319.0 507.0
20959 267.0 533.0
20970 223.0 559.0
20982 186.0 585.0
20994 157.0 612.0
21006 135.0 637.0
21018 120.0 665.0
21029 113.0 694.0
21041 116.0 722.0
21053 128.0 749.0
21065 150.0 775.0
21076 184.0 797.0
21088 227.0 817.0
21100 280.0 834.0
21112 340.0 848.0
21123 408.0 858.0
21136 481.0 866.0
21147 559.0 872.0
21159 640.0 876.0
21171 735.0 878.0
21183 838.0 877.0
21194 939.0 874.0
21206 1035.0 868.0
21218 1128.0 860.0
21229 1201.0 854.0
21241 1271.0 848.0
21253 1340.0 842.0
21265 1404.0 835.0
21277 1461.0 828.0
21289 1517.0 820.0
21301 1570.0 809.0
21312 1618.0 797.0
21324 1658.0 783.0
21336 1688.0 769.0
21347 1708.0 753.0
21359 1720.0 738.0
21371 1724.0 720.0
21383 1723.0 700.0
21394 1714.0 676.0
21406 1695.0 647.0
21418 1667.0 615.0
21430 1628.0 580.0
21442 1581.0 546.0
21454 1526.0 514.0
21465 1465.0 484.0
21477 1401.0 458.0
21489 1332.0 436.0
21500 1259.0 419.0
21512 1168.0 406.0
21524 1063.0 400.0
21536 952.0 401.0
21547 843.0 410.0
21559 741.0 423.0
21571 668.0 435.0
21582 599.0 450.0
21594 533.0 467.0
21606 473.0 486.0
21618 420.0 505.0
21630 369.0 527.0
21641 323.0 550.0
21653 287.0 575.0
21665 263.0 599.0
21677 251.0 623.0
21688 248.0 645.0
21700 254.0 669.0
21712 267.0 693.0
21724 286.0 718.0
21736 312.0 743.0
21747 345.0 768.0
21759 385.0 791.0
21771 434.0 811.0
21783 491.0 830.0
21795 555.0 845.0
21806 626.0 859.0
21818 700.0 872.0
21830 777.0 883.0
21842 854.0 890.0
21854 932.0 894.0
21865 1011.0 893.0
21877 1090.0 886.0
21889 1169.0 876.0
21901 1249.0 864.0
21913 1327.0 852.0
21925 1402.0 840.0
21936 1472.0 829.0
21948 1534.0 818.0
21960 1589.0 807.0
21972 1637.0 795.0
21983 1677.0 782.0
21995 1708.0 768.0
22007 1731.0 751.0
22019 1745.0 734.0
22030 1750.0 714.0
22042 1745.0 692.0
22054 1731.0 665.0
22066 1709.0 634.0
22078 1679.0 600.0
22090 1642.0 566.0
22101 1601.0 532.0
22113 1554.0 500.0
22125 1500.0 471.0
22136 1439.0 444.0
22148 1371.0 422.0
22160 1297.0 402.0
22172 1206.0 385.0
22183 1103.0 370.0
22195 999.0 361.0
22207 899.0 357.0
22219 799.0 360.0
22230 701.0 369.0
22242 605.0 382.0
22254 514.0 399.0
22265 448.0 415.0
22277 378.0 436.0
22289 317.0 458.0
22301 264.0 482.0
22312 216.0 507.0
22324 174.0 533.0
22336 141.0 559.0
22348 115.0 584.0
22360 94.0 610.0
22371 79.0 637.0
22383 72.0 664.0
22395 75.0 690.0
22407 88.0 714.0
22418 110.0 736.0
22430 140.0 757.0
22442 179.0 775.0
22454 227.0 792.0
22466 283.0 805.0
22477 347.0 816.0
22489 418.0 823.0
22501 495.0 828.0
22513 575.0 831.0
22525 669.0 830.0
22536 771.0 828.0
22548 871.0 824.0
22560 967.0 819.0
22572 1040.0 813.0
22583 1130.0 804.0
22596 1206.0 796.0
22607 1276.0 788.0
22619 1343.0 782.0
22631 1404.0 777.0
22643 1464.0 770.0
22654 1521.0 761.0
22666 1569.0 749.0
22678 1607.0 734.0
22690 1635.0 716.0
22701 1656.0 697.0
22713 1671.0 677.0
22725 1680.0 656.0
22737 1684.0 635.0
22748 1682.0 613.0
22760 1672.0 588.0
22772 1651.0 560.0
22784 1619.0 529.0
22795 1575.0 498.0
22807 1522.0 470.0
22819 1462.0 445.0
22831 1397.0 423.0
22843 1328.0 405.0
22854 1256.0 390.0
22866 1181.0 379.0
22877 1102.0 371.0
22889 1021.0 366.0
22901 927.0 365.0
22913 823.0 366.0
22925 717.0 372.0
22936 613.0 382.0
22948 510.0 398.0
22960 414.0 417.0
22972 347.0 435.0
22983 285.0 455.0
22995 231.0 478.0
23007 185.0 500.0
23019 149.0 523.0
23030 122.0 545.0
23042 101.0 569.0
23054 85.0 594.0
23066 78.0 620.0
23077 78.0 646.0
23089 88.0 671.0
23101 105.0 695.0
23113 131.0 719.0
23125 164.0 742.0
23136 206.0 763.0
23148 255.0 783.0
23160 310.0 800.0
23171 371.0 815.0
23183 436.0 827.0
23195 505.0 838.0
23207 576.0 846.0
23219 650.0 849.0
23231 727.0 850.0
23242 806.0 849.0
23254 887.0 846.0
23266 968.0 842.0
23278 1050.0 836.0
23289 1132.0 829.0
23301 1212.0 822.0
23313 1289.0 815.0
23325 1364.0 808.0
23337 1433.0 799.0
23348 1495.0 789.0
23360 1550.0 776.0
23372 1598.0 761.0
23384 1637.0 743.0
23396 1671.0 725.0
23408 1699.0 707.0
23419 1720.0 688.0
23431 1734.0 669.0
23443 1741.0 650.0
23454 1741.0 629.0
23466 1733.0 606.0
23478 1715.0 580.0
23490 1688.0 552.0
23501 1653.0 523.0
23513 1611.0 496.0
23525 1564.0 469.0
23537 1511.0 445.0
23548 1453.0 424.0
23560 1388.0 406.0
23572 1318.0 391.0
23584 1242.0 379.0
23595 1150.0 370.0
23607 1047.0 364.0
23619 945.0 365.0
23630 848.0 370.0
23642 774.0 377.0
23654 703.0 387.0
23666 633.0 399.0
23677 565.0 412.0
23689 494.0 429.0
23701 422.0 449.0
23713 356.0 471.0
23724 301.0 495.0
23736 258.0 519.0
23748 226.0 543.0
23760 204.0 567.0
23772 191.0 592.0
23784 185.0 616.0
23795 184.0 641.0
23807 189.0 665.0
23818 201.0 688.0
23831 219.0 712.0
23842 247.0 734.0
23854 285.0 754.0
23866 332.0 771.0
23877 388.0 784.0
23889 452.0 795.0
23901 520.0 805.0
23913 592.0 813.0
23925 666.0 820.0
23936 742.0 826.0
23948 818.0 831.0
23960 896.0 835.0
23972 974.0 837.0
23984 1053.0 837.0
23996 1130.0 834.0
24007 1205.0 827.0
24019 1277.0 818.0
24031 1343.0 806.0
24043 1403.0 791.0
24054 1457.0 775.0
24067 1504.0 758.0
24078 1544.0 741.0
24090 1577.0 725.0
24102 1601.0 710.0
24113 1619.0 694.0
24125 1629.0 678.0
24137 1634.0 660.0
24149 1633.0 639.0
24160 1626.0 614.0
24172 1612.0 584.0
24184 1591.0 551.0
24196 1563.0 517.0
24207 1526.0 483.0
24219 1482.0 451.0
24231 1429.0 422.0
24243 1369.0 398.0
24254 1302.0 379.0
24266 1229.0 364.0
24278 1138.0 354.0
24289 1037.0 349.0
24301 934.0 350.0
24313 834.0 356.0
24325 738.0 367.0
24337 645.0 382.0
24348 575.0 397.0
24360 506.0 414.0
24372 440.0 432.0
24383 382.0 452.0
24395 331.0 473.0
24407 288.0 495.0
24419 246.0 520.0
24431 207.0 548.0
24443 174.0 577.0
24454 152.0 605.0
24466 140.0 632.0
24478 137.0 656.0
24490 145.0 680.0
24502 161.0 704.0
24513 187.0 726.0
24525 222.0 748.0
24537 265.0 767.0
24548 317.0 783.0
24560 376.0 796.0
24572 443.0 806.0
24584 516.0 815.0
24596 592.0 823.0
24607 671.0 830.0
24619 749.0 837.0
24631 828.0 844.0
24643 907.0 847.0
24655 986.0 847.0
24667 1065.0 840.0
24678 1158.0 826.0
24690 1238.0 812.0
24702 1315.0 796.0
24714 1389.0 780.0
24725 1458.0 765.0
24737 1517.0 751.0
24749 1566.0 738.0
24761 1602.0 724.0
24773 1629.0 710.0
24784 1648.0 694.0
24796 1661.0 676.0
24808 1668.0 657.0
24820 1670.0 636.0
24832 1665.0 611.0
24843 1651.0 582.0
24855 1629.0 550.0
24866 1595.0 517.0
24878 1549.0 484.0
24890 1495.0 454.0
24902 1436.0 427.0
24914 1372.0 403.0
24925 1306.0 382.0
24937 1234.0 364.0
24949 1156.0 350.0
24960 1062.0 339.0
24972 957.0 335.0
24984 848.0 337.0
24996 743.0 347.0
25007 646.0 361.0
25019 576.0 376.0
25031 510.0 394.0
25043 448.0 413.0
25054 392.0 434.0
25066 344.0 454.0
25078 297.0 478.0
25090 254.0 505.0
25102 215.0 534.0
25113 184.0 562.0
25125 162.0 590.0
25137 149.0 617.0
25149 145.0 641.0
25161 150.0 664.0
25172 162.0 687.0
25184 181.0 711.0
25196 209.0 734.0
25208 243.0 756.0
25220 285.0 776.0
25231 333.0 794.0
25243 390.0 809.0
25255 453.0 820.0
25267 524.0 828.0
25278 599.0 833.0
25290 678.0 836.0
25302 757.0 839.0
25314 838.0 839.0
25325 918.0 837.0
25337 998.0 833.0
25349 1078.0 826.0
25361 1158.0 816.0
25373 1236.0 804.0
25385 1311.0 791.0
25396 1380.0 778.0
25408 1441.0 766.0
25420 1494.0 755.0
25432 1539.0 745.0
25443 1576.0 734.0
25455 1607.0 722.0
25467 1632.0 710.0
25479 1651.0 695.0
25491 1664.0 680.0
25503 1671.0 664.0
25514 1671.0 647.0
25526 1664.0 628.0
25538 1649.0 606.0
25550 1627.0 583.0
25561 1596.0 558.0
25573 1556.0 532.0
25585 1509.0 505.0
25596 1455.0 480.0
25608 1395.0 457.0
25620 1330.0 438.0
25632 1261.0 424.0
25643 1187.0 413.0
25655 1098.0 407.0
25667 998.0 404.0
25679 897.0 406.0
25690 800.0 413.0
25702 706.0 422.0
25714 634.0 432.0
25726 567.0 444.0
25738 505.0 458.0
25749 450.0 473.0
25761 402.0 488.0
25773 356.0 506.0
25784 314.0 527.0
25796 278.0 549.0
25808 249.0 573.0
25820 226.0 597.0
25832 210.0 621.0
25844 200.0 646.0
25855 199.0 670.0
25867 205.0 693.0
25879 220.0 716.0
25891 244.0 739.0
25903 276.0 761.0
25914 316.0 781.0
25926 363.0 798.0
25938 418.0 813.0
25950 480.0 825.0
25961 549.0 835.0
25973 624.0 840.0
25985 717.0 842.0
25997 820.0 840.0
26009 923.0 836.0
26020 999.0 831.0
26032 1067.0 825.0
26044 1133.0 819.0
26056 1203.0 812.0
26068 1275.0 803.0
26079 1344.0 793.0
26091 1407.0 782.0
26103 1463.0 772.0
26115 1512.0 762.0
26127 1553.0 751.0
26138 1586.0 740.0
26150 1610.0 728.0
26162 1627.0 715.0
26174 1638.0 700.0
26186 1646.0 684.0
26197 1651.0 666.0
26209 1653.0 647.0
26221 1651.0 626.0
26232 1646.0 602.0
26244 1635.0 576.0
26256 1618.0 547.0
26268 1590.0 516.0
26280 1553.0 486.0
26291 1505.0 460.0
26303 1448.0 438.0
26315 1385.0 420.0
26326 1316.0 406.0
26338 1242.0 395.0
26350 1165.0 386.0
26362 1085.0 379.0
26374 1003.0 375.0
26385 909.0 374.0
26397 806.0 376.0
26409 706.0 382.0
26421 631.0 391.0
26432 567.0 401.0
26444 506.0 413.0
26456 444.0 428.0
26467 382.0 446.0
26479 325.0 466.0
26491 276.0 488.0
26503 235.0 511.0
26515 202.0 536.0
26526 176.0 562.0
26538 157.0 589.0
26550 146.0 615.0
26562 142.0 641.0
26574 145.0 666.0
26585 156.0 691.0
26597 175.0 714.0
26609 203.0 736.0
26621 238.0 756.0
26632 282.0 772.0
26645 331.0 787.0
26656 388.0 798.0
26668 451.0 805.0
26680 519.0 810.0
26692 592.0 811.0
26703 669.0 811.0
26715 748.0 808.0
26727 829.0 804.0
26739 911.0 798.0
26750 993.0 793.0
26762 1074.0 788.0
26774 1153.0 783.0
26786 1230.0 778.0
26797 1305.0 772.0
26809 1375.0 766.0
26821 1441.0 759.0
26833 1499.0 750.0
26845 1549.0 739.0
26856 1589.0 727.0
26868 1619.0 713.0
26880 1639.0 699.0
26892 1650.0 684.0
26903 1655.0 670.0
26915 1652.0 654.0
26927 1643.0 634.0
26939 1626.0 611.0
26950 1601.0 585.0
26962 1567.0 557.0
26974 1525.0 528.0
26986 1477.0 501.0
26997 1422.0 477.0
27009 1362.0 455.0
27021 1298.0 436.0
27033 1230.0 420.0
27045 1160.0 408.0
27056 1088.0 400.0
27068 1013.0 395.0
27080 936.0 394.0
27091 858.0 397.0
27103 779.0 404.0
27115 700.0 416.0
27127 622.0 430.0
27138 548.0 448.0
27150 482.0 468.0
27162 425.0 489.0
27174 376.0 512.0
27185 335.0 535.0
27197 301.0 559.0
27209 275.0 584.0
27221 255.0 609.0
27233 243.0 634.0
27245 239.0 658.0
27256 242.0 682.0
27268 252.0 707.0
27280 270.0 732.0
27292 296.0 756.0
27303 329.0 779.0
27315 369.0 799.0
27327 416.0 818.0
27339 469.0 836.0
27351 527.0 852.0
27362 591.0 865.0
27374 659.0 875.0
27386 731.0 882.0
27398 806.0 886.0
27410 884.0 886.0
27421 962.0 882.0
27433 1041.0 875.0
27445 1121.0 866.0
27457 1199.0 856.0
27468 1274.0 845.0
27480 1345.0 834.0
27492 1410.0 823.0
27504 1468.0 812.0
27516 1517.0 801.0
27527 1558.0 787.0
27540 1588.0 772.0
27551 1609.0 755.0
27563 1622.0 738.0
27575 1628.0 719.0
27586 1627.0 699.0
27598 1621.0 677.0
27610 1610.0 653.0
27621 1592.0 628.0
27633 1567.0 601.0
27645 1534.0 573.0
27657 1494.0 544.0
27668 1446.0 515.0
27680 1393.0 487.0
27692 1335.0 463.0
27704 1271.0 442.0
27716 1204.0 425.0
27727 1133.0 412.0
27739 1058.0 403.0
27751 968.0 398.0
27763 868.0 399.0
27774 767.0 406.0
27786 669.0 418.0
27798 574.0 435.0
27810 502.0 451.0
27821 437.0 469.0
27833 377.0 488.0
27845 327.0 507.0
27857 285.0 526.0
27868 247.0 546.0
27880 216.0 568.0
27892 193.0 590.0
27904 179.0 611.0
27916 172.0 632.0
27927 173.0 653.0
27939 181.0 674.0
27951 196.0 696.0
27963 218.0 717.0
27974 247.0 739.0
27986 283.0 759.0
27998 327.0 779.0
28010 378.0 796.0
28022 436.0 811.0
28034 499.0 823.0
28045 566.0 833.0
28057 636.0 840.0
28069 708.0 845.0
28081 781.0 846.0
28093 855.0 843.0
28104 931.0 837.0
28116 1006.0 828.0
28128 1080.0 817.0
28140 1152.0 805.0
28152 1223.0 791.0
28163 1290.0 776.0
28175 1351.0 760.0
28187 1404.0 743.0
28199 1449.0 725.0
28211 1487.0 707.0
28223 1520.0 688.0
28234 1546.0 668.0
28246 1568.0 648.0
28258 1586.0 629.0
28270 1599.0 611.0
28281 1608.0 593.0
28293 1612.0 576.0
28305 1610.0 557.0
28316 1599.0 535.0
28328 1575.0 510.0
28340 1536.0 483.0
28352 1483.0 460.0
28363 1423.0 440.0
28375 1356.0 423.0
28387 1286.0 408.0
28398 1210.0 396.0
28410 1132.0 387.0
28422 1039.0 381.0
28434 939.0 378.0
28445 838.0 381.0
28457 762.0 386.0
28469 693.0 395.0
28480 627.0 405.0
28492 555.0 418.0
28504 482.0 434.0
28516 414.0 453.0
28528 354.0 472.0
28539 302.0 491.0
28551 257.0 512.0
28563 219.0 532.0
28575 189.0 554.0
28586 166.0 575.0
28598 152.0 596.0
28610 145.0 616.0
28622 145.0 636.0
28634 152.0 656.0
28645 164.0 676.0
28657 184.0 697.0
28669 211.0 718.0
28681 245.0 738.0
28693 286.0 756.0
28705 335.0 772.0
28716 391.0 786.0
28728 453.0 799.0
28740 520.0 809.0
28752 590.0 817.0
28764 662.0 823.0
28775 738.0 827.0
28787 828.0 829.0
28799 928.0 826.0
28811 1029.0 821.0
28822 1125.0 813.0
28834 1217.0 804.0
28846 1288.0 796.0
28858 1355.0 789.0
28869 1420.0 782.0
28881 1479.0 775.0
28893 1530.0 766.0
28905 1580.0 755.0
28917 1626.0 741.0
28928 1665.0 727.0
28940 1696.0 712.0
28952 1719.0 697.0
28964 1735.0 682.0
28976 1745.0 667.0
28987 1749.0 652.0
