0 404.0 332.0
12 411.0 326.0
23 430.0 310.0
35 461.0 288.0
47 501.0 266.0
58 547.0 248.0
70 590.0 239.0
82 636.0 233.0
93 685.0 231.0
105 734.0 231.0
117 784.0 233.0
128 833.0 236.0
140 881.0 240.0
152 929.0 244.0
163 976.0 247.0
175 1023.0 250.0
187 1070.0 254.0
198 1116.0 258.0
210 1162.0 264.0
222 1205.0 272.0
233 1247.0 280.0
245 1287.0 289.0
257 1325.0 299.0
269 1362.0 310.0
280 1398.0 321.0
292 1432.0 333.0
304 1464.0 344.0
316 1494.0 355.0
327 1522.0 366.0
339 1548.0 377.0
351 1573.0 389.0
362 1597.0 401.0
374 1619.0 414.0
386 1639.0 427.0
397 1658.0 440.0
409 1674.0 454.0
421 1688.0 468.0
433 1700.0 481.0
444 1711.0 495.0
456 1720.0 509.0
468 1727.0 523.0
480 1734.0 537.0
491 1740.0 551.0
503 1744.0 566.0
515 1746.0 582.0
526 1746.0 598.0
538 1743.0 614.0
550 1739.0 631.0
562 1733.0 648.0
573 1725.0 666.0
586 1716.0 685.0
597 1706.0 704.0
609 1694.0 724.0
621 1681.0 744.0
632 1666.0 765.0
644 1649.0 785.0
656 1630.0 805.0
668 1610.0 823.0
680 1587.0 840.0
691 1564.0 854.0
703 1539.0 867.0
715 1514.0 878.0
727 1488.0 887.0
739 1461.0 896.0
750 1433.0 905.0
762 1404.0 914.0
774 1374.0 923.0
786 1344.0 932.0
798 1313.0 941.0
809 1281.0 948.0
821 1248.0 953.0
833 1213.0 957.0
845 1178.0 959.0
857 1142.0 960.0
868 1106.0 960.0
880 1069.0 959.0
892 1032.0 958.0
903 993.0 957.0
915 954.0 956.0
927 915.0 955.0
939 876.0 954.0
950 836.0 954.0
962 798.0 954.0
974 760.0 954.0
986 723.0 954.0
998 687.0 953.0
1010 653.0 952.0
1021 621.0 951.0
1033 589.0 950.0
1045 560.0 947.0
1057 531.0 944.0
1068 505.0 940.0
1080 479.0 935.0
1092 454.0 928.0
1104 430.0 921.0
1116 407.0 912.0
1127 386.0 903.0
1139 365.0 892.0
1151 344.0 878.0
1163 323.0 863.0
1175 303.0 847.0
1186 283.0 830.0
1198 263.0 813.0
1210 243.0 794.0
1221 224.0 775.0
1233 207.0 755.0
1245 191.0 734.0
1257 177.0 713.0
1269 164.0 691.0
1280 153.0 670.0
1292 144.0 650.0
1304 135.0 631.0
1315 127.0 613.0
1327 121.0 596.0
1339 115.0 579.0
1351 111.0 563.0
1363 107.0 548.0
1374 105.0 532.0
1386 103.0 518.0
1398 103.0 503.0
1410 105.0 492.0
1421 107.0 480.0
1433 110.0 469.0
1445 113.0 461.0
1457 117.0 452.0
1468 122.0 443.0
1480 128.0 435.0
1491 136.0 428.0
1503 145.0 422.0
1515 154.0 415.0
1527 164.0 407.0
1538 176.0 400.0
1550 189.0 393.0
1562 203.0 386.0
1573 219.0 380.0
1585 236.0 374.0
1597 254.0 367.0
1609 274.0 358.0
1620 295.0 350.0
1632 318.0 341.0
1644 342.0 331.0
1656 366.0 321.0
1667 393.0 310.0
1679 422.0 299.0
1690 451.0 288.0
1702 482.0 276.0
1714 513.0 264.0
1726 545.0 253.0
1737 577.0 242.0
1749 610.0 233.0
1760 642.0 226.0
1772 674.0 220.0
1784 706.0 216.0
1795 737.0 212.0
1807 768.0 208.0
1819 799.0 205.0
1830 831.0 202.0
1842 865.0 199.0
1854 898.0 197.0
1865 932.0 196.0
1877 967.0 196.0
1889 1002.0 197.0
1900 1036.0 200.0
1912 1070.0 203.0
1924 1104.0 207.0
1936 1139.0 213.0
1947 1174.0 220.0
1959 1209.0 227.0
1970 1244.0 236.0
1982 1279.0 246.0
1994 1313.0 256.0
2006 1348.0 266.0
2017 1381.0 278.0
2029 1414.0 290.0
2041 1447.0 302.0
2052 1480.0 316.0
2064 1511.0 329.0
2076 1539.0 343.0
2087 1565.0 357.0
2099 1589.0 372.0
2111 1611.0 388.0
2122 1630.0 404.0
2134 1648.0 421.0
2146 1666.0 438.0
2158 1682.0 455.0
2170 1697.0 472.0
2181 1710.0 488.0
2193 1721.0 504.0
2205 1731.0 518.0
2216 1739.0 532.0
2228 1746.0 544.0
2240 1752.0 556.0
2252 1758.0 567.0
2263 1764.0 579.0
2275 1770.0 590.0
2287 1775.0 601.0
2299 1780.0 612.0
2310 1784.0 624.0
2322 1786.0 636.0
2334 1785.0 649.0
2346 1782.0 662.0
2357 1777.0 676.0
2369 1769.0 689.0
2381 1759.0 704.0
2393 1745.0 719.0
2405 1727.0 736.0
2416 1707.0 754.0
2428 1682.0 775.0
2440 1653.0 797.0
2452 1620.0 821.0
2463 1582.0 846.0
2476 1541.0 870.0
2487 1496.0 891.0
2499 1449.0 908.0
2511 1400.0 919.0
2522 1350.0 927.0
2534 1298.0 932.0
2546 1242.0 936.0
2558 1183.0 938.0
2570 1121.0 940.0
2581 1055.0 941.0
2593 987.0 941.0
2605 915.0 940.0
2617 843.0 938.0
2629 772.0 934.0
2640 703.0 925.0
2652 637.0 913.0
2664 577.0 898.0
2676 519.0 880.0
2687 465.0 860.0
2699 414.0 839.0
2711 367.0 818.0
2723 325.0 796.0
2734 286.0 774.0
2746 253.0 751.0
2758 221.0 727.0
2770 194.0 703.0
2781 170.0 679.0
2793 151.0 656.0
2805 135.0 633.0
2817 122.0 613.0
2829 112.0 594.0
2840 104.0 575.0
2852 99.0 557.0
2864 94.0 540.0
2875 91.0 522.0
2887 90.0 505.0
2899 91.0 487.0
2910 94.0 470.0
2922 100.0 454.0
2934 108.0 438.0
2946 117.0 423.0
2958 127.0 410.0
2969 139.0 397.0
2981 154.0 385.0
2992 170.0 372.0
3004 188.0 359.0
3016 208.0 346.0
3028 230.0 334.0
3039 253.0 323.0
3051 276.0 312.0
3062 300.0 301.0
3074 325.0 292.0
3086 350.0 285.0
3098 376.0 277.0
3109 404.0 268.0
3121 432.0 258.0
3133 463.0 249.0
3145 494.0 240.0
3156 529.0 230.0
3168 565.0 221.0
3179 601.0 213.0
3191 639.0 206.0
3203 677.0 200.0
3214 715.0 194.0
3226 754.0 188.0
3238 795.0 183.0
3250 837.0 178.0
3261 881.0 174.0
3273 924.0 170.0
3285 967.0 168.0
3296 1010.0 167.0
3308 1052.0 167.0
3320 1095.0 169.0
3331 1137.0 172.0
3343 1181.0 175.0
3355 1224.0 180.0
3366 1268.0 186.0
3378 1310.0 193.0
3390 1352.0 201.0
3401 1393.0 210.0
3413 1433.0 219.0
3425 1472.0 229.0
3436 1511.0 240.0
3448 1546.0 252.0
3460 1579.0 266.0
3471 1611.0 280.0
3483 1640.0 295.0
3495 1668.0 310.0
3507 1694.0 327.0
3518 1719.0 343.0
3530 1743.0 360.0
3542 1765.0 377.0
3553 1785.0 395.0
3565 1804.0 411.0
3577 1821.0 428.0
3588 1836.0 445.0
3600 1849.0 462.0
3612 1860.0 479.0
3624 1870.0 496.0
3635 1878.0 513.0
3647 1884.0 530.0
3659 1889.0 547.0
3671 1893.0 564.0
3682 1895.0 581.0
3694 1896.0 597.0
3706 1897.0 614.0
3718 1897.0 631.0
3729 1897.0 647.0
3741 1897.0 664.0
3753 1896.0 680.0
3765 1895.0 696.0
3777 1893.0 713.0
3788 1891.0 729.0
3800 1888.0 745.0
3812 1884.0 760.0
3824 1879.0 776.0
3836 1872.0 790.0
3847 1864.0 805.0
3859 1855.0 819.0
3871 1845.0 833.0
3882 1834.0 846.0
3895 1821.0 859.0
3906 1808.0 871.0
3918 1794.0 883.0
3930 1778.0 895.0
3941 1762.0 905.0
3953 1745.0 914.0
3965 1728.0 922.0
3977 1711.0 929.0
3989 1691.0 935.0
4000 1670.0 942.0
4012 1647.0 948.0
4024 1623.0 954.0
4036 1599.0 960.0
4048 1574.0 967.0
4060 1546.0 973.0
4071 1515.0 979.0
4083 1483.0 984.0
4095 1447.0 989.0
4107 1409.0 993.0
4119 1368.0 997.0
4130 1324.0 1001.0
4142 1278.0 1003.0
4154 1228.0 1004.0
4166 1176.0 1004.0
4178 1122.0 1003.0
4189 1063.0 1002.0
4201 1004.0 999.0
4213 942.0 996.0
4225 879.0 993.0
4237 816.0 989.0
4248 754.0 984.0
4260 694.0 980.0
4272 634.0 975.0
4284 577.0 969.0
4296 522.0 963.0
4307 469.0 955.0
4319 418.0 946.0
4331 371.0 936.0
4343 328.0 925.0
4355 290.0 913.0
4367 256.0 899.0
4378 225.0 884.0
4390 199.0 869.0
4402 177.0 853.0
4414 158.0 838.0
4425 140.0 823.0
4438 125.0 808.0
4449 114.0 794.0
4461 104.0 780.0
4472 97.0 767.0
4484 92.0 753.0
4496 88.0 739.0
4508 87.0 726.0
4520 87.0 713.0
4531 88.0 700.0
4543 90.0 688.0
4555 93.0 677.0
4566 95.0 667.0
4578 98.0 656.0
4590 102.0 645.0
4602 107.0 634.0
4613 111.0 623.0
4625 116.0 612.0
4637 120.0 601.0
4649 125.0 591.0
4660 131.0 582.0
4672 137.0 572.0
4684 145.0 562.0
4696 153.0 552.0
4707 163.0 541.0
4719 173.0 531.0
4731 183.0 520.0
4743 195.0 509.0
4755 206.0 498.0
4766 219.0 488.0
4778 233.0 477.0
4790 249.0 467.0
4801 266.0 457.0
4813 283.0 444.0
4825 302.0 431.0
4837 322.0 418.0
4848 344.0 405.0
4860 368.0 391.0
4872 393.0 378.0
4883 421.0 365.0
4895 451.0 352.0
4907 482.0 339.0
4919 517.0 328.0
4930 554.0 316.0
4942 592.0 304.0
4953 633.0 293.0
4965 676.0 282.0
4977 720.0 273.0
4989 765.0 263.0
5000 813.0 254.0
5012 863.0 248.0
5024 914.0 243.0
5036 965.0 240.0
5047 1017.0 239.0
5059 1068.0 242.0
5070 1119.0 245.0
5082 1169.0 250.0
5094 1218.0 257.0
5106 1265.0 266.0
5117 1310.0 277.0
5129 1353.0 289.0
5141 1393.0 303.0
5152 1432.0 318.0
5164 1469.0 334.0
5176 1503.0 351.0
5188 1535.0 368.0
5199 1567.0 385.0
5211 1595.0 403.0
5223 1622.0 421.0
5234 1646.0 440.0
5246 1667.0 459.0
5258 1684.0 477.0
5270 1700.0 496.0
5281 1713.0 514.0
5293 1724.0 532.0
5305 1735.0 549.0
5317 1743.0 567.0
5329 1751.0 586.0
5340 1756.0 604.0
5352 1760.0 622.0
5364 1763.0 640.0
5376 1765.0 659.0
5388 1765.0 677.0
5399 1764.0 695.0
5411 1762.0 713.0
5423 1759.0 730.0
5435 1754.0 748.0
5446 1747.0 765.0
5458 1739.0 782.0
5470 1731.0 800.0
5482 1723.0 817.0
5494 1715.0 834.0
5506 1706.0 851.0
5517 1696.0 868.0
5529 1686.0 884.0
5541 1675.0 899.0
5552 1662.0 913.0
5564 1648.0 926.0
5576 1632.0 938.0
5588 1615.0 949.0
5600 1598.0 960.0
5612 1579.0 969.0
5623 1559.0 978.0
5635 1537.0 985.0
5647 1514.0 991.0
5659 1490.0 997.0
5671 1466.0 1004.0
5682 1439.0 1010.0
5694 1411.0 1016.0
5706 1381.0 1021.0
5718 1350.0 1025.0
5730 1319.0 1029.0
5742 1285.0 1030.0
5753 1249.0 1030.0
5765 1211.0 1029.0
5777 1170.0 1026.0
5789 1126.0 1023.0
5801 1081.0 1019.0
5813 1033.0 1014.0
5825 984.0 1007.0
5836 933.0 1001.0
5848 882.0 993.0
5860 830.0 986.0
5871 778.0 978.0
5883 728.0 968.0
5895 678.0 957.0
5907 630.0 943.0
5919 584.0 928.0
5930 541.0 911.0
5942 502.0 894.0
5954 465.0 875.0
5966 432.0 856.0
5978 401.0 837.0
5989 373.0 819.0
6001 348.0 800.0
6013 324.0 782.0
6025 302.0 764.0
6036 283.0 745.0
6048 265.0 727.0
6060 249.0 708.0
6072 236.0 690.0
6083 225.0 674.0
6095 215.0 659.0
6107 207.0 646.0
6119 201.0 633.0
6130 195.0 621.0
6142 190.0 609.0
6154 185.0 598.0
6166 179.0 586.0
6178 174.0 574.0
6189 170.0 563.0
6201 166.0 553.0
6213 162.0 545.0
6225 159.0 538.0
6236 156.0 531.0
6248 154.0 524.0
6260 153.0 516.0
6271 153.0 509.0
6283 154.0 500.0
6295 155.0 491.0
6307 158.0 481.0
6318 162.0 472.0
6330 169.0 463.0
6342 179.0 453.0
6353 190.0 443.0
6365 204.0 431.0
6377 219.0 420.0
6388 236.0 408.0
6400 255.0 397.0
6412 275.0 386.0
6423 296.0 377.0
6435 319.0 367.0
6447 343.0 357.0
6459 371.0 347.0
6470 401.0 338.0
6482 432.0 328.0
6494 467.0 318.0
6506 504.0 307.0
6517 542.0 296.0
6529 581.0 286.0
6540 623.0 275.0
6552 666.0 265.0
6564 711.0 255.0
6576 756.0 247.0
6587 803.0 240.0
6599 851.0 235.0
6611 899.0 231.0
6622 946.0 228.0
6634 993.0 228.0
6646 1039.0 230.0
6658 1083.0 233.0
6669 1126.0 236.0
6681 1168.0 241.0
6692 1210.0 246.0
6704 1251.0 252.0
6716 1291.0 259.0
6728 1330.0 267.0
6739 1367.0 277.0
6751 1404.0 288.0
6763 1440.0 299.0
6775 1474.0 312.0
6786 1507.0 324.0
6798 1539.0 338.0
6810 1568.0 352.0
6821 1595.0 366.0
6833 1620.0 380.0
6845 1644.0 396.0
6856 1665.0 411.0
6868 1684.0 427.0
6880 1701.0 444.0
6892 1715.0 461.0
6903 1727.0 478.0
6915 1738.0 495.0
6927 1747.0 511.0
6939 1753.0 527.0
6950 1758.0 543.0
6962 1762.0 558.0
6974 1766.0 573.0
6986 1768.0 589.0
6998 1770.0 605.0
7009 1771.0 620.0
7021 1772.0 635.0
7033 1771.0 650.0
7045 1770.0 665.0
7056 1767.0 681.0
7068 1764.0 696.0
7080 1761.0 711.0
7091 1757.0 725.0
7103 1752.0 739.0
7115 1746.0 754.0
7127 1740.0 768.0
7139 1732.0 781.0
7151 1723.0 794.0
7162 1713.0 807.0
7174 1703.0 820.0
7186 1689.0 834.0
7198 1674.0 849.0
7210 1658.0 863.0
7221 1640.0 877.0
7233 1620.0 890.0
7245 1599.0 901.0
7257 1575.0 912.0
7269 1550.0 922.0
7280 1521.0 931.0
7292 1490.0 940.0
7304 1455.0 948.0
7316 1418.0 955.0
7328 1380.0 961.0
7340 1340.0 967.0
7351 1299.0 971.0
7363 1257.0 975.0
7375 1213.0 976.0
7387 1169.0 977.0
7399 1123.0 977.0
7410 1075.0 976.0
7422 1026.0 973.0
7434 976.0 968.0
7446 925.0 960.0
7458 876.0 950.0
7470 827.0 940.0
7481 780.0 930.0
7493 734.0 919.0
7505 688.0 908.0
7517 645.0 897.0
7529 604.0 887.0
7540 563.0 877.0
7552 524.0 866.0
7564 487.0 854.0
7576 452.0 842.0
7587 420.0 829.0
7599 389.0 815.0
7611 363.0 800.0
7623 339.0 785.0
7634 319.0 771.0
7647 301.0 757.0
7658 286.0 743.0
7670 273.0 729.0
7681 261.0 715.0
7693 250.0 701.0
7705 239.0 685.0
7717 230.0 670.0
7728 221.0 655.0
7740 213.0 641.0
7752 207.0 626.0
7763 203.0 612.0
7776 199.0 599.0
7787 196.0 586.0
7799 193.0 574.0
7810 191.0 562.0
7822 190.0 551.0
7834 189.0 542.0
7846 189.0 533.0
7857 189.0 524.0
7869 190.0 515.0
7881 192.0 506.0
7893 195.0 497.0
7904 198.0 489.0
7916 201.0 481.0
7928 204.0 474.0
7939 210.0 467.0
7951 217.0 460.0
7963 226.0 452.0
7975 236.0 444.0
7986 247.0 436.0
7998 260.0 429.0
8010 276.0 422.0
8021 293.0 415.0
8033 313.0 407.0
8045 334.0 397.0
8056 356.0 388.0
8068 380.0 380.0
8080 407.0 371.0
8092 436.0 364.0
8103 466.0 356.0
8115 498.0 349.0
8127 532.0 343.0
8138 569.0 337.0
8150 607.0 331.0
8162 648.0 325.0
8174 691.0 319.0
8185 735.0 313.0
8197 780.0 307.0
8209 826.0 303.0
8220 874.0 300.0
8232 923.0 299.0
8243 972.0 301.0
8255 1020.0 303.0
8267 1069.0 306.0
8279 1116.0 312.0
8290 1162.0 318.0
8302 1208.0 326.0
8314 1253.0 333.0
8326 1297.0 342.0
8337 1338.0 352.0
8349 1378.0 364.0
8361 1417.0 376.0
8372 1454.0 390.0
8384 1490.0 404.0
8396 1523.0 419.0
8407 1555.0 436.0
8419 1584.0 452.0
8431 1610.0 469.0
8443 1634.0 486.0
8455 1657.0 504.0
8466 1678.0 521.0
8478 1698.0 538.0
8490 1717.0 555.0
8501 1735.0 572.0
8513 1751.0 588.0
8525 1764.0 604.0
8537 1776.0 620.0
8548 1787.0 636.0
8560 1798.0 651.0
8572 1806.0 665.0
8584 1814.0 679.0
8596 1820.0 693.0
8607 1826.0 707.0
8619 1831.0 720.0
8631 1835.0 733.0
8643 1838.0 746.0
8654 1839.0 759.0
8666 1838.0 772.0
8678 1835.0 784.0
8690 1832.0 797.0
8701 1827.0 810.0
8713 1820.0 823.0
8725 1812.0 837.0
8737 1805.0 850.0
8749 1796.0 862.0
8760 1787.0 875.0
8772 1777.0 887.0
8784 1765.0 899.0
8796 1752.0 910.0
8808 1739.0 920.0
8819 1724.0 930.0
8831 1709.0 940.0
8843 1692.0 949.0
8855 1675.0 958.0
8867 1658.0 967.0
8879 1639.0 976.0
8891 1619.0 985.0
8902 1599.0 993.0
8914 1578.0 1002.0
8926 1556.0 1011.0
8938 1535.0 1021.0
8949 1513.0 1030.0
8961 1490.0 1037.0
8973 1466.0 1043.0
8986 1442.0 1049.0
8997 1416.0 1053.0
9009 1388.0 1056.0
9021 1358.0 1056.0
9032 1327.0 1053.0
9044 1293.0 1050.0
9056 1257.0 1045.0
9068 1217.0 1040.0
9080 1174.0 1034.0
9092 1127.0 1028.0
9103 1076.0 1021.0
9115 1023.0 1013.0
9127 969.0 1004.0
9139 913.0 996.0
9151 858.0 987.0
9162 804.0 977.0
9174 751.0 967.0
9186 702.0 955.0
9198 655.0 943.0
9210 610.0 929.0
9221 569.0 915.0
9233 531.0 900.0
9245 497.0 884.0
9257 466.0 869.0
9269 439.0 854.0
9280 414.0 838.0
9292 392.0 822.0
9304 372.0 805.0
9316 354.0 789.0
9327 337.0 773.0
9339 323.0 757.0
9351 310.0 742.0
9363 299.0 728.0
9374 288.0 714.0
9386 278.0 701.0
9398 269.0 689.0
9410 260.0 677.0
9421 252.0 666.0
9433 246.0 655.0
9445 239.0 644.0
9457 232.0 635.0
9468 225.0 625.0
9480 218.0 616.0
9492 213.0 608.0
9503 208.0 602.0
9515 204.0 595.0
9527 200.0 588.0
9539 197.0 581.0
9550 195.0 573.0
9562 193.0 565.0
9574 193.0 557.0
9586 193.0 550.0
9598 196.0 543.0
9609 199.0 535.0
9621 202.0 528.0
9633 209.0 520.0
9644 217.0 511.0
9656 227.0 501.0
9668 239.0 491.0
9680 254.0 479.0
9691 270.0 467.0
9703 287.0 455.0
9715 306.0 442.0
9726 327.0 429.0
9738 351.0 416.0
9750 376.0 403.0
9761 406.0 390.0
9773 437.0 377.0
9785 472.0 364.0
9797 508.0 351.0
9809 547.0 339.0
9820 590.0 328.0
9832 635.0 315.0
9843 684.0 303.0
9855 735.0 292.0
9867 787.0 281.0
9878 842.0 271.0
9890 898.0 262.0
9902 953.0 256.0
9914 1006.0 252.0
9926 1058.0 248.0
9937 1108.0 248.0
9949 1156.0 249.0
9960 1204.0 252.0
9972 1250.0 255.0
9984 1295.0 262.0
9995 1336.0 271.0
10007 1376.0 280.0
10019 1415.0 290.0
10030 1451.0 300.0
10042 1485.0 310.0
10054 1517.0 323.0
10066 1546.0 335.0
10077 1572.0 347.0
10089 1597.0 360.0
10101 1619.0 373.0
10112 1640.0 385.0
10124 1659.0 397.0
10136 1676.0 410.0
10148 1691.0 422.0
10160 1704.0 433.0
10171 1715.0 446.0
10183 1726.0 458.0
10195 1736.0 469.0
10207 1744.0 480.0
10218 1752.0 490.0
10230 1758.0 500.0
10242 1764.0 511.0
10253 1769.0 521.0
10265 1774.0 531.0
10277 1779.0 541.0
10289 1783.0 551.0
10300 1787.0 561.0
10312 1789.0 571.0
10324 1791.0 581.0
10336 1792.0 592.0
10347 1792.0 602.0
10359 1792.0 611.0
10371 1792.0 621.0
10383 1791.0 631.0
10395 1790.0 641.0
10406 1788.0 651.0
10418 1785.0 661.0
10430 1781.0 672.0
10441 1776.0 683.0
10453 1770.0 695.0
10465 1762.0 709.0
10477 1754.0 722.0
10488 1744.0 735.0
10500 1731.0 748.0
10512 1717.0 762.0
10524 1700.0 775.0
10536 1683.0 788.0
10547 1663.0 801.0
10559 1641.0 814.0
10571 1617.0 827.0
10583 1590.0 840.0
10595 1560.0 852.0
10607 1528.0 864.0
10618 1491.0 876.0
10630 1451.0 887.0
10642 1406.0 897.0
10653 1358.0 905.0
10665 1305.0 910.0
10677 1247.0 914.0
10689 1185.0 916.0
10701 1118.0 917.0
10712 1048.0 915.0
10725 975.0 913.0
10736 901.0 911.0
10748 827.0 908.0
10760 755.0 904.0
10771 689.0 898.0
10783 627.0 888.0
10795 572.0 878.0
10807 523.0 865.0
10819 480.0 852.0
10830 441.0 838.0
10842 407.0 823.0
10854 377.0 809.0
10866 351.0 794.0
10878 329.0 780.0
10889 310.0 768.0
10901 293.0 755.0
10913 279.0 743.0
10925 265.0 732.0
10937 252.0 721.0
10948 240.0 710.0
10960 229.0 698.0
10972 217.0 686.0
10983 207.0 675.0
10996 198.0 663.0
11007 190.0 652.0
11019 182.0 642.0
11031 174.0 633.0
11042 166.0 624.0
11054 159.0 615.0
11066 152.0 607.0
11078 145.0 599.0
11089 138.0 591.0
11101 131.0 582.0
11113 126.0 573.0
11125 121.0 565.0
11136 117.0 557.0
11148 114.0 549.0
11160 112.0 542.0
11171 110.0 534.0
11183 108.0 527.0
11195 106.0 521.0
11207 105.0 515.0
11218 105.0 509.0
11230 106.0 503.0
11242 108.0 495.0
11253 111.0 487.0
11265 114.0 480.0
11277 119.0 473.0
11288 126.0 465.0
11300 136.0 456.0
11312 148.0 446.0
11324 166.0 434.0
11335 186.0 421.0
11347 211.0 408.0
11359 238.0 393.0
11370 270.0 379.0
11382 305.0 365.0
11394 343.0 351.0
11406 385.0 337.0
11417 430.0 322.0
11429 479.0 308.0
11441 532.0 294.0
11452 588.0 280.0
11464 647.0 266.0
11476 708.0 255.0
11487 770.0 246.0
11499 832.0 239.0
11511 893.0 235.0
11522 953.0 233.0
11534 1010.0 234.0
11546 1064.0 237.0
11557 1117.0 243.0
11569 1169.0 251.0
11581 1217.0 261.0
11592 1263.0 273.0
11604 1307.0 287.0
11616 1348.0 301.0
11628 1387.0 316.0
11640 1422.0 331.0
11651 1455.0 346.0
11663 1487.0 362.0
11675 1516.0 377.0
11686 1543.0 393.0
11698 1568.0 409.0
11710 1590.0 424.0
11722 1609.0 439.0
11733 1627.0 455.0
11746 1642.0 470.0
11757 1656.0 484.0
11769 1668.0 498.0
11780 1679.0 511.0
11792 1689.0 524.0
11804 1698.0 537.0
11816 1706.0 549.0
11828 1712.0 561.0
11839 1717.0 574.0
11851 1721.0 585.0
11863 1724.0 596.0
11875 1725.0 606.0
11886 1727.0 616.0
11898 1728.0 626.0
11910 1729.0 635.0
11922 1730.0 643.0
11933 1731.0 651.0
11945 1732.0 659.0
11957 1734.0 667.0
11969 1734.0 676.0
11980 1734.0 684.0
11992 1733.0 692.0
12004 1730.0 700.0
12016 1727.0 710.0
12028 1724.0 719.0
12039 1718.0 729.0
12051 1709.0 738.0
12063 1698.0 749.0
12075 1683.0 762.0
12086 1663.0 776.0
12098 1638.0 790.0
12110 1609.0 805.0
12122 1577.0 820.0
12134 1541.0 835.0
12146 1503.0 850.0
12157 1465.0 864.0
12169 1426.0 878.0
12181 1386.0 890.0
12192 1344.0 901.0
12204 1299.0 910.0
12216 1253.0 917.0
12228 1204.0 923.0
12240 1151.0 929.0
12252 1098.0 933.0
12264 1044.0 934.0
12276 987.0 933.0
12287 929.0 929.0
12299 870.0 922.0
12311 810.0 912.0
12323 753.0 902.0
12335 696.0 889.0
12346 642.0 874.0
12358 589.0 859.0
12370 541.0 843.0
12381 496.0 826.0
12393 455.0 810.0
12405 417.0 794.0
12417 384.0 779.0
12428 352.0 763.0
12440 325.0 749.0
12452 301.0 735.0
12464 280.0 723.0
12476 262.0 711.0
12487 246.0 699.0
12499 233.0 688.0
12511 222.0 679.0
12522 211.0 670.0
12534 203.0 662.0
12546 196.0 654.0
12558 191.0 647.0
12570 186.0 641.0
12581 181.0 635.0
12593 176.0 630.0
12605 172.0 625.0
12617 168.0 620.0
12628 165.0 615.0
12640 163.0 610.0
12652 161.0 605.0
12663 158.0 601.0
12675 156.0 597.0
12687 154.0 593.0
12699 152.0 588.0
12710 149.0 583.0
12722 146.0 578.0
12734 142.0 572.0
12746 138.0 566.0
12757 135.0 560.0
12769 133.0 553.0
12781 131.0 547.0
12792 129.0 540.0
12804 128.0 534.0
12816 126.0 527.0
12828 125.0 521.0
12840 125.0 514.0
12851 125.0 507.0
12863 125.0 499.0
12875 126.0 490.0
12887 127.0 481.0
12898 130.0 473.0
12910 133.0 466.0
12922 136.0 458.0
12933 142.0 449.0
12945 148.0 439.0
12957 156.0 431.0
12968 164.0 422.0
12980 174.0 412.0
12992 187.0 401.0
13004 202.0 389.0
13016 219.0 377.0
13027 239.0 364.0
13039 262.0 350.0
13050 287.0 335.0
13062 317.0 320.0
13074 349.0 306.0
13086 386.0 292.0
13097 424.0 280.0
13109 467.0 268.0
13120 510.0 257.0
13132 555.0 247.0
13144 603.0 239.0
13155 651.0 231.0
13167 700.0 223.0
13179 748.0 217.0
13190 799.0 211.0
13202 851.0 207.0
13214 903.0 204.0
13226 957.0 202.0
13237 1012.0 202.0
13249 1068.0 203.0
13261 1125.0 206.0
13272 1183.0 209.0
13284 1240.0 214.0
13296 1294.0 221.0
13307 1346.0 229.0
13319 1392.0 238.0
13331 1435.0 246.0
13343 1473.0 255.0
13354 1509.0 265.0
13366 1541.0 275.0
13378 1571.0 285.0
13390 1598.0 294.0
13401 1623.0 302.0
13413 1647.0 311.0
13425 1667.0 321.0
13437 1685.0 330.0
13448 1702.0 338.0
13460 1716.0 345.0
13472 1729.0 352.0
13483 1741.0 360.0
13495 1752.0 368.0
13507 1762.0 376.0
13518 1772.0 383.0
13530 1781.0 390.0
13542 1791.0 398.0
13553 1799.0 407.0
13566 1806.0 415.0
13577 1813.0 422.0
13589 1820.0 430.0
13600 1827.0 439.0
13612 1833.0 449.0
13624 1838.0 459.0
13636 1843.0 470.0
13647 1847.0 482.0
13659 1849.0 495.0
13671 1851.0 510.0
13682 1852.0 525.0
13694 1852.0 540.0
13706 1851.0 556.0
13718 1848.0 573.0
13730 1845.0 590.0
13741 1839.0 608.0
13753 1832.0 627.0
13765 1824.0 647.0
13777 1814.0 666.0
13789 1804.0 686.0
13800 1790.0 706.0
13812 1774.0 726.0
13824 1755.0 747.0
13836 1732.0 768.0
13847 1705.0 788.0
13859 1675.0 807.0
13871 1643.0 824.0
13883 1607.0 838.0
13894 1569.0 849.0
13906 1531.0 857.0
13918 1490.0 861.0
13930 1446.0 864.0
13942 1399.0 863.0
13953 1346.0 862.0
13965 1290.0 860.0
13977 1231.0 858.0
13989 1170.0 856.0
14001 1108.0 854.0
14012 1047.0 852.0
14024 986.0 849.0
14036 926.0 846.0
14048 866.0 839.0
14060 809.0 831.0
14071 755.0 821.0
14083 702.0 810.0
14095 653.0 796.0
14107 607.0 780.0
14118 562.0 764.0
14130 521.0 747.0
14142 481.0 731.0
14153 442.0 716.0
14165 406.0 700.0
14177 373.0 685.0
14189 342.0 670.0
14201 315.0 655.0
14212 292.0 640.0
14224 273.0 626.0
14236 258.0 613.0
14248 246.0 601.0
14259 235.0 590.0
14271 226.0 578.0
14282 218.0 567.0
14294 210.0 556.0
14306 204.0 546.0
14318 198.0 538.0
14330 194.0 530.0
14341 189.0 524.0
14353 184.0 518.0
14365 179.0 513.0
14376 175.0 508.0
14388 171.0 503.0
14400 170.0 498.0
14412 169.0 494.0
14423 169.0 489.0
14435 170.0 485.0
14447 171.0 481.0
14459 174.0 477.0
14470 177.0 472.0
14482 183.0 466.0
14494 190.0 459.0
14506 199.0 451.0
14517 209.0 443.0
14529 221.0 434.0
14540 236.0 426.0
14552 252.0 417.0
14564 271.0 407.0
14576 291.0 397.0
14587 314.0 387.0
14599 338.0 374.0
14611 365.0 362.0
14622 393.0 349.0
14634 422.0 336.0
14646 453.0 322.0
14657 484.0 307.0
14669 517.0 292.0
14681 552.0 277.0
14692 589.0 262.0
14705 627.0 250.0
14716 666.0 239.0
14728 708.0 229.0
14739 751.0 222.0
14751 795.0 217.0
14763 839.0 213.0
14775 884.0 211.0
14786 928.0 210.0
14798 971.0 210.0
14810 1012.0 211.0
14821 1053.0 212.0
14833 1095.0 214.0
14845 1137.0 217.0
14856 1178.0 220.0
14868 1219.0 225.0
14880 1260.0 232.0
14891 1299.0 241.0
14903 1337.0 251.0
14915 1373.0 262.0
14927 1407.0 276.0
14938 1441.0 291.0
14950 1473.0 307.0
14962 1504.0 324.0
14973 1532.0 341.0
14985 1558.0 360.0
14997 1583.0 378.0
15009 1605.0 397.0
15020 1626.0 415.0
15032 1644.0 432.0
15044 1662.0 448.0
15055 1678.0 465.0
15067 1693.0 481.0
15079 1707.0 498.0
15091 1719.0 514.0
15102 1731.0 530.0
15114 1741.0 546.0
15126 1750.0 561.0
15138 1756.0 576.0
15150 1761.0 590.0
15161 1766.0 603.0
15173 1771.0 616.0
15185 1775.0 629.0
15197 1779.0 641.0
15208 1781.0 652.0
15220 1783.0 663.0
15232 1785.0 674.0
15243 1786.0 684.0
15255 1787.0 694.0
15267 1788.0 704.0
15279 1789.0 714.0
15291 1790.0 723.0
15302 1790.0 733.0
15314 1789.0 742.0
15326 1787.0 752.0
15338 1784.0 763.0
15350 1780.0 773.0
15361 1774.0 783.0
15373 1767.0 793.0
15385 1760.0 803.0
15397 1752.0 812.0
15409 1742.0 822.0
15420 1730.0 831.0
15432 1715.0 841.0
15444 1698.0 851.0
15456 1680.0 860.0
15468 1658.0 870.0
15480 1634.0 880.0
15491 1608.0 891.0
15503 1578.0 902.0
15515 1547.0 912.0
15527 1513.0 920.0
15539 1475.0 929.0
15550 1435.0 936.0
15562 1392.0 940.0
15574 1347.0 944.0
15586 1300.0 945.0
15598 1249.0 945.0
15609 1196.0 945.0
15621 1139.0 945.0
15633 1082.0 945.0
15645 1024.0 945.0
15657 967.0 945.0
15668 910.0 946.0
15680 852.0 945.0
15692 795.0 943.0
15704 740.0 940.0
15716 685.0 933.0
15728 632.0 925.0
15739 580.0 915.0
15751 532.0 903.0
15763 486.0 890.0
15775 443.0 876.0
15786 405.0 864.0
15798 369.0 853.0
15810 338.0 842.0
15821 311.0 831.0
15833 286.0 821.0
15845 266.0 810.0
15857 248.0 798.0
15869 234.0 785.0
15880 223.0 772.0
15892 213.0 759.0
15904 206.0 746.0
15916 202.0 734.0
15928 199.0 722.0
15939 197.0 709.0
15951 197.0 696.0
15963 198.0 681.0
15974 199.0 666.0
15986 201.0 651.0
15998 204.0 636.0
16010 207.0 621.0
16021 211.0 605.0
16033 216.0 590.0
16045 224.0 574.0
16057 232.0 558.0
16068 241.0 542.0
16080 251.0 527.0
16092 261.0 513.0
16103 274.0 499.0
16116 289.0 486.0
16127 304.0 473.0
16139 321.0 460.0
16150 338.0 446.0
16162 356.0 433.0
16174 375.0 419.0
16185 395.0 406.0
16197 416.0 393.0
16209 439.0 381.0
16221 463.0 369.0
16232 489.0 357.0
16244 516.0 347.0
16256 544.0 339.0
16267 571.0 334.0
16279 599.0 329.0
16291 627.0 324.0
16302 654.0 320.0
16314 682.0 316.0
16326 710.0 312.0
16338 737.0 309.0
16350 765.0 306.0
16361 795.0 304.0
16373 825.0 302.0
16385 856.0 301.0
16396 889.0 299.0
16408 922.0 297.0
16420 956.0 296.0
16431 990.0 295.0
16443 1023.0 294.0
16455 1058.0 294.0
16467 1094.0 294.0
16478 1130.0 295.0
16490 1167.0 298.0
16501 1204.0 301.0
16513 1241.0 305.0
16525 1278.0 311.0
16537 1315.0 318.0
16548 1352.0 326.0
16560 1390.0 334.0
16572 1426.0 343.0
16583 1461.0 353.0
16595 1496.0 363.0
16607 1529.0 374.0
16619 1562.0 386.0
16630 1593.0 398.0
16642 1621.0 410.0
16654 1647.0 422.0
16666 1672.0 434.0
16677 1695.0 446.0
16689 1716.0 459.0
16701 1736.0 473.0
16712 1754.0 487.0
16724 1771.0 502.0
16736 1785.0 518.0
16748 1798.0 535.0
16759 1809.0 552.0
16771 1818.0 569.0
16783 1824.0 587.0
16795 1828.0 605.0
16806 1829.0 622.0
16818 1829.0 638.0
16830 1829.0 653.0
16842 1828.0 667.0
16853 1827.0 680.0
16865 1824.0 693.0
16877 1821.0 706.0
16889 1815.0 719.0
16900 1809.0 732.0
16912 1801.0 747.0
16924 1793.0 761.0
16936 1783.0 775.0
16948 1772.0 789.0
16959 1761.0 803.0
16971 1747.0 818.0
16983 1731.0 832.0
16995 1714.0 847.0
17007 1694.0 861.0
17018 1672.0 874.0
17030 1648.0 887.0
17042 1623.0 898.0
17054 1596.0 909.0
17066 1569.0 920.0
17077 1541.0 930.0
17089 1514.0 941.0
17101 1487.0 949.0
17113 1460.0 957.0
17125 1432.0 965.0
17137 1404.0 972.0
17149 1374.0 979.0
17160 1343.0 985.0
17172 1309.0 989.0
17184 1274.0 993.0
17196 1237.0 994.0
17208 1199.0 994.0
17220 1161.0 992.0
17231 1122.0 990.0
17243 1081.0 987.0
17255 1039.0 984.0
17267 993.0 981.0
17279 946.0 976.0
17290 896.0 970.0
17302 844.0 964.0
17314 792.0 957.0
17326 739.0 949.0
17338 687.0 940.0
17349 634.0 930.0
17361 582.0 918.0
17373 533.0 907.0
17385 487.0 895.0
17397 441.0 882.0
17408 398.0 870.0
17420 356.0 858.0
17432 317.0 847.0
17444 279.0 836.0
17455 245.0 826.0
17467 213.0 816.0
17479 183.0 806.0
17491 157.0 795.0
17502 133.0 783.0
17514 113.0 771.0
17526 96.0 758.0
17538 82.0 744.0
17550 72.0 732.0
17561 64.0 721.0
17573 59.0 710.0
17585 55.0 699.0
17597 51.0 687.0
17608 49.0 674.0
17620 48.0 661.0
17632 48.0 649.0
17643 49.0 636.0
17656 52.0 624.0
17667 55.0 611.0
17679 60.0 600.0
17691 66.0 588.0
17702 74.0 576.0
17714 83.0 563.0
17726 93.0 551.0
17738 104.0 539.0
17749 115.0 527.0
17761 128.0 515.0
17773 142.0 503.0
17785 155.0 492.0
17796 169.0 481.0
17808 184.0 471.0
17820 200.0 461.0
17831 217.0 452.0
17843 235.0 442.0
17855 255.0 431.0
17867 275.0 420.0
17878 297.0 409.0
17890 319.0 398.0
17901 342.0 387.0
17913 366.0 376.0
17925 392.0 364.0
17937 421.0 352.0
17948 452.0 341.0
17960 485.0 330.0
17972 520.0 319.0
17983 556.0 308.0
17995 594.0 299.0
18007 633.0 291.0
18019 674.0 284.0
18030 717.0 277.0
18042 761.0 269.0
18053 806.0 262.0
18065 853.0 255.0
18077 902.0 250.0
18089 951.0 246.0
18100 1000.0 244.0
18112 1047.0 243.0
18124 1094.0 244.0
18136 1140.0 247.0
18147 1185.0 251.0
18159 1228.0 257.0
18170 1270.0 264.0
18182 1310.0 273.0
18194 1348.0 281.0
18206 1384.0 289.0
18217 1419.0 298.0
18229 1452.0 308.0
18241 1485.0 320.0
18252 1517.0 332.0
18264 1548.0 344.0
18276 1577.0 357.0
18288 1606.0 369.0
18299 1634.0 382.0
18311 1659.0 395.0
18323 1684.0 409.0
18335 1707.0 422.0
18346 1727.0 437.0
18358 1746.0 452.0
18370 1764.0 468.0
18381 1781.0 483.0
18393 1796.0 499.0
18405 1810.0 515.0
18417 1822.0 530.0
18428 1833.0 546.0
18440 1843.0 561.0
18452 1851.0 578.0
18464 1857.0 594.0
18476 1862.0 611.0
18487 1867.0 628.0
18499 1871.0 645.0
18511 1874.0 661.0
18522 1875.0 677.0
18534 1873.0 694.0
18546 1869.0 710.0
18558 1863.0 727.0
18570 1855.0 743.0
18581 1846.0 759.0
18593 1836.0 775.0
18605 1826.0 791.0
18617 1812.0 808.0
18629 1798.0 824.0
18640 1781.0 841.0
18652 1762.0 857.0
18664 1741.0 874.0
18676 1718.0 891.0
18688 1694.0 909.0
18699 1669.0 926.0
18711 1642.0 944.0
18723 1614.0 960.0
18735 1585.0 976.0
18747 1555.0 991.0
18759 1524.0 1005.0
18770 1493.0 1018.0
18782 1461.0 1029.0
18794 1426.0 1038.0
18806 1390.0 1044.0
18818 1353.0 1051.0
18830 1315.0 1056.0
18841 1275.0 1060.0
18853 1233.0 1064.0
18865 1191.0 1065.0
18877 1147.0 1063.0
18889 1102.0 1059.0
18901 1056.0 1053.0
18913 1008.0 1046.0
18925 960.0 1040.0
18936 911.0 1034.0
18948 862.0 1026.0
18960 811.0 1017.0
18972 759.0 1007.0
18983 707.0 995.0
18995 655.0 984.0
19007 603.0 972.0
19019 552.0 959.0
19031 502.0 944.0
19042 455.0 929.0
19055 411.0 913.0
19066 372.0 897.0
19078 336.0 880.0
19090 304.0 863.0
19101 274.0 846.0
19113 248.0 829.0
19125 226.0 812.0
19137 207.0 795.0
19148 191.0 779.0
19160 178.0 763.0
19172 166.0 746.0
19184 156.0 731.0
19195 148.0 716.0
19207 141.0 702.0
19219 134.0 688.0
19231 129.0 676.0
19242 125.0 664.0
19254 121.0 653.0
19266 120.0 643.0
19278 120.0 634.0
19289 120.0 625.0
19301 121.0 616.0
19313 122.0 608.0
19325 124.0 600.0
19336 127.0 592.0
19348 130.0 582.0
19360 135.0 573.0
19371 141.0 563.0
19383 148.0 552.0
19395 156.0 542.0
19407 166.0 532.0
19418 176.0 520.0
19430 189.0 509.0
19442 202.0 497.0
19454 216.0 486.0
19465 232.0 474.0
19477 249.0 463.0
19489 266.0 451.0
19501 286.0 439.0
19512 306.0 428.0
19524 329.0 416.0
19536 353.0 404.0
19547 379.0 391.0
19559 408.0 379.0
19571 439.0 367.0
19582 471.0 355.0
19594 506.0 343.0
19606 542.0 332.0
19618 580.0 319.0
19629 621.0 307.0
19641 663.0 296.0
19652 707.0 287.0
19664 752.0 281.0
19676 797.0 276.0
19688 844.0 271.0
19699 891.0 267.0
19711 939.0 265.0
19723 985.0 264.0
19735 1031.0 265.0
19746 1076.0 267.0
19758 1120.0 270.0
19770 1164.0 274.0
19781 1206.0 279.0
19793 1248.0 285.0
19805 1289.0 291.0
19817 1329.0 298.0
19828 1368.0 306.0
19840 1404.0 316.0
19852 1440.0 326.0
19863 1475.0 336.0
19875 1507.0 347.0
19887 1539.0 357.0
19898 1568.0 369.0
19910 1596.0 380.0
19922 1623.0 391.0
19934 1648.0 402.0
19946 1673.0 414.0
19957 1694.0 426.0
19969 1715.0 439.0
19981 1734.0 452.0
19992 1752.0 465.0
20004 1767.0 478.0
20016 1781.0 491.0
20028 1794.0 504.0
20039 1806.0 516.0
20051 1817.0 528.0
20063 1828.0 541.0
20075 1838.0 554.0
20086 1846.0 568.0
20098 1852.0 582.0
20110 1857.0 596.0
20121 1861.0 611.0
20133 1864.0 626.0
20145 1865.0 642.0
20157 1864.0 657.0
20169 1862.0 673.0
20181 1859.0 689.0
20192 1853.0 706.0
20204 1847.0 723.0
20216 1837.0 741.0
20228 1826.0 758.0
20239 1810.0 776.0
20251 1793.0 794.0
20263 1773.0 812.0
20275 1749.0 829.0
20287 1724.0 845.0
20299 1694.0 860.0
20310 1663.0 875.0
20322 1632.0 890.0
20334 1598.0 906.0
20346 1563.0 921.0
20358 1524.0 936.0
20369 1484.0 951.0
20381 1441.0 965.0
20393 1396.0 979.0
20405 1350.0 990.0
20417 1302.0 1001.0
20428 1252.0 1008.0
20440 1200.0 1013.0
20452 1147.0 1016.0
20464 1094.0 1013.0
20476 1041.0 1009.0
20487 986.0 1002.0
20499 930.0 995.0
20511 873.0 987.0
20523 817.0 977.0
20535 762.0 967.0
20547 709.0 957.0
20558 658.0 944.0
20570 612.0 931.0
20582 568.0 917.0
20594 528.0 902.0
20606 491.0 887.0
20617 457.0 871.0
20629 425.0 854.0
20641 397.0 837.0
20653 372.0 821.0
20665 348.0 804.0
20676 329.0 788.0
20688 311.0 773.0
20700 294.0 757.0
20712 278.0 742.0
20723 263.0 728.0
20735 248.0 714.0
20747 233.0 699.0
20759 220.0 686.0
20771 208.0 672.0
20782 197.0 659.0
20794 188.0 648.0
20806 179.0 637.0
20818 172.0 627.0
20829 165.0 618.0
20841 160.0 609.0
20853 156.0 601.0
20865 151.0 593.0
20876 147.0 584.0
20888 144.0 575.0
20900 142.0 565.0
20911 142.0 555.0
20923 144.0 545.0
20935 147.0 533.0
20947 152.0 521.0
20958 159.0 509.0
20970 167.0 498.0
20982 177.0 487.0
20993 189.0 476.0
21005 202.0 466.0
21017 217.0 456.0
21029 234.0 445.0
21040 251.0 434.0
21052 271.0 423.0
21064 291.0 412.0
21076 313.0 401.0
21087 335.0 392.0
21099 359.0 384.0
21110 383.0 376.0
21122 410.0 369.0
21134 438.0 361.0
21146 468.0 353.0
21157 497.0 346.0
21169 528.0 338.0
21181 559.0 332.0
21192 590.0 325.0
21204 621.0 319.0
21216 654.0 312.0
21228 688.0 306.0
21239 721.0 301.0
21251 755.0 296.0
21263 789.0 292.0
21274 824.0 287.0
21286 860.0 283.0
21298 895.0 279.0
21309 931.0 275.0
21321 966.0 272.0
21333 1001.0 270.0
21345 1035.0 269.0
21356 1068.0 269.0
21368 1101.0 271.0
21380 1135.0 273.0
21391 1170.0 276.0
21403 1203.0 279.0
21415 1235.0 283.0
21427 1267.0 287.0
21438 1299.0 291.0
21450 1330.0 297.0
21462 1360.0 303.0
21474 1388.0 310.0
21485 1416.0 318.0
21497 1444.0 327.0
21509 1472.0 335.0
21520 1499.0 344.0
21532 1525.0 353.0
21544 1550.0 363.0
21555 1575.0 375.0
21567 1600.0 386.0
21579 1622.0 398.0
21591 1644.0 410.0
21602 1664.0 423.0
21614 1683.0 436.0
21626 1701.0 450.0
21638 1719.0 464.0
21649 1737.0 478.0
21661 1753.0 493.0
21673 1767.0 507.0
21685 1780.0 522.0
21696 1792.0 536.0
21708 1803.0 551.0
21720 1814.0 566.0
21731 1824.0 581.0
21743 1832.0 596.0
21755 1840.0 611.0
21767 1846.0 627.0
21779 1852.0 642.0
21790 1857.0 657.0
21802 1861.0 671.0
21814 1863.0 685.0
21826 1864.0 698.0
21837 1863.0 712.0
21849 1860.0 725.0
21861 1857.0 738.0
21873 1853.0 751.0
21885 1846.0 765.0
21896 1838.0 778.0
21908 1828.0 791.0
21920 1817.0 803.0
21932 1803.0 815.0
21943 1788.0 827.0
21955 1771.0 838.0
21967 1751.0 849.0
21979 1727.0 861.0
21991 1700.0 873.0
22002 1668.0 887.0
22014 1631.0 901.0
22026 1590.0 915.0
22038 1545.0 929.0
22050 1498.0 941.0
22062 1447.0 952.0
22073 1395.0 961.0
22085 1341.0 968.0
22097 1281.0 973.0
22109 1216.0 979.0
22121 1146.0 984.0
22132 1073.0 989.0
22144 997.0 994.0
22156 922.0 999.0
22168 848.0 1004.0
22180 778.0 1008.0
22192 713.0 1008.0
22204 654.0 1004.0
22216 601.0 998.0
22227 552.0 987.0
22239 508.0 973.0
22251 470.0 956.0
22263 435.0 939.0
22274 404.0 919.0
22287 377.0 899.0
22298 352.0 879.0
22310 329.0 858.0
22322 308.0 837.0
22333 288.0 815.0
22345 268.0 794.0
22357 250.0 774.0
22369 234.0 755.0
22381 220.0 737.0
22392 208.0 719.0
22404 196.0 703.0
22416 185.0 688.0
22428 174.0 674.0
22439 164.0 660.0
22451 156.0 647.0
22463 150.0 634.0
22475 146.0 622.0
22487 143.0 611.0
22498 141.0 600.0
22510 141.0 591.0
22522 141.0 583.0
22533 142.0 574.0
22545 145.0 566.0
22557 148.0 558.0
22568 151.0 549.0
22580 156.0 541.0
22592 162.0 532.0
22604 170.0 523.0
22615 179.0 513.0
22627 189.0 504.0
22639 201.0 494.0
22650 214.0 484.0
22662 231.0 474.0
22674 250.0 464.0
22686 272.0 454.0
22698 296.0 443.0
22709 321.0 433.0
22721 351.0 424.0
22732 382.0 415.0
22744 415.0 406.0
22756 450.0 397.0
22768 486.0 388.0
22779 524.0 379.0
22791 564.0 369.0
22803 606.0 359.0
22814 649.0 349.0
22826 693.0 341.0
22838 737.0 334.0
22850 782.0 329.0
22861 827.0 325.0
22873 872.0 323.0
22885 917.0 323.0
22897 961.0 324.0
22908 1003.0 325.0
22920 1045.0 328.0
22932 1086.0 331.0
22943 1127.0 334.0
22955 1166.0 338.0
22967 1205.0 342.0
22979 1242.0 346.0
22990 1277.0 352.0
23002 1311.0 358.0
23014 1344.0 364.0
23026 1376.0 370.0
23037 1405.0 377.0
23049 1434.0 384.0
23061 1461.0 391.0
23072 1486.0 399.0
23084 1511.0 407.0
23096 1535.0 415.0
23108 1557.0 423.0
23119 1578.0 431.0
23131 1598.0 439.0
23143 1617.0 448.0
23155 1635.0 457.0
23166 1654.0 465.0
23178 1672.0 473.0
23190 1689.0 482.0
23201 1705.0 492.0
23213 1720.0 502.0
23225 1735.0 512.0
23237 1749.0 523.0
23249 1761.0 533.0
23260 1773.0 545.0
23272 1784.0 557.0
23284 1794.0 569.0
23296 1803.0 581.0
23308 1812.0 594.0
23319 1821.0 606.0
23331 1830.0 619.0
23342 1838.0 632.0
23355 1844.0 645.0
23366 1849.0 658.0
23378 1853.0 672.0
23390 1856.0 685.0
23401 1858.0 699.0
23413 1858.0 713.0
23425 1857.0 728.0
23437 1854.0 743.0
23448 1850.0 759.0
23460 1842.0 775.0
23472 1832.0 792.0
23484 1818.0 809.0
23496 1801.0 828.0
23508 1779.0 846.0
23519 1753.0 863.0
23531 1722.0 879.0
23543 1687.0 893.0
23555 1648.0 905.0
23567 1604.0 915.0
23578 1558.0 923.0
23590 1509.0 931.0
23602 1459.0 939.0
23614 1407.0 947.0
23626 1355.0 955.0
23637 1301.0 963.0
23649 1245.0 972.0
23661 1188.0 981.0
23673 1130.0 989.0
23685 1071.0 996.0
23697 1012.0 1000.0
23708 954.0 1003.0
23720 897.0 1002.0
23732 841.0 999.0
23744 788.0 996.0
23756 736.0 991.0
23767 688.0 983.0
23779 641.0 974.0
23791 597.0 964.0
23803 557.0 954.0
23815 519.0 943.0
23827 484.0 933.0
23838 452.0 923.0
23850 422.0 912.0
23862 396.0 902.0
23873 371.0 892.0
23885 348.0 880.0
23897 328.0 868.0
23909 310.0 857.0
23921 292.0 845.0
23932 275.0 833.0
23944 260.0 820.0
23956 245.0 808.0
23968 231.0 796.0
23979 218.0 784.0
23991 205.0 771.0
24003 192.0 758.0
24015 179.0 745.0
24027 168.0 732.0
24038 158.0 721.0
24050 150.0 710.0
24062 143.0 699.0
24073 136.0 690.0
24085 129.0 681.0
24097 124.0 672.0
24109 119.0 664.0
24121 115.0 655.0
24132 112.0 646.0
24144 110.0 638.0
24156 108.0 629.0
24168 108.0 621.0
24179 108.0 613.0
24191 109.0 605.0
24203 110.0 596.0
24215 113.0 587.0
24227 116.0 577.0
24238 119.0 566.0
24250 126.0 555.0
24261 135.0 542.0
24273 145.0 529.0
24285 157.0 516.0
24297 172.0 503.0
24308 188.0 489.0
24320 205.0 475.0
24332 225.0 461.0
24343 247.0 446.0
24355 270.0 431.0
24367 294.0 417.0
24379 319.0 403.0
24390 346.0 390.0
24402 375.0 377.0
24414 406.0 365.0
24426 438.0 354.0
24437 472.0 343.0
24449 506.0 333.0
24460 541.0 323.0
24472 577.0 313.0
24484 615.0 303.0
24496 655.0 294.0
24507 697.0 286.0
24519 738.0 278.0
24531 781.0 271.0
24542 823.0 264.0
24554 866.0 259.0
24566 909.0 254.0
24578 950.0 250.0
24589 989.0 248.0
24601 1027.0 247.0
24612 1063.0 247.0
24624 1099.0 249.0
24636 1133.0 252.0
24648 1166.0 255.0
24659 1198.0 259.0
24671 1230.0 264.0
24683 1262.0 271.0
24694 1290.0 279.0
24706 1318.0 286.0
24718 1344.0 294.0
24730 1369.0 302.0
24741 1394.0 311.0
24753 1418.0 321.0
24765 1441.0 331.0
24777 1464.0 340.0
24788 1486.0 349.0
24800 1507.0 359.0
24811 1527.0 370.0
24823 1545.0 382.0
24835 1564.0 393.0
24847 1582.0 405.0
24858 1599.0 417.0
24870 1616.0 429.0
24882 1631.0 441.0
24893 1646.0 453.0
24905 1660.0 465.0
24917 1674.0 477.0
24929 1686.0 489.0
24941 1698.0 502.0
24952 1709.0 515.0
24964 1719.0 528.0
24976 1727.0 541.0
24988 1736.0 553.0
24999 1743.0 566.0
25011 1750.0 579.0
25023 1757.0 592.0
25035 1763.0 604.0
25047 1769.0 617.0
25058 1774.0 632.0
25070 1779.0 647.0
25082 1783.0 662.0
25093 1786.0 679.0
25105 1784.0 696.0
25117 1780.0 714.0
25129 1771.0 733.0
25141 1760.0 753.0
25152 1745.0 774.0
25164 1728.0 795.0
25176 1707.0 814.0
25188 1686.0 833.0
25200 1663.0 851.0
25211 1640.0 869.0
25223 1616.0 885.0
25235 1590.0 899.0
25247 1563.0 911.0
25259 1535.0 922.0
25270 1506.0 933.0
25282 1474.0 941.0
25294 1439.0 947.0
25306 1400.0 952.0
25318 1360.0 956.0
25330 1317.0 957.0
25342 1273.0 956.0
25353 1228.0 955.0
25365 1182.0 952.0
25377 1136.0 949.0
25389 1091.0 946.0
25401 1045.0 942.0
25412 997.0 936.0
25424 948.0 930.0
25436 898.0 923.0
25448 848.0 916.0
25460 799.0 909.0
25471 752.0 902.0
25483 706.0 893.0
25495 663.0 883.0
25507 623.0 873.0
25519 584.0 863.0
25531 550.0 853.0
25542 518.0 844.0
25554 487.0 834.0
25566 460.0 825.0
25578 434.0 815.0
25589 410.0 806.0
25601 388.0 796.0
25613 369.0 786.0
25625 351.0 777.0
25636 335.0 768.0
25648 322.0 758.0
25660 309.0 749.0
25672 298.0 739.0
25683 287.0 730.0
25696 276.0 721.0
25707 267.0 711.0
25719 258.0 702.0
25730 251.0 693.0
25742 244.0 684.0
25754 238.0 676.0
25766 233.0 667.0
25778 226.0 660.0
25789 220.0 652.0
25801 215.0 645.0
25813 210.0 636.0
25825 206.0 627.0
25836 203.0 618.0
25848 201.0 609.0
25860 200.0 600.0
25871 200.0 592.0
25883 201.0 583.0
25895 203.0 574.0
25907 206.0 565.0
25918 209.0 556.0
25930 213.0 547.0
25942 218.0 538.0
25953 223.0 530.0
25966 229.0 521.0
25977 235.0 511.0
25989 241.0 501.0
26000 248.0 491.0
26012 257.0 481.0
26024 267.0 471.0
26036 280.0 461.0
26047 294.0 450.0
26059 309.0 437.0
26071 326.0 426.0
26082 346.0 414.0
26094 368.0 402.0
26106 392.0 391.0
26118 416.0 379.0
26129 445.0 368.0
26141 475.0 357.0
26152 506.0 349.0
26165 539.0 342.0
26176 574.0 336.0
26188 610.0 331.0
26199 648.0 327.0
26211 686.0 322.0
26223 725.0 318.0
26235 764.0 314.0
26247 805.0 311.0
26258 847.0 309.0
26270 890.0 309.0
26281 932.0 309.0
26293 974.0 310.0
26305 1016.0 312.0
26317 1057.0 315.0
26329 1098.0 318.0
26340 1138.0 322.0
26352 1179.0 327.0
26364 1219.0 333.0
26375 1259.0 339.0
26387 1298.0 346.0
26399 1335.0 354.0
26411 1371.0 362.0
26422 1405.0 370.0
26434 1438.0 379.0
26446 1471.0 387.0
26458 1503.0 397.0
26469 1532.0 407.0
26481 1560.0 417.0
26493 1587.0 428.0
26505 1613.0 440.0
26516 1638.0 451.0
26528 1661.0 463.0
26540 1681.0 474.0
26551 1700.0 485.0
26563 1717.0 497.0
26575 1732.0 509.0
26587 1744.0 522.0
26598 1755.0 535.0
26610 1765.0 549.0
26622 1771.0 564.0
26633 1776.0 581.0
26645 1778.0 599.0
26657 1776.0 619.0
26669 1773.0 640.0
26681 1766.0 661.0
26692 1758.0 682.0
26704 1748.0 704.0
26716 1738.0 724.0
26728 1725.0 744.0
26739 1712.0 763.0
26751 1698.0 781.0
26763 1684.0 797.0
26775 1669.0 814.0
26787 1653.0 830.0
26798 1635.0 846.0
26810 1615.0 862.0
26822 1594.0 876.0
26834 1570.0 890.0
26846 1546.0 901.0
26858 1518.0 911.0
26869 1488.0 917.0
26881 1455.0 921.0
26893 1418.0 924.0
26905 1380.0 924.0
26917 1338.0 923.0
26929 1295.0 921.0
26941 1250.0 919.0
26952 1203.0 917.0
26964 1155.0 916.0
26976 1106.0 916.0
26988 1055.0 915.0
26999 1003.0 913.0
27011 950.0 912.0
27023 896.0 910.0
27035 842.0 907.0
27047 790.0 905.0
27058 743.0 902.0
27070 697.0 898.0
27082 654.0 894.0
27094 610.0 888.0
27106 568.0 880.0
27117 528.0 871.0
27129 489.0 862.0
27141 452.0 853.0
27152 418.0 843.0
27164 387.0 831.0
27176 359.0 819.0
27188 335.0 806.0
27200 313.0 794.0
27212 295.0 781.0
27223 277.0 767.0
27235 259.0 754.0
27247 243.0 741.0
27259 228.0 728.0
27270 214.0 715.0
27282 201.0 702.0
27294 189.0 689.0
27306 178.0 676.0
27317 167.0 663.0
27329 156.0 650.0
27341 146.0 637.0
27353 137.0 624.0
27364 129.0 612.0
27376 123.0 600.0
27388 119.0 589.0
27399 115.0 578.0
27411 113.0 567.0
27423 111.0 558.0
27435 109.0 550.0
27446 109.0 541.0
27458 109.0 533.0
27470 110.0 524.0
27481 112.0 515.0
27493 115.0 505.0
27505 118.0 495.0
27517 123.0 485.0
27528 130.0 475.0
27540 138.0 467.0
27552 147.0 458.0
27564 157.0 449.0
27575 168.0 441.0
27587 180.0 432.0
27599 194.0 423.0
27610 209.0 414.0
27622 226.0 404.0
27634 243.0 395.0
27645 262.0 385.0
27657 283.0 376.0
27669 304.0 366.0
27681 327.0 356.0
27692 351.0 348.0
27704 375.0 340.0
27716 403.0 332.0
27727 432.0 323.0
27739 462.0 314.0
27751 493.0 305.0
27762 524.0 297.0
27774 557.0 290.0
27786 591.0 285.0
27798 625.0 280.0
27809 661.0 275.0
27821 696.0 269.0
27833 730.0 264.0
27844 765.0 260.0
27856 801.0 256.0
27868 838.0 254.0
27879 875.0 253.0
27891 912.0 252.0
27903 949.0 253.0
27914 984.0 253.0
27926 1019.0 255.0
27938 1054.0 256.0
27949 1089.0 259.0
27961 1123.0 262.0
27973 1156.0 267.0
27985 1188.0 272.0
27996 1220.0 277.0
28008 1252.0 283.0
28020 1282.0 289.0
28031 1310.0 295.0
28043 1337.0 302.0
28055 1364.0 310.0
28067 1390.0 319.0
28078 1415.0 328.0
28090 1440.0 336.0
28102 1463.0 345.0
28113 1485.0 355.0
28125 1507.0 365.0
28137 1527.0 376.0
28148 1547.0 386.0
28160 1566.0 396.0
28172 1585.0 407.0
28184 1604.0 417.0
28196 1622.0 428.0
28207 1640.0 439.0
28219 1656.0 452.0
28231 1670.0 465.0
28242 1683.0 478.0
28254 1694.0 491.0
28266 1706.0 505.0
28278 1717.0 519.0
28289 1727.0 534.0
28301 1737.0 548.0
28313 1746.0 563.0
28325 1753.0 578.0
28336 1758.0 592.0
28348 1762.0 607.0
28360 1766.0 623.0
28372 1767.0 639.0
28383 1766.0 656.0
28396 1763.0 673.0
28407 1757.0 690.0
28419 1748.0 708.0
28431 1736.0 727.0
28442 1720.0 746.0
28455 1703.0 765.0
28466 1683.0 784.0
28478 1660.0 803.0
28490 1636.0 822.0
28501 1608.0 841.0
28513 1578.0 859.0
28526 1546.0 877.0
28537 1511.0 892.0
28549 1474.0 904.0
28561 1435.0 913.0
28572 1394.0 917.0
28584 1349.0 921.0
28596 1303.0 921.0
28608 1252.0 921.0
28620 1198.0 919.0
28632 1140.0 917.0
28643 1081.0 914.0
28655 1022.0 912.0
28667 963.0 909.0
28679 904.0 906.0
28691 846.0 901.0
28703 790.0 895.0
28714 736.0 887.0
28726 683.0 878.0
28738 633.0 868.0
28750 584.0 858.0
28761 538.0 847.0
28773 494.0 834.0
28785 455.0 819.0
28797 418.0 804.0
28809 386.0 788.0
28820 354.0 772.0
28832 327.0 755.0
28844 302.0 738.0
28856 278.0 722.0
28867 258.0 705.0
28879 240.0 689.0
28891 224.0 673.0
28903 211.0 658.0
28915 200.0 644.0
28926 190.0 631.0
