1039 1554.0 331.0
1050 1548.0 326.0
1062 1533.0 314.0
1074 1511.0 297.0
1086 1484.0 279.0
1097 1456.0 262.0
1109 1431.0 249.0
1121 1403.0 237.0
1132 1372.0 227.0
1144 1337.0 218.0
1156 1299.0 211.0
1167 1258.0 204.0
1179 1215.0 197.0
1191 1171.0 191.0
1203 1125.0 187.0
1214 1078.0 183.0
1226 1029.0 182.0
1238 977.0 183.0
1250 923.0 186.0
1261 868.0 191.0
1273 813.0 199.0
1285 756.0 208.0
1296 701.0 219.0
1308 646.0 232.0
1320 592.0 246.0
1332 541.0 262.0
1344 492.0 279.0
1355 445.0 299.0
1367 401.0 320.0
1379 361.0 343.0
1391 325.0 368.0
1402 292.0 393.0
1414 263.0 419.0
1426 237.0 446.0
1438 216.0 474.0
1450 199.0 503.0
1461 186.0 532.0
1473 176.0 562.0
1486 169.0 592.0
1497 166.0 623.0
1509 166.0 652.0
1521 169.0 682.0
1533 176.0 710.0
1544 188.0 737.0
1556 203.0 762.0
1568 221.0 786.0
1580 242.0 809.0
1592 267.0 830.0
1603 296.0 849.0
1615 327.0 865.0
1627 362.0 881.0
1639 401.0 895.0
1651 443.0 908.0
1663 486.0 920.0
1674 531.0 931.0
1687 577.0 942.0
1698 624.0 953.0
1710 673.0 961.0
1722 723.0 969.0
1734 774.0 975.0
1746 826.0 981.0
1757 877.0 988.0
1769 927.0 993.0
1781 977.0 998.0
1794 1025.0 1002.0
1805 1075.0 1005.0
1817 1125.0 1005.0
1829 1175.0 1004.0
1840 1225.0 1000.0
1852 1274.0 994.0
1864 1323.0 987.0
1876 1371.0 978.0
1888 1418.0 968.0
1900 1464.0 957.0
1912 1510.0 945.0
1923 1554.0 932.0
1935 1595.0 918.0
1947 1634.0 904.0
1959 1670.0 889.0
1971 1704.0 873.0
1983 1735.0 856.0
1995 1763.0 837.0
2006 1786.0 817.0
2018 1806.0 795.0
2030 1823.0 774.0
2042 1837.0 753.0
2054 1848.0 732.0
2065 1855.0 712.0
2077 1859.0 693.0
2089 1861.0 673.0
2102 1860.0 653.0
2113 1857.0 632.0
2125 1853.0 610.0
2136 1847.0 587.0
2148 1839.0 565.0
2160 1827.0 542.0
2172 1812.0 521.0
2184 1795.0 499.0
2195 1775.0 479.0
2207 1753.0 458.0
2219 1729.0 438.0
2231 1702.0 418.0
2242 1674.0 398.0
2254 1644.0 379.0
2266 1611.0 360.0
2278 1575.0 342.0
2289 1536.0 324.0
2301 1495.0 308.0
2313 1452.0 293.0
2325 1409.0 277.0
2336 1364.0 262.0
2348 1319.0 247.0
2360 1273.0 233.0
2371 1226.0 220.0
2383 1178.0 210.0
2395 1128.0 202.0
2407 1077.0 197.0
2419 1023.0 194.0
2430 969.0 194.0
2442 914.0 195.0
2454 861.0 198.0
2465 807.0 202.0
2477 752.0 209.0
2489 698.0 219.0
2501 644.0 231.0
2512 590.0 245.0
2524 538.0 261.0
2536 488.0 279.0
2548 441.0 298.0
2559 396.0 318.0
2571 354.0 340.0
2583 314.0 364.0
2595 277.0 389.0
2607 244.0 414.0
2619 214.0 441.0
2630 188.0 469.0
2642 166.0 499.0
2654 147.0 528.0
2666 133.0 559.0
2677 124.0 590.0
2689 119.0 621.0
2702 119.0 651.0
2713 124.0 680.0
2725 133.0 708.0
2737 146.0 735.0
2748 161.0 760.0
2760 180.0 785.0
2772 203.0 808.0
2784 228.0 830.0
2796 257.0 851.0
2808 288.0 870.0
2820 324.0 887.0
2831 362.0 903.0
2843 404.0 915.0
2855 449.0 926.0
2867 495.0 935.0
2879 544.0 943.0
2891 594.0 950.0
2903 647.0 956.0
2914 701.0 960.0
2926 753.0 963.0
2939 807.0 965.0
2950 862.0 966.0
2962 917.0 965.0
2974 972.0 964.0
2985 1025.0 962.0
2997 1079.0 959.0
3009 1131.0 955.0
3021 1183.0 951.0
3033 1233.0 947.0
3045 1282.0 941.0
3057 1329.0 934.0
3069 1375.0 926.0
3080 1419.0 917.0
3092 1462.0 906.0
3104 1502.0 894.0
3116 1541.0 879.0
3127 1578.0 863.0
3139 1613.0 846.0
3151 1645.0 827.0
3163 1673.0 808.0
3175 1697.0 788.0
3187 1719.0 766.0
3198 1737.0 744.0
3210 1752.0 721.0
3222 1763.0 698.0
3234 1769.0 674.0
3246 1773.0 651.0
3257 1772.0 626.0
3270 1768.0 601.0
3281 1761.0 576.0
3293 1751.0 550.0
3305 1737.0 523.0
3317 1719.0 497.0
3328 1699.0 469.0
3340 1676.0 442.0
3352 1649.0 414.0
3364 1619.0 388.0
3375 1586.0 362.0
3387 1548.0 338.0
3399 1507.0 316.0
3411 1463.0 295.0
3422 1416.0 275.0
3434 1366.0 257.0
3446 1316.0 241.0
3457 1263.0 227.0
3469 1210.0 215.0
3481 1155.0 204.0
3493 1098.0 196.0
3504 1040.0 191.0
3516 980.0 189.0
3528 919.0 189.0
3540 859.0 193.0
3551 799.0 200.0
3563 740.0 209.0
3575 681.0 221.0
3586 622.0 237.0
3599 566.0 255.0
3610 513.0 275.0
3622 462.0 297.0
3634 414.0 321.0
3645 371.0 347.0
3657 331.0 374.0
3669 296.0 402.0
3681 265.0 432.0
3693 237.0 463.0
3705 215.0 496.0
3716 197.0 528.0
3728 183.0 561.0
3740 172.0 594.0
3752 166.0 625.0
3763 165.0 655.0
3775 169.0 683.0
3787 178.0 710.0
3799 191.0 735.0
3811 208.0 760.0
3823 228.0 783.0
3834 251.0 805.0
3846 278.0 826.0
3858 309.0 846.0
3870 343.0 865.0
3882 380.0 884.0
3894 419.0 901.0
3906 460.0 916.0
3918 505.0 929.0
3929 551.0 941.0
3941 599.0 952.0
3953 650.0 961.0
3965 701.0 969.0
3977 752.0 975.0
3989 804.0 981.0
4001 858.0 985.0
4012 913.0 987.0
4024 970.0 988.0
4036 1026.0 986.0
4048 1084.0 981.0
4060 1142.0 975.0
4072 1200.0 967.0
4084 1259.0 957.0
4095 1317.0 945.0
4107 1374.0 933.0
4119 1430.0 919.0
4131 1484.0 906.0
4143 1534.0 892.0
4155 1582.0 877.0
4167 1625.0 861.0
4178 1664.0 844.0
4190 1698.0 825.0
4202 1729.0 805.0
4214 1758.0 784.0
4226 1784.0 762.0
4238 1807.0 741.0
4250 1825.0 720.0
4261 1840.0 699.0
4273 1850.0 678.0
4285 1856.0 657.0
4297 1860.0 633.0
4309 1860.0 609.0
4320 1858.0 584.0
4332 1852.0 559.0
4344 1845.0 533.0
4356 1833.0 508.0
4367 1818.0 481.0
4379 1800.0 454.0
4392 1780.0 427.0
4403 1759.0 400.0
4414 1736.0 373.0
4426 1711.0 347.0
4438 1683.0 321.0
4450 1651.0 296.0
4462 1615.0 272.0
4473 1576.0 249.0
4485 1535.0 227.0
4497 1492.0 207.0
4509 1448.0 188.0
4520 1403.0 169.0
4532 1357.0 153.0
4544 1310.0 138.0
4555 1261.0 126.0
4567 1212.0 117.0
4579 1162.0 111.0
4591 1111.0 107.0
4602 1058.0 106.0
4614 1006.0 106.0
4626 954.0 108.0
4637 904.0 112.0
4649 854.0 117.0
4661 803.0 124.0
4673 753.0 133.0
4684 702.0 145.0
4697 652.0 160.0
4708 602.0 176.0
4720 555.0 194.0
4731 509.0 215.0
4743 467.0 237.0
4755 427.0 261.0
4767 388.0 287.0
4779 352.0 316.0
4791 318.0 347.0
4802 288.0 381.0
4814 261.0 416.0
4826 237.0 453.0
4837 217.0 490.0
4849 200.0 526.0
4861 188.0 562.0
4873 178.0 598.0
4885 172.0 634.0
4897 171.0 670.0
4908 174.0 704.0
4920 181.0 737.0
4932 192.0 770.0
4944 207.0 801.0
4956 225.0 831.0
4968 247.0 860.0
4979 273.0 886.0
4992 303.0 911.0
5003 336.0 933.0
5015 373.0 953.0
5027 414.0 970.0
5039 459.0 984.0
5051 506.0 996.0
5063 556.0 1005.0
5074 609.0 1013.0
5086 664.0 1019.0
5099 720.0 1024.0
5110 777.0 1028.0
5122 835.0 1030.0
5134 893.0 1030.0
5146 950.0 1029.0
5158 1007.0 1026.0
5169 1063.0 1021.0
5181 1117.0 1014.0
5193 1170.0 1004.0
5205 1222.0 992.0
5217 1272.0 977.0
5229 1321.0 960.0
5241 1369.0 941.0
5252 1417.0 921.0
5264 1464.0 900.0
5276 1509.0 878.0
5288 1553.0 855.0
5300 1593.0 832.0
5312 1630.0 809.0
5323 1664.0 786.0
5335 1694.0 763.0
5347 1718.0 740.0
5359 1738.0 717.0
5371 1754.0 694.0
5383 1764.0 672.0
5394 1772.0 650.0
5406 1775.0 627.0
5418 1776.0 604.0
5430 1773.0 579.0
5442 1767.0 554.0
5454 1758.0 527.0
5465 1747.0 500.0
5477 1732.0 472.0
5489 1711.0 444.0
5500 1687.0 416.0
5512 1658.0 390.0
5524 1626.0 365.0
5536 1590.0 341.0
5548 1549.0 319.0
5559 1505.0 298.0
5571 1459.0 277.0
5583 1412.0 258.0
5595 1363.0 239.0
5606 1313.0 222.0
5618 1262.0 208.0
5630 1211.0 194.0
5642 1159.0 182.0
5653 1107.0 172.0
5665 1054.0 165.0
5676 1002.0 160.0
5688 949.0 157.0
5700 896.0 157.0
5712 843.0 158.0
5724 790.0 161.0
5735 738.0 165.0
5747 687.0 170.0
5759 636.0 177.0
5770 587.0 187.0
5782 540.0 198.0
5794 493.0 212.0
5806 448.0 230.0
5817 405.0 251.0
5829 364.0 275.0
5841 326.0 302.0
5853 291.0 331.0
5864 258.0 361.0
5876 229.0 391.0
5888 206.0 422.0
5900 188.0 453.0
5911 175.0 483.0
5923 166.0 515.0
5935 160.0 549.0
5947 159.0 586.0
5959 160.0 626.0
5970 166.0 666.0
5982 175.0 706.0
5995 187.0 745.0
6006 202.0 784.0
6018 220.0 822.0
6030 242.0 859.0
6042 270.0 893.0
6053 303.0 925.0
6065 342.0 956.0
6077 385.0 986.0
6089 433.0 1015.0
6101 485.0 1041.0
6113 539.0 1064.0
6125 596.0 1082.0
6137 656.0 1095.0
6149 717.0 1102.0
6161 779.0 1105.0
6172 843.0 1102.0
6184 908.0 1094.0
6196 973.0 1083.0
6208 1037.0 1068.0
6220 1101.0 1050.0
6232 1165.0 1030.0
6244 1230.0 1009.0
6255 1294.0 987.0
6267 1357.0 964.0
6279 1417.0 941.0
6291 1472.0 918.0
6303 1520.0 895.0
6315 1563.0 871.0
6326 1600.0 846.0
6338 1631.0 822.0
6350 1658.0 797.0
6362 1679.0 773.0
6374 1696.0 750.0
6386 1709.0 728.0
6397 1717.0 708.0
6409 1722.0 689.0
6421 1725.0 668.0
6433 1727.0 646.0
6445 1728.0 620.0
6456 1726.0 593.0
6468 1721.0 567.0
6480 1712.0 542.0
6492 1699.0 516.0
6504 1681.0 490.0
6515 1658.0 462.0
6527 1632.0 431.0
6539 1603.0 400.0
6551 1572.0 370.0
6562 1539.0 344.0
6574 1504.0 319.0
6586 1464.0 298.0
6598 1420.0 279.0
6609 1371.0 264.0
6621 1319.0 251.0
6633 1264.0 241.0
6645 1207.0 234.0
6656 1148.0 230.0
6668 1085.0 229.0
6680 1019.0 232.0
6692 951.0 239.0
6703 883.0 248.0
6715 815.0 260.0
6727 745.0 275.0
6739 674.0 291.0
6750 606.0 310.0
6762 541.0 331.0
6774 479.0 353.0
6786 421.0 376.0
6798 366.0 401.0
6810 316.0 427.0
6821 272.0 454.0
6833 233.0 483.0
6845 199.0 512.0
6857 169.0 542.0
6869 145.0 572.0
6881 126.0 603.0
6892 113.0 633.0
6904 107.0 664.0
6916 105.0 694.0
6928 108.0 725.0
6940 116.0 756.0
6951 128.0 787.0
6963 147.0 816.0
6975 170.0 844.0
6987 199.0 869.0
6999 234.0 891.0
7011 274.0 911.0
7022 318.0 929.0
7034 367.0 946.0
7046 420.0 960.0
7058 478.0 973.0
7070 539.0 984.0
7082 604.0 992.0
7094 672.0 999.0
7106 741.0 1003.0
7118 811.0 1006.0
7130 882.0 1006.0
7141 953.0 1003.0
7153 1026.0 997.0
7165 1098.0 989.0
7177 1170.0 978.0
7189 1241.0 964.0
7201 1309.0 949.0
7213 1373.0 931.0
7225 1430.0 912.0
7236 1481.0 893.0
7248 1526.0 872.0
7260 1568.0 849.0
7272 1606.0 825.0
7284 1640.0 799.0
7296 1670.0 773.0
7307 1696.0 746.0
7319 1719.0 719.0
7331 1736.0 691.0
7343 1749.0 662.0
7355 1758.0 632.0
7366 1763.0 602.0
7378 1765.0 572.0
7390 1764.0 543.0
7402 1758.0 513.0
7413 1746.0 482.0
7425 1727.0 450.0
7437 1701.0 416.0
7449 1668.0 382.0
7461 1629.0 350.0
7472 1584.0 319.0
7484 1531.0 291.0
7496 1473.0 265.0
7508 1407.0 241.0
7520 1334.0 222.0
7531 1257.0 206.0
7543 1164.0 193.0
7555 1062.0 185.0
7567 960.0 183.0
7578 862.0 189.0
7591 765.0 202.0
7602 671.0 220.0
7614 599.0 237.0
7625 528.0 256.0
7637 461.0 276.0
7649 399.0 300.0
7661 342.0 327.0
7672 292.0 356.0
7684 244.0 392.0
7696 201.0 433.0
7708 166.0 478.0
7720 139.0 526.0
7732 120.0 575.0
7743 110.0 623.0
7755 108.0 668.0
7767 114.0 710.0
7779 129.0 749.0
7791 153.0 783.0
7803 187.0 816.0
7814 229.0 847.0
7826 279.0 875.0
7838 337.0 899.0
7850 402.0 919.0
7862 473.0 936.0
7874 549.0 948.0
7886 641.0 959.0
7898 743.0 968.0
7910 846.0 974.0
7922 948.0 976.0
7933 1047.0 975.0
7945 1144.0 969.0
7957 1237.0 959.0
7969 1305.0 950.0
7981 1377.0 939.0
7993 1446.0 927.0
8005 1510.0 914.0
8017 1569.0 899.0
8028 1621.0 882.0
8040 1664.0 863.0
8052 1704.0 841.0
8064 1738.0 816.0
8076 1767.0 789.0
8088 1789.0 762.0
8100 1805.0 735.0
8111 1817.0 707.0
8123 1824.0 679.0
8135 1825.0 649.0
8147 1820.0 617.0
8159 1809.0 583.0
8170 1792.0 546.0
8182 1771.0 509.0
8194 1745.0 470.0
8206 1714.0 432.0
8217 1679.0 393.0
8229 1640.0 356.0
8241 1596.0 320.0
8253 1548.0 286.0
8264 1495.0 256.0
8276 1436.0 229.0
8288 1372.0 207.0
8300 1303.0 188.0
8312 1232.0 174.0
8323 1158.0 165.0
8335 1084.0 160.0
8347 1009.0 159.0
8359 933.0 162.0
8370 859.0 169.0
8382 786.0 180.0
8394 715.0 194.0
8406 646.0 213.0
8417 581.0 234.0
8429 520.0 259.0
8441 463.0 286.0
8452 410.0 318.0
8464 362.0 353.0
8476 320.0 391.0
8488 285.0 429.0
8500 257.0 469.0
8511 237.0 508.0
8523 225.0 546.0
8535 219.0 585.0
8547 220.0 625.0
8559 229.0 665.0
8571 246.0 704.0
8583 270.0 743.0
8594 304.0 780.0
8607 345.0 815.0
8618 393.0 847.0
8630 446.0 877.0
8642 503.0 904.0
8654 565.0 928.0
8666 629.0 949.0
8678 698.0 967.0
8690 771.0 981.0
8702 846.0 992.0
8714 923.0 999.0
8725 1000.0 1002.0
8737 1076.0 1001.0
8749 1150.0 995.0
8761 1221.0 986.0
8773 1290.0 972.0
8785 1353.0 955.0
8797 1411.0 936.0
8809 1462.0 915.0
8820 1508.0 892.0
8832 1548.0 868.0
8844 1582.0 842.0
8856 1611.0 814.0
8868 1633.0 785.0
8880 1650.0 754.0
8892 1661.0 722.0
8904 1665.0 688.0
8915 1662.0 654.0
8927 1654.0 618.0
8939 1642.0 580.0
8951 1626.0 542.0
8962 1604.0 502.0
8974 1576.0 461.0
8986 1542.0 421.0
8998 1502.0 384.0
9009 1456.0 350.0
9021 1403.0 320.0
9033 1346.0 293.0
9045 1283.0 268.0
9056 1214.0 247.0
9068 1127.0 228.0
9080 1025.0 218.0
9092 921.0 217.0
9103 820.0 225.0
9115 725.0 237.0
9127 654.0 251.0
9139 587.0 267.0
9151 521.0 284.0
9162 460.0 303.0
9174 404.0 325.0
9186 346.0 351.0
9198 291.0 383.0
9210 241.0 419.0
9221 199.0 459.0
9233 165.0 500.0
9245 140.0 543.0
9257 123.0 586.0
9268 114.0 631.0
9280 114.0 676.0
9292 122.0 720.0
9304 138.0 764.0
9316 163.0 806.0
9328 196.0 846.0
9340 237.0 882.0
9351 284.0 915.0
9363 336.0 944.0
9375 394.0 969.0
9387 457.0 990.0
9399 524.0 1007.0
9411 595.0 1022.0
9423 669.0 1034.0
9435 746.0 1043.0
9447 826.0 1051.0
9458 906.0 1055.0
9470 985.0 1057.0
9482 1063.0 1055.0
9494 1139.0 1050.0
9506 1211.0 1042.0
9518 1280.0 1030.0
9530 1344.0 1015.0
9542 1403.0 998.0
9553 1458.0 979.0
9565 1508.0 956.0
9577 1553.0 931.0
9589 1594.0 901.0
9601 1631.0 867.0
9613 1663.0 830.0
9624 1690.0 792.0
9636 1712.0 752.0
9648 1730.0 712.0
9660 1742.0 671.0
9672 1747.0 629.0
9684 1744.0 587.0
9695 1733.0 544.0
9707 1714.0 501.0
9719 1687.0 457.0
9731 1651.0 413.0
9743 1607.0 372.0
9754 1555.0 335.0
9766 1496.0 303.0
9778 1431.0 275.0
9790 1360.0 251.0
9801 1284.0 231.0
9813 1192.0 213.0
9825 1089.0 198.0
9836 985.0 188.0
9848 882.0 186.0
9860 783.0 192.0
9872 690.0 206.0
9883 622.0 219.0
9895 554.0 236.0
9908 488.0 258.0
9919 428.0 283.0
9931 374.0 311.0
9942 327.0 340.0
9954 282.0 376.0
9966 240.0 416.0
9978 204.0 459.0
9989 177.0 503.0
10001 159.0 548.0
10013 149.0 593.0
10025 148.0 639.0
10037 154.0 685.0
10048 168.0 729.0
10060 190.0 770.0
10072 221.0 807.0
10084 259.0 839.0
10096 303.0 867.0
10108 355.0 891.0
10120 412.0 912.0
10132 477.0 930.0
10144 547.0 944.0
10155 623.0 956.0
10167 703.0 964.0
10179 796.0 971.0
10191 898.0 975.0
10203 998.0 975.0
10215 1093.0 971.0
10227 1166.0 964.0
10239 1233.0 954.0
10251 1297.0 943.0
10263 1358.0 931.0
10274 1421.0 915.0
10286 1483.0 898.0
10298 1541.0 878.0
10310 1592.0 856.0
10322 1637.0 833.0
10333 1674.0 808.0
10345 1706.0 782.0
10357 1732.0 754.0
10369 1752.0 722.0
10381 1767.0 687.0
10393 1777.0 650.0
10405 1780.0 612.0
10417 1775.0 573.0
10428 1763.0 533.0
10440 1744.0 493.0
10452 1716.0 453.0
10464 1680.0 413.0
10475 1638.0 375.0
10487 1590.0 338.0
10499 1535.0 302.0
10511 1474.0 269.0
10522 1406.0 239.0
10534 1322.0 211.0
10546 1224.0 185.0
10557 1122.0 166.0
10569 1023.0 158.0
10581 924.0 158.0
10593 826.0 163.0
10605 730.0 174.0
10616 638.0 192.0
10628 572.0 210.0
10640 500.0 231.0
10652 435.0 257.0
10663 376.0 285.0
10675 323.0 317.0
10687 277.0 352.0
10698 236.0 389.0
10711 201.0 426.0
10722 170.0 468.0
10734 145.0 513.0
10746 128.0 559.0
10758 119.0 605.0
10770 119.0 650.0
10782 126.0 694.0
10793 139.0 737.0
10806 158.0 778.0
10817 182.0 816.0
10829 213.0 851.0
10841 252.0 883.0
10853 298.0 912.0
10864 351.0 937.0
10876 410.0 959.0
10888 475.0 977.0
10900 543.0 992.0
10912 615.0 1004.0
10924 690.0 1014.0
10936 767.0 1020.0
10948 858.0 1023.0
10960 936.0 1022.0
10972 1014.0 1018.0
10983 1106.0 1009.0
10996 1185.0 1000.0
11007 1262.0 989.0
11019 1337.0 978.0
11031 1409.0 964.0
11043 1476.0 949.0
11055 1537.0 933.0
11066 1590.0 913.0
11079 1636.0 892.0
11090 1677.0 867.0
11102 1712.0 839.0
11114 1741.0 809.0
11126 1764.0 777.0
11138 1781.0 743.0
11149 1791.0 708.0
11161 1794.0 671.0
11173 1788.0 631.0
11185 1775.0 590.0
11197 1755.0 547.0
11208 1729.0 504.0
11220 1698.0 462.0
11232 1663.0 422.0
11244 1624.0 384.0
11256 1578.0 348.0
11268 1524.0 312.0
11279 1460.0 278.0
11291 1388.0 249.0
11302 1311.0 225.0
11314 1232.0 206.0
11326 1153.0 191.0
11338 1076.0 180.0
11349 998.0 172.0
11361 919.0 169.0
11373 839.0 169.0
11384 760.0 175.0
11396 683.0 185.0
11408 607.0 200.0
11420 535.0 219.0
11432 467.0 242.0
11443 403.0 270.0
11455 346.0 300.0
11467 295.0 333.0
11479 251.0 369.0
11491 213.0 407.0
11502 182.0 448.0
11514 158.0 492.0
11526 141.0 537.0
11538 134.0 583.0
11550 136.0 629.0
11561 146.0 674.0
11573 165.0 719.0
11585 191.0 761.0
11597 226.0 800.0
11609 266.0 835.0
11621 312.0 866.0
11632 364.0 893.0
11644 423.0 917.0
11656 489.0 937.0
11668 562.0 954.0
11680 641.0 969.0
11692 735.0 982.0
11704 838.0 993.0
11716 940.0 1002.0
11727 1038.0 1007.0
11739 1134.0 1008.0
11751 1227.0 1004.0
11763 1298.0 996.0
11775 1371.0 986.0
11787 1441.0 973.0
11799 1504.0 959.0
11811 1558.0 945.0
11822 1606.0 929.0
11834 1653.0 909.0
11846 1697.0 884.0
11858 1734.0 855.0
11870 1763.0 823.0
11882 1784.0 788.0
11894 1797.0 750.0
11905 1804.0 710.0
11917 1802.0 670.0
11929 1793.0 629.0
11941 1776.0 588.0
11953 1753.0 547.0
11964 1725.0 504.0
11976 1691.0 461.0
11988 1650.0 417.0
12000 1602.0 372.0
12011 1547.0 329.0
12023 1485.0 289.0
12035 1418.0 254.0
12047 1345.0 223.0
12059 1269.0 198.0
12070 1190.0 177.0
12082 1110.0 161.0
12094 1029.0 151.0
12105 947.0 145.0
12117 866.0 144.0
12129 785.0 148.0
12141 707.0 158.0
12152 631.0 171.0
12164 559.0 189.0
12176 492.0 212.0
12187 430.0 239.0
12199 374.0 271.0
12211 323.0 309.0
12223 279.0 350.0
12235 241.0 393.0
12246 210.0 439.0
12258 187.0 487.0
12270 170.0 536.0
12282 159.0 586.0
12294 154.0 636.0
12306 156.0 686.0
12317 166.0 734.0
12329 184.0 779.0
12341 213.0 820.0
12353 253.0 857.0
12365 301.0 889.0
12377 359.0 916.0
12389 424.0 937.0
12401 496.0 953.0
12412 586.0 966.0
12425 689.0 976.0
12436 795.0 982.0
12448 898.0 983.0
12460 998.0 980.0
12472 1094.0 974.0
12484 1165.0 967.0
12496 1237.0 958.0
12508 1307.0 947.0
12520 1373.0 935.0
12531 1432.0 921.0
12543 1487.0 905.0
12555 1540.0 885.0
12567 1591.0 862.0
12579 1635.0 836.0
12591 1671.0 808.0
12603 1698.0 779.0
12614 1719.0 749.0
12626 1734.0 715.0
12638 1743.0 677.0
12650 1746.0 637.0
12661 1741.0 595.0
12673 1730.0 552.0
12685 1712.0 509.0
12697 1686.0 466.0
12709 1655.0 424.0
12721 1619.0 384.0
12732 1578.0 345.0
12744 1532.0 307.0
12756 1478.0 271.0
12767 1417.0 239.0
12779 1348.0 211.0
12791 1272.0 187.0
12802 1193.0 168.0
12815 1099.0 155.0
12826 997.0 150.0
12838 896.0 154.0
12850 800.0 163.0
12861 707.0 177.0
12873 614.0 196.0
12885 544.0 216.0
12897 474.0 240.0
12909 405.0 268.0
12920 342.0 300.0
12932 286.0 333.0
12944 238.0 369.0
12956 192.0 410.0
12968 152.0 457.0
12979 120.0 505.0
12991 95.0 554.0
13003 79.0 604.0
13015 70.0 655.0
13027 71.0 705.0
13039 82.0 753.0
13051 105.0 797.0
13062 138.0 837.0
13074 182.0 873.0
13086 234.0 904.0
13098 295.0 931.0
13110 362.0 955.0
13122 436.0 975.0
13134 528.0 992.0
13145 632.0 1005.0
13157 738.0 1012.0
13169 841.0 1014.0
13181 942.0 1011.0
13193 1039.0 1005.0
13205 1133.0 996.0
13217 1202.0 987.0
13229 1276.0 975.0
13241 1348.0 961.0
13252 1415.0 946.0
13264 1476.0 928.0
13276 1532.0 908.0
13288 1580.0 886.0
13300 1626.0 859.0
13312 1667.0 829.0
13323 1702.0 796.0
13335 1731.0 762.0
13347 1752.0 725.0
13359 1766.0 686.0
13371 1774.0 644.0
13382 1774.0 602.0
13395 1767.0 558.0
13406 1753.0 514.0
13418 1730.0 470.0
13430 1698.0 425.0
13441 1658.0 380.0
13453 1610.0 337.0
13465 1556.0 299.0
13477 1495.0 264.0
13489 1428.0 235.0
13500 1344.0 207.0
13512 1245.0 184.0
13523 1141.0 169.0
13535 1037.0 163.0
13547 933.0 164.0
13559 833.0 172.0
13570 735.0 185.0
13582 641.0 207.0
13594 553.0 232.0
13606 490.0 254.0
13617 419.0 283.0
13629 357.0 316.0
13641 306.0 351.0
13653 262.0 390.0
13665 226.0 432.0
13676 197.0 477.0
13689 173.0 524.0
13700 156.0 571.0
13712 146.0 624.0
13724 143.0 679.0
13735 149.0 733.0
13747 164.0 782.0
13759 189.0 825.0
13771 224.0 862.0
13783 266.0 894.0
13795 317.0 920.0
13807 375.0 941.0
13819 440.0 958.0
13831 513.0 971.0
13843 604.0 981.0
13854 709.0 986.0
13866 818.0 988.0
13878 926.0 986.0
13891 1031.0 981.0
13902 1132.0 974.0
13914 1228.0 965.0
13926 1320.0 953.0
13938 1388.0 942.0
13949 1459.0 927.0
13961 1524.0 909.0
13973 1581.0 890.0
13985 1630.0 869.0
13997 1672.0 846.0
14009 1706.0 821.0
14020 1733.0 796.0
14032 1756.0 766.0
14044 1775.0 732.0
14056 1789.0 695.0
14068 1795.0 656.0
14080 1794.0 616.0
14091 1783.0 574.0
14103 1763.0 529.0
14116 1735.0 481.0
14127 1699.0 432.0
14138 1657.0 386.0
14150 1611.0 343.0
14162 1559.0 302.0
14174 1503.0 262.0
14185 1442.0 224.0
14198 1376.0 189.0
14209 1303.0 156.0
14221 1214.0 123.0
14232 1113.0 95.0
14244 1011.0 79.0
14256 910.0 73.0
14268 810.0 78.0
14279 713.0 92.0
14291 621.0 111.0
14303 533.0 136.0
14314 469.0 161.0
14327 403.0 189.0
14338 347.0 220.0
14350 298.0 255.0
14361 254.0 294.0
14373 216.0 336.0
14385 185.0 381.0
14397 160.0 426.0
14409 139.0 476.0
14420 124.0 531.0
14432 115.0 588.0
14444 112.0 645.0
14456 114.0 700.0
14468 124.0 753.0
14480 142.0 802.0
14492 169.0 847.0
14503 205.0 888.0
14516 250.0 926.0
14527 301.0 958.0
14539 359.0 985.0
14551 424.0 1007.0
14563 496.0 1024.0
14575 586.0 1037.0
14587 689.0 1044.0
14599 796.0 1044.0
14611 904.0 1036.0
14622 1010.0 1022.0
14634 1113.0 1002.0
14646 1212.0 978.0
14658 1303.0 953.0
14670 1368.0 931.0
14682 1438.0 908.0
14694 1499.0 884.0
14706 1551.0 857.0
14717 1595.0 829.0
14729 1631.0 801.0
14741 1659.0 772.0
14753 1680.0 743.0
14765 1696.0 711.0
14776 1705.0 676.0
14788 1708.0 640.0
14800 1704.0 601.0
14812 1691.0 557.0
14824 1671.0 509.0
14836 1642.0 459.0
14847 1606.0 410.0
14859 1563.0 365.0
14871 1513.0 322.0
14883 1457.0 282.0
14894 1394.0 245.0
14906 1314.0 208.0
14918 1220.0 175.0
14929 1120.0 151.0
14941 1020.0 136.0
14953 921.0 131.0
14965 822.0 135.0
14976 725.0 149.0
14988 629.0 171.0
15000 536.0 199.0
15012 453.0 233.0
15023 372.0 274.0
15035 317.0 309.0
15047 250.0 358.0
15059 198.0 403.0
15071 153.0 453.0
15082 117.0 503.0
15095 91.0 553.0
15106 71.0 601.0
15118 59.0 648.0
15130 54.0 692.0
15142 56.0 734.0
15153 64.0 773.0
15165 80.0 814.0
15177 103.0 855.0
15189 136.0 894.0
15201 177.0 930.0
15213 226.0 961.0
15225 283.0 989.0
15237 347.0 1013.0
15249 419.0 1034.0
15261 496.0 1051.0
15273 589.0 1066.0
15285 691.0 1076.0
15297 793.0 1081.0
15309 892.0 1080.0
15320 990.0 1074.0
15332 1083.0 1063.0
15344 1152.0 1049.0
15356 1223.0 1034.0
15368 1290.0 1015.0
15380 1351.0 995.0
15392 1404.0 974.0
15404 1451.0 953.0
15415 1498.0 927.0
15427 1543.0 898.0
15439 1583.0 866.0
15451 1617.0 833.0
15463 1645.0 798.0
15475 1666.0 763.0
15486 1682.0 727.0
15499 1692.0 691.0
15510 1697.0 655.0
15522 1695.0 619.0
15534 1688.0 581.0
15546 1675.0 542.0
15558 1656.0 499.0
15569 1628.0 455.0
15581 1592.0 410.0
15593 1548.0 366.0
15605 1499.0 324.0
15617 1443.0 287.0
15628 1381.0 253.0
15640 1314.0 224.0
15652 1241.0 202.0
15663 1164.0 186.0
15675 1072.0 177.0
15687 970.0 176.0
15699 868.0 185.0
15710 772.0 201.0
15722 679.0 223.0
15734 609.0 245.0
15746 542.0 272.0
15757 479.0 303.0
15769 421.0 337.0
15781 370.0 374.0
15793 320.0 416.0
15805 274.0 463.0
15817 234.0 513.0
15828 202.0 564.0
15840 178.0 615.0
15852 165.0 664.0
15864 164.0 711.0
15876 173.0 754.0
15888 193.0 794.0
15900 222.0 829.0
15912 261.0 860.0
15923 308.0 889.0
15935 364.0 913.0
15947 430.0 935.0
15959 503.0 953.0
15971 594.0 970.0
15983 697.0 984.0
15995 804.0 994.0
16007 910.0 999.0
16019 1013.0 1002.0
16030 1114.0 1001.0
16042 1210.0 996.0
16054 1279.0 989.0
16066 1351.0 980.0
16078 1419.0 968.0
16090 1479.0 955.0
16102 1531.0 942.0
16114 1575.0 927.0
16125 1610.0 911.0
16137 1641.0 891.0
16149 1667.0 868.0
16161 1688.0 840.0
16173 1702.0 810.0
16185 1710.0 776.0
16196 1712.0 739.0
16209 1708.0 697.0
16220 1698.0 653.0
16232 1682.0 607.0
16244 1657.0 556.0
16256 1623.0 500.0
16267 1584.0 448.0
16279 1542.0 402.0
16291 1495.0 360.0
16303 1442.0 320.0
16315 1385.0 280.0
16326 1323.0 245.0
16338 1255.0 214.0
16350 1180.0 190.0
16362 1089.0 172.0
16373 987.0 164.0
16385 886.0 166.0
16396 790.0 179.0
16408 699.0 198.0
16420 630.0 219.0
16432 564.0 243.0
16444 502.0 271.0
16455 444.0 303.0
16467 391.0 338.0
16479 338.0 381.0
16491 288.0 431.0
16503 244.0 484.0
16515 208.0 539.0
16526 182.0 593.0
16538 166.0 645.0
16550 160.0 694.0
16562 164.0 740.0
16574 177.0 784.0
16586 198.0 823.0
16597 228.0 859.0
16609 266.0 892.0
16622 313.0 919.0
16633 368.0 941.0
16645 433.0 958.0
16657 505.0 970.0
16669 594.0 980.0
16681 697.0 986.0
16693 801.0 988.0
16705 902.0 985.0
16717 1002.0 975.0
16728 1097.0 960.0
16740 1164.0 948.0
16752 1230.0 933.0
16764 1291.0 918.0
16776 1347.0 903.0
16788 1396.0 887.0
16800 1439.0 871.0
16811 1484.0 852.0
16823 1531.0 826.0
16835 1577.0 796.0
16847 1617.0 762.0
16859 1645.0 729.0
16871 1662.0 697.0
16883 1671.0 665.0
16894 1674.0 634.0
16907 1672.0 601.0
16918 1667.0 566.0
16930 1656.0 529.0
16942 1638.0 491.0
16954 1609.0 452.0
16965 1571.0 413.0
16977 1524.0 377.0
16989 1468.0 343.0
17001 1404.0 311.0
17013 1333.0 284.0
17025 1257.0 261.0
17036 1167.0 241.0
17048 1067.0 228.0
17060 965.0 224.0
17072 867.0 231.0
17083 772.0 244.0
17095 675.0 265.0
17107 582.0 294.0
17119 514.0 321.0
17130 447.0 353.0
17142 388.0 388.0
17154 338.0 424.0
17166 297.0 462.0
17178 263.0 500.0
17190 236.0 536.0
17201 214.0 576.0
17213 200.0 617.0
17226 193.0 657.0
17237 195.0 696.0
17249 206.0 733.0
17261 227.0 768.0
17273 258.0 801.0
17284 298.0 831.0
17296 346.0 858.0
17308 402.0 883.0
17320 465.0 905.0
17332 535.0 923.0
17344 612.0 937.0
17356 705.0 950.0
17368 808.0 958.0
17380 910.0 963.0
17392 1007.0 964.0
17403 1102.0 960.0
17415 1196.0 953.0
17427 1268.0 946.0
17439 1339.0 936.0
17451 1408.0 922.0
17463 1469.0 908.0
17475 1524.0 893.0
17487 1571.0 876.0
17498 1616.0 855.0
17510 1656.0 831.0
17523 1691.0 804.0
17534 1719.0 775.0
17546 1741.0 743.0
17558 1755.0 710.0
17570 1761.0 675.0
17581 1760.0 638.0
17594 1751.0 600.0
17605 1734.0 560.0
17617 1708.0 521.0
17629 1673.0 482.0
17641 1629.0 443.0
17652 1575.0 406.0
17664 1513.0 371.0
17676 1445.0 339.0
17688 1360.0 306.0
17700 1284.0 281.0
17712 1208.0 261.0
17723 1117.0 243.0
17735 1015.0 230.0
17747 913.0 225.0
17759 818.0 229.0
17770 745.0 236.0
17782 676.0 247.0
17794 611.0 260.0
17806 551.0 276.0
17818 490.0 297.0
17829 431.0 322.0
17841 378.0 351.0
17853 333.0 384.0
17865 295.0 418.0
17877 264.0 456.0
17888 239.0 498.0
17900 219.0 542.0
17913 204.0 591.0
17924 194.0 641.0
17936 191.0 690.0
17948 198.0 734.0
17960 215.0 774.0
17971 242.0 808.0
17983 278.0 838.0
17995 320.0 864.0
18007 369.0 886.0
18019 425.0 904.0
18031 488.0 920.0
18043 557.0 933.0
18055 632.0 943.0
18066 711.0 949.0
18078 792.0 953.0
18090 873.0 955.0
18102 954.0 955.0
18114 1033.0 954.0
18126 1111.0 950.0
18138 1187.0 945.0
18150 1263.0 937.0
18162 1339.0 926.0
18174 1410.0 913.0
18186 1478.0 898.0
18197 1539.0 880.0
18209 1594.0 860.0
18221 1640.0 839.0
18233 1677.0 815.0
18245 1705.0 789.0
18257 1726.0 760.0
18269 1741.0 728.0
18280 1750.0 695.0
18292 1752.0 660.0
18304 1748.0 622.0
18316 1737.0 584.0
18328 1717.0 545.0
18339 1687.0 506.0
18351 1645.0 467.0
18363 1595.0 428.0
18375 1538.0 391.0
18387 1475.0 357.0
18399 1407.0 326.0
18411 1325.0 294.0
18422 1251.0 271.0
18434 1164.0 250.0
18446 1064.0 233.0
18457 961.0 223.0
18469 863.0 222.0
18481 769.0 227.0
18493 677.0 237.0
18505 607.0 250.0
18517 538.0 268.0
18528 472.0 290.0
18540 411.0 315.0
18552 354.0 342.0
18564 306.0 371.0
18575 261.0 405.0
18587 223.0 444.0
18599 192.0 485.0
18611 171.0 529.0
18623 157.0 576.0
18635 149.0 625.0
18646 148.0 675.0
18659 155.0 725.0
18670 171.0 773.0
18682 198.0 818.0
18694 237.0 859.0
18706 286.0 895.0
18718 343.0 928.0
18730 406.0 956.0
18742 474.0 981.0
18754 546.0 1004.0
18766 623.0 1023.0
18778 716.0 1039.0
18789 819.0 1053.0
18801 923.0 1062.0
18814 1023.0 1067.0
18825 1118.0 1068.0
18837 1189.0 1067.0
18849 1257.0 1062.0
18861 1324.0 1054.0
18873 1388.0 1045.0
18885 1444.0 1034.0
18897 1500.0 1021.0
18909 1552.0 1003.0
18921 1598.0 982.0
18932 1636.0 957.0
18944 1669.0 929.0
18956 1696.0 895.0
18968 1716.0 857.0
18980 1728.0 813.0
18992 1732.0 765.0
19004 1726.0 714.0
19016 1711.0 664.0
19027 1686.0 613.0
19040 1653.0 563.0
19051 1613.0 512.0
19063 1567.0 463.0
19075 1514.0 414.0
19087 1454.0 367.0
19099 1387.0 323.0
19110 1304.0 279.0
19122 1209.0 238.0
19134 1110.0 205.0
19146 1012.0 184.0
19157 913.0 171.0
19169 814.0 166.0
19181 715.0 170.0
19193 624.0 184.0
19204 557.0 199.0
19216 485.0 220.0
19228 421.0 245.0
19240 363.0 275.0
19252 313.0 307.0
19263 272.0 343.0
19275 238.0 381.0
19287 210.0 419.0
19299 186.0 462.0
19311 167.0 511.0
19322 156.0 562.0
19334 153.0 614.0
19346 159.0 664.0
19358 174.0 713.0
19370 199.0 759.0
19382 232.0 802.0
19394 275.0 841.0
19405 324.0 877.0
19418 380.0 909.0
19429 442.0 939.0
19441 510.0 965.0
19453 594.0 990.0
19465 692.0 1012.0
19477 796.0 1029.0
19489 901.0 1038.0
19501 1004.0 1037.0
19513 1103.0 1032.0
19525 1199.0 1020.0
19537 1290.0 1001.0
19549 1355.0 983.0
19560 1423.0 963.0
19572 1484.0 940.0
19584 1536.0 918.0
19596 1580.0 895.0
19608 1618.0 871.0
19620 1649.0 845.0
19631 1674.0 817.0
19643 1696.0 784.0
19655 1712.0 745.0
19667 1721.0 704.0
19679 1722.0 660.0
19691 1714.0 615.0
19702 1697.0 568.0
19715 1670.0 519.0
19726 1634.0 470.0
19738 1591.0 422.0
19750 1541.0 375.0
19762 1483.0 331.0
19773 1419.0 291.0
19785 1347.0 255.0
19797 1259.0 219.0
19809 1160.0 189.0
19821 1059.0 168.0
19832 961.0 158.0
19844 864.0 159.0
19856 768.0 168.0
19867 673.0 186.0
19879 582.0 212.0
19891 517.0 236.0
19903 449.0 267.0
19915 387.0 304.0
19926 333.0 345.0
19938 289.0 387.0
19950 254.0 431.0
19962 226.0 475.0
19974 206.0 521.0
19986 191.0 572.0
19998 182.0 628.0
20009 182.0 684.0
20021 192.0 739.0
20033 211.0 792.0
20045 240.0 842.0
20057 279.0 886.0
20069 328.0 924.0
20081 386.0 955.0
20093 453.0 981.0
20104 528.0 1001.0
20116 619.0 1018.0
20128 724.0 1031.0
20140 832.0 1037.0
20152 939.0 1036.0
20164 1044.0 1030.0
20176 1147.0 1017.0
20188 1246.0 1000.0
20200 1339.0 981.0
20211 1404.0 965.0
20224 1472.0 945.0
20235 1532.0 924.0
20247 1582.0 901.0
20259 1623.0 877.0
20271 1655.0 851.0
20283 1679.0 824.0
20295 1698.0 795.0
20306 1712.0 761.0
20319 1719.0 721.0
20330 1720.0 678.0
20342 1713.0 632.0
20354 1699.0 584.0
20366 1678.0 536.0
20378 1651.0 487.0
20389 1617.0 439.0
20401 1575.0 393.0
20413 1526.0 350.0
20425 1469.0 309.0
20437 1403.0 273.0
20448 1317.0 239.0
20460 1216.0 210.0
20472 1110.0 192.0
20484 1006.0 184.0
20495 900.0 186.0
20507 792.0 195.0
20519 685.0 213.0
20531 582.0 237.0
20543 486.0 267.0
20554 399.0 306.0
20567 339.0 336.0
20578 269.0 377.0
20590 216.0 418.0
20602 174.0 459.0
20614 140.0 503.0
20625 117.0 546.0
20637 103.0 589.0
20649 97.0 631.0
20661 99.0 671.0
20673 110.0 708.0
20685 131.0 747.0
20697 164.0 784.0
20709 208.0 819.0
20721 262.0 849.0
20732 326.0 874.0
20744 397.0 895.0
20756 488.0 912.0
20768 592.0 926.0
20780 700.0 938.0
20792 805.0 945.0
20804 910.0 948.0
20816 1014.0 948.0
20827 1116.0 943.0
20839 1217.0 934.0
20851 1315.0 920.0
20863 1408.0 904.0
20875 1473.0 891.0
20887 1551.0 872.0
20899 1614.0 854.0
20911 1667.0 835.0
20923 1712.0 814.0
20934 1749.0 791.0
20946 1778.0 768.0
20958 1800.0 742.0
20970 1817.0 716.0
20982 1826.0 688.0
20994 1830.0 656.0
21005 1825.0 618.0
21018 1810.0 577.0
21029 1784.0 534.0
21041 1749.0 490.0
21053 1705.0 445.0
21065 1655.0 401.0
21076 1599.0 358.0
21088 1539.0 317.0
21100 1474.0 279.0
21112 1393.0 240.0
21124 1297.0 207.0
21135 1193.0 182.0
21147 1084.0 167.0
21159 973.0 163.0
21170 860.0 169.0
21182 746.0 185.0
21194 638.0 207.0
21206 536.0 235.0
21217 442.0 270.0
21229 357.0 311.0
21241 303.0 343.0
21253 235.0 387.0
21265 189.0 427.0
21277 150.0 470.0
21289 120.0 514.0
21301 99.0 559.0
21312 85.0 605.0
21324 79.0 650.0
21336 81.0 692.0
21348 92.0 733.0
21359 109.0 771.0
21372 136.0 811.0
21383 172.0 850.0
21395 216.0 887.0
21407 267.0 920.0
21419 326.0 947.0
21431 392.0 969.0
21443 466.0 987.0
21455 558.0 1001.0
21467 663.0 1010.0
21479 770.0 1014.0
21491 873.0 1013.0
21502 970.0 1009.0
21515 1064.0 1001.0
21527 1134.0 992.0
21538 1205.0 981.0
21550 1275.0 965.0
21562 1341.0 948.0
21574 1400.0 931.0
21586 1454.0 913.0
21598 1507.0 892.0
21609 1559.0 868.0
21621 1603.0 841.0
21633 1639.0 813.0
21645 1667.0 782.0
21657 1687.0 750.0
21669 1701.0 716.0
21681 1709.0 680.0
21693 1710.0 643.0
21704 1703.0 605.0
21716 1688.0 564.0
21728 1664.0 521.0
21740 1629.0 475.0
21752 1585.0 430.0
21764 1533.0 386.0
21775 1478.0 345.0
21787 1420.0 308.0
21799 1359.0 274.0
21811 1292.0 245.0
21822 1220.0 221.0
21834 1130.0 201.0
21846 1026.0 189.0
21858 917.0 187.0
21869 810.0 194.0
21881 707.0 210.0
21893 609.0 232.0
21905 539.0 252.0
21917 470.0 277.0
21928 405.0 306.0
21940 347.0 338.0
21952 299.0 371.0
21964 258.0 404.0
21976 221.0 442.0
21987 191.0 484.0
21999 168.0 528.0
22011 154.0 573.0
22023 149.0 618.0
22035 154.0 661.0
22047 170.0 703.0
22059 195.0 742.0
22070 231.0 777.0
22082 278.0 809.0
22094 334.0 837.0
22106 401.0 858.0
22118 477.0 876.0
22130 570.0 891.0
22142 676.0 902.0
22154 781.0 909.0
22165 880.0 912.0
22177 975.0 911.0
22189 1048.0 909.0
22201 1119.0 904.0
22213 1187.0 897.0
22225 1251.0 888.0
22237 1309.0 878.0
22249 1367.0 866.0
22260 1422.0 851.0
22272 1471.0 834.0
22284 1514.0 815.0
22296 1551.0 794.0
22308 1583.0 772.0
22320 1608.0 748.0
22332 1626.0 725.0
22343 1637.0 701.0
22355 1643.0 675.0
22367 1643.0 647.0
22379 1638.0 615.0
22391 1627.0 580.0
22403 1610.0 541.0
22414 1586.0 499.0
22426 1554.0 455.0
22438 1515.0 412.0
22450 1470.0 371.0
22462 1418.0 333.0
22473 1358.0 298.0
22485 1291.0 268.0
22497 1218.0 242.0
22509 1130.0 220.0
22520 1052.0 207.0
22533 974.0 202.0
22544 882.0 202.0
22556 781.0 210.0
22567 702.0 222.0
22579 635.0 238.0
22591 566.0 258.0
22603 497.0 285.0
22615 432.0 316.0
22627 374.0 351.0
22638 325.0 389.0
22650 286.0 429.0
22662 256.0 470.0
22674 234.0 513.0
22686 220.0 558.0
22698 214.0 603.0
22709 217.0 649.0
22721 228.0 693.0
22733 249.0 736.0
22745 279.0 776.0
22757 321.0 812.0
22769 372.0 844.0
22781 433.0 871.0
22793 500.0 894.0
22804 572.0 914.0
22817 645.0 931.0
22828 720.0 947.0
22840 797.0 960.0
22852 888.0 970.0
22864 967.0 975.0
22876 1045.0 975.0
22888 1123.0 969.0
22900 1200.0 959.0
22912 1274.0 946.0
22924 1343.0 928.0
22935 1407.0 908.0
22947 1464.0 884.0
22959 1515.0 858.0
22971 1559.0 830.0
22983 1598.0 800.0
22995 1631.0 769.0
23006 1659.0 738.0
23019 1680.0 706.0
23030 1693.0 672.0
23042 1697.0 635.0
23054 1690.0 595.0
23066 1672.0 554.0
23077 1643.0 515.0
23089 1605.0 479.0
23101 1560.0 446.0
23113 1508.0 415.0
23125 1451.0 386.0
23136 1389.0 359.0
23148 1319.0 334.0
23160 1245.0 312.0
23172 1154.0 293.0
23183 1053.0 278.0
23195 973.0 271.0
23207 884.0 269.0
23219 807.0 271.0
23230 737.0 278.0
23242 663.0 290.0
23254 586.0 306.0
23266 511.0 328.0
23277 440.0 354.0
23289 375.0 384.0
23301 318.0 419.0
23313 270.0 458.0
23325 232.0 498.0
23336 202.0 541.0
23348 181.0 584.0
23360 169.0 627.0
23372 169.0 669.0
23384 179.0 710.0
23395 199.0 749.0
23407 229.0 787.0
23420 267.0 823.0
23431 314.0 855.0
23443 369.0 884.0
23455 433.0 908.0
23467 502.0 928.0
23478 576.0 943.0
23491 655.0 953.0
23502 748.0 959.0
23515 851.0 960.0
23526 952.0 956.0
23538 1028.0 950.0
23550 1095.0 943.0
23562 1159.0 934.0
23573 1228.0 922.0
23585 1298.0 906.0
23597 1362.0 886.0
23609 1420.0 862.0
23621 1469.0 835.0
23633 1511.0 803.0
23645 1546.0 770.0
23657 1574.0 737.0
23668 1596.0 702.0
23680 1610.0 665.0
23692 1618.0 627.0
23704 1617.0 587.0
23716 1607.0 545.0
23727 1588.0 503.0
23739 1558.0 462.0
23751 1520.0 423.0
23763 1473.0 386.0
23775 1419.0 352.0
23786 1359.0 322.0
23798 1293.0 295.0
23810 1221.0 273.0
23822 1133.0 252.0
23833 1055.0 239.0
23845 965.0 229.0
23857 863.0 225.0
23869 762.0 228.0
23880 687.0 235.0
23892 621.0 246.0
23904 557.0 260.0
23916 490.0 279.0
23928 422.0 303.0
23939 358.0 332.0
23951 303.0 364.0
23963 256.0 399.0
23974 218.0 436.0
23986 187.0 475.0
23998 164.0 515.0
24010 147.0 557.0
24022 137.0 598.0
24034 133.0 638.0
24046 138.0 675.0
24057 152.0 710.0
24069 175.0 742.0
24081 205.0 772.0
24093 241.0 799.0
24105 284.0 824.0
24117 332.0 846.0
24129 386.0 864.0
24140 444.0 879.0
24152 508.0 890.0
24164 574.0 897.0
24176 644.0 901.0
24188 715.0 902.0
24200 787.0 902.0
24212 860.0 899.0
24224 933.0 894.0
24235 1006.0 887.0
24248 1079.0 879.0
24259 1151.0 868.0
24271 1221.0 856.0
24283 1286.0 842.0
24295 1347.0 827.0
24306 1401.0 810.0
24319 1448.0 791.0
24330 1490.0 772.0
24342 1526.0 750.0
24354 1557.0 727.0
24366 1582.0 702.0
24377 1600.0 676.0
24389 1612.0 649.0
24401 1618.0 621.0
24413 1618.0 590.0
24425 1612.0 560.0
24437 1601.0 530.0
24448 1585.0 499.0
24460 1561.0 469.0
24472 1530.0 440.0
24484 1490.0 412.0
24496 1442.0 386.0
24507 1387.0 362.0
24519 1325.0 341.0
24531 1258.0 324.0
24543 1188.0 309.0
24555 1116.0 297.0
24566 1043.0 289.0
24578 970.0 285.0
24590 896.0 284.0
24602 824.0 285.0
24613 753.0 289.0
24625 684.0 298.0
24637 618.0 311.0
24649 556.0 329.0
24661 499.0 349.0
24672 447.0 373.0
24684 401.0 399.0
24696 362.0 427.0
24708 329.0 457.0
24720 301.0 489.0
24731 277.0 523.0
24743 258.0 560.0
24755 246.0 598.0
24767 243.0 637.0
24778 251.0 674.0
24790 269.0 709.0
24802 296.0 742.0
24814 330.0 773.0
24826 372.0 801.0
24838 420.0 827.0
24850 472.0 852.0
24861 530.0 876.0
24874 594.0 899.0
24885 664.0 918.0
24897 753.0 936.0
24909 855.0 948.0
24921 957.0 953.0
24933 1033.0 953.0
24945 1100.0 950.0
24957 1165.0 944.0
24968 1234.0 934.0
24980 1306.0 919.0
24992 1375.0 900.0
25004 1439.0 878.0
25016 1496.0 852.0
25028 1545.0 823.0
25040 1586.0 792.0
25051 1619.0 759.0
25063 1645.0 723.0
25075 1661.0 686.0
25087 1669.0 647.0
25099 1669.0 606.0
25111 1658.0 564.0
25123 1638.0 521.0
25134 1608.0 478.0
25146 1567.0 434.0
25158 1517.0 392.0
25169 1457.0 353.0
25181 1377.0 312.0
25193 1281.0 275.0
25205 1179.0 246.0
25216 1076.0 225.0
25228 974.0 213.0
25240 870.0 207.0
25252 764.0 207.0
25263 658.0 216.0
25275 556.0 233.0
25287 461.0 258.0
25299 373.0 292.0
25310 315.0 319.0
25322 247.0 357.0
25334 200.0 393.0
25346 160.0 429.0
25358 129.0 466.0
25369 106.0 506.0
25381 92.0 547.0
25393 84.0 590.0
25405 85.0 632.0
25417 94.0 674.0
25429 112.0 712.0
25440 141.0 751.0
25452 182.0 788.0
25464 233.0 820.0
25476 293.0 847.0
25488 360.0 868.0
25500 432.0 884.0
25512 520.0 898.0
25524 620.0 907.0
25536 723.0 912.0
25547 822.0 912.0
25559 919.0 906.0
25571 1015.0 896.0
25583 1107.0 883.0
25595 1177.0 870.0
25607 1248.0 854.0
25618 1315.0 836.0
25630 1374.0 816.0
25642 1428.0 794.0
25654 1474.0 771.0
25666 1514.0 746.0
25678 1550.0 717.0
25690 1580.0 685.0
25701 1600.0 651.0
25713 1609.0 616.0
25726 1608.0 579.0
25737 1596.0 540.0
25749 1574.0 499.0
25761 1540.0 457.0
25772 1494.0 416.0
25784 1438.0 376.0
25796 1374.0 340.0
25808 1303.0 308.0
25820 1215.0 276.0
25831 1114.0 249.0
25843 1009.0 231.0
25855 905.0 221.0
25867 801.0 219.0
25878 697.0 224.0
25890 594.0 237.0
25902 496.0 256.0
25913 402.0 282.0
25925 315.0 318.0
25937 259.0 352.0
25949 194.0 397.0
25961 148.0 442.0
25973 114.0 489.0
25984 88.0 535.0
25996 71.0 580.0
26008 64.0 625.0
26020 65.0 669.0
26032 76.0 712.0
26044 95.0 753.0
26056 126.0 795.0
26067 171.0 836.0
26079 229.0 872.0
26091 296.0 902.0
26103 382.0 929.0
26115 481.0 952.0
26127 584.0 970.0
26139 687.0 980.0
26151 791.0 987.0
26162 898.0 989.0
26175 1004.0 987.0
26186 1105.0 982.0
26198 1207.0 975.0
26210 1305.0 963.0
26222 1398.0 949.0
26234 1486.0 930.0
26246 1543.0 914.0
26258 1621.0 889.0
26270 1670.0 863.0
26281 1717.0 832.0
26293 1753.0 800.0
26305 1780.0 765.0
26317 1799.0 729.0
26329 1812.0 692.0
26341 1818.0 652.0
26353 1817.0 610.0
26364 1808.0 567.0
26376 1791.0 523.0
26388 1763.0 476.0
26400 1724.0 427.0
26412 1675.0 378.0
26424 1618.0 333.0
26435 1543.0 287.0
26447 1452.0 244.0
26459 1355.0 210.0
26470 1253.0 187.0
26482 1148.0 172.0
26494 1042.0 163.0
26506 934.0 163.0
26517 826.0 170.0
26530 718.0 183.0
26541 610.0 204.0
26553 507.0 231.0
26564 413.0 262.0
26576 337.0 295.0
26588 253.0 341.0
26600 203.0 380.0
26611 135.0 431.0
26624 90.0 476.0
26635 51.0 524.0
26647 23.0 571.0
26659 9.0 616.0
26671 5.0 659.0
26682 5.0 700.0
26694 10.0 739.0
26706 23.0 774.0
26718 49.0 805.0
26730 85.0 831.0
26742 137.0 854.0
26754 202.0 875.0
26765 289.0 893.0
26777 392.0 907.0
26789 501.0 914.0
26801 608.0 917.0
26813 716.0 920.0
26826 821.0 922.0
26837 922.0 920.0
26849 1016.0 917.0
26861 1106.0 914.0
26873 1171.0 910.0
26884 1246.0 901.0
26896 1314.0 890.0
26908 1376.0 874.0
26920 1432.0 855.0
26932 1482.0 835.0
26944 1526.0 811.0
26956 1564.0 785.0
26967 1596.0 758.0
26979 1626.0 727.0
26991 1651.0 693.0
27003 1670.0 656.0
27015 1681.0 618.0
27027 1683.0 577.0
27039 1677.0 534.0
27050 1660.0 488.0
27062 1633.0 440.0
27074 1594.0 393.0
27085 1546.0 350.0
27097 1489.0 310.0
27109 1423.0 276.0
27121 1340.0 241.0
27133 1243.0 210.0
27144 1142.0 187.0
27156 1039.0 174.0
27168 935.0 167.0
27180 827.0 167.0
27191 717.0 176.0
27203 607.0 195.0
27215 507.0 219.0
27227 416.0 247.0
27238 355.0 272.0
27250 289.0 305.0
27262 238.0 334.0
27273 194.0 366.0
27285 160.0 400.0
27297 135.0 435.0
27309 117.0 472.0
27321 106.0 509.0
27333 104.0 546.0
27344 110.0 582.0
27356 126.0 622.0
27368 152.0 663.0
27380 189.0 702.0
27392 234.0 740.0
27404 285.0 775.0
27415 343.0 807.0
27428 408.0 836.0
27439 478.0 862.0
27451 554.0 885.0
27463 645.0 905.0
27475 746.0 921.0
27487 847.0 930.0
27499 945.0 933.0
27511 1042.0 929.0
27523 1136.0 919.0
27534 1229.0 904.0
27546 1320.0 883.0
27558 1387.0 864.0
27570 1457.0 841.0
27582 1520.0 818.0
27594 1575.0 793.0
27605 1622.0 767.0
27617 1662.0 739.0
27630 1694.0 711.0
27641 1718.0 681.0
27653 1737.0 648.0
27665 1749.0 610.0
27676 1750.0 570.0
27688 1741.0 528.0
27700 1720.0 485.0
27712 1688.0 439.0
27724 1643.0 394.0
27735 1587.0 349.0
27747 1511.0 301.0
27759 1420.0 256.0
27770 1321.0 218.0
27782 1220.0 189.0
27794 1115.0 165.0
27806 1008.0 145.0
27817 899.0 134.0
27829 790.0 131.0
27841 686.0 137.0
27853 584.0 152.0
27864 486.0 176.0
27876 399.0 205.0
27888 342.0 229.0
27900 269.0 267.0
27911 226.0 301.0
27923 183.0 339.0
27935 151.0 381.0
27947 128.0 427.0
27959 113.0 474.0
27970 106.0 522.0
27982 106.0 570.0
27994 114.0 617.0
28006 129.0 662.0
28018 149.0 705.0
28030 177.0 750.0
28041 213.0 794.0
28054 257.0 836.0
28065 311.0 872.0
28077 372.0 903.0
28089 440.0 928.0
28101 512.0 948.0
28113 588.0 965.0
28125 667.0 978.0
28137 761.0 989.0
28149 863.0 994.0
28160 965.0 993.0
28172 1062.0 986.0
28184 1154.0 974.0
28196 1225.0 960.0
28208 1292.0 944.0
28220 1356.0 926.0
28231 1413.0 906.0
28243 1464.0 883.0
28255 1515.0 855.0
28267 1564.0 821.0
28279 1606.0 784.0
28291 1640.0 744.0
28303 1665.0 703.0
28314 1682.0 661.0
28326 1692.0 618.0
28338 1694.0 574.0
28350 1688.0 527.0
28362 1672.0 478.0
28373 1648.0 429.0
28385 1614.0 380.0
28397 1570.0 333.0
28409 1516.0 290.0
28420 1451.0 251.0
28432 1367.0 215.0
28444 1265.0 184.0
28456 1157.0 163.0
28467 1048.0 152.0
28479 937.0 151.0
28491 827.0 158.0
28503 718.0 173.0
28514 612.0 195.0
28527 515.0 224.0
28538 426.0 258.0
28550 364.0 289.0
28561 293.0 329.0
28573 239.0 369.0
28585 193.0 410.0
28597 154.0 451.0
28609 126.0 493.0
28620 106.0 535.0
28633 92.0 575.0
28644 86.0 613.0
28657 89.0 650.0
28668 103.0 690.0
28680 127.0 730.0
28691 160.0 768.0
28703 202.0 802.0
28715 252.0 831.0
28727 310.0 857.0
28739 375.0 879.0
28751 447.0 897.0
28763 537.0 914.0
28774 638.0 929.0
28786 740.0 939.0
28798 839.0 943.0
28810 936.0 944.0
28822 1030.0 940.0
28834 1122.0 931.0
28846 1192.0 921.0
28858 1265.0 908.0
28869 1335.0 892.0
28881 1400.0 874.0
28893 1460.0 853.0
28905 1514.0 830.0
28917 1562.0 805.0
28929 1610.0 776.0
28941 1655.0 742.0
28952 1694.0 707.0
28964 1725.0 670.0
28976 1748.0 632.0
28988 1762.0 592.0
29000 1768.0 551.0
29011 1765.0 508.0
29023 1751.0 464.0
29035 1725.0 418.0
29047 1688.0 372.0
29059 1640.0 329.0
29071 1582.0 291.0
29082 1516.0 257.0
29094 1431.0 224.0
29106 1332.0 194.0
29117 1228.0 172.0
29129 1123.0 160.0
29141 1019.0 155.0
29153 915.0 157.0
29164 810.0 167.0
29176 708.0 183.0
29188 611.0 208.0
29200 521.0 238.0
29211 438.0 272.0
29223 382.0 302.0
29235 314.0 343.0
29247 267.0 381.0
29259 225.0 421.0
29270 191.0 461.0
29282 168.0 501.0
29294 152.0 541.0
29306 143.0 579.0
29318 142.0 617.0
29329 147.0 654.0
29341 159.0 688.0
29353 182.0 724.0
29365 216.0 760.0
29377 260.0 794.0
29389 311.0 824.0
29401 370.0 851.0
29413 436.0 874.0
29424 508.0 894.0
29436 585.0 910.0
29448 677.0 924.0
29460 780.0 937.0
29472 884.0 943.0
29484 984.0 943.0
29496 1077.0 937.0
29508 1148.0 929.0
29520 1217.0 917.0
29532 1284.0 903.0
29543 1346.0 885.0
29555 1403.0 864.0
29567 1460.0 837.0
29579 1515.0 805.0
29591 1566.0 769.0
29603 1611.0 728.0
29614 1650.0 685.0
29626 1682.0 640.0
29638 1707.0 593.0
29650 1724.0 546.0
29662 1731.0 498.0
29674 1727.0 450.0
29685 1711.0 401.0
29697 1685.0 354.0
29709 1647.0 310.0
29721 1600.0 269.0
29733 1544.0 233.0
29744 1466.0 197.0
29756 1368.0 163.0
29768 1258.0 138.0
29779 1143.0 123.0
29791 1029.0 116.0
29803 917.0 116.0
29815 809.0 124.0
29826 702.0 138.0
29838 598.0 157.0
29850 502.0 181.0
29862 412.0 209.0
29873 352.0 233.0
29885 277.0 269.0
29897 222.0 304.0
29909 173.0 342.0
29921 133.0 380.0
29933 101.0 419.0
29944 78.0 458.0
29956 62.0 498.0
29968 54.0 537.0
29980 54.0 575.0
29992 60.0 611.0
30003 76.0 648.0
