0 925.0 1086.0
12 917.0 1086.0
24 898.0 1084.0
36 869.0 1080.0
47 834.0 1072.0
59 799.0 1060.0
71 769.0 1050.0
83 739.0 1040.0
95 709.0 1029.0
106 682.0 1017.0
118 657.0 1003.0
130 637.0 986.0
142 622.0 967.0
154 614.0 944.0
165 612.0 918.0
177 618.0 889.0
189 630.0 860.0
201 650.0 830.0
212 676.0 801.0
224 711.0 774.0
236 751.0 749.0
248 797.0 730.0
260 846.0 717.0
271 895.0 712.0
283 941.0 717.0
295 979.0 730.0
306 1010.0 749.0
318 1031.0 773.0
330 1043.0 798.0
342 1045.0 824.0
353 1040.0 850.0
365 1027.0 878.0
377 1004.0 905.0
389 973.0 930.0
401 936.0 950.0
412 893.0 962.0
424 848.0 967.0
436 804.0 965.0
448 765.0 954.0
460 735.0 936.0
471 715.0 916.0
483 705.0 893.0
495 705.0 870.0
506 713.0 845.0
518 729.0 820.0
530 755.0 796.0
542 789.0 776.0
554 829.0 760.0
565 871.0 753.0
577 913.0 754.0
589 948.0 764.0
600 975.0 781.0
612 990.0 801.0
624 995.0 823.0
636 990.0 847.0
647 975.0 874.0
659 948.0 901.0
671 909.0 927.0
683 860.0 950.0
695 804.0 969.0
706 742.0 983.0
718 678.0 991.0
730 619.0 993.0
742 567.0 986.0
753 529.0 973.0
765 506.0 957.0
777 497.0 938.0
789 498.0 919.0
800 508.0 900.0
812 525.0 883.0
824 550.0 868.0
836 582.0 859.0
847 619.0 855.0
859 658.0 860.0
871 692.0 875.0
883 717.0 898.0
894 728.0 925.0
906 722.0 953.0
918 700.0 981.0
930 661.0 1007.0
941 610.0 1030.0
953 549.0 1048.0
965 482.0 1059.0
977 415.0 1063.0
989 356.0 1059.0
1001 308.0 1050.0
1012 272.0 1037.0
1024 248.0 1020.0
1036 232.0 999.0
1048 225.0 972.0
1059 226.0 939.0
1071 237.0 901.0
1083 259.0 860.0
1095 291.0 819.0
1106 331.0 783.0
1118 376.0 757.0
1130 421.0 744.0
1142 459.0 744.0
1153 487.0 756.0
1165 500.0 776.0
1177 497.0 800.0
1188 478.0 825.0
1200 444.0 851.0
1212 397.0 876.0
1224 342.0 899.0
1236 282.0 916.0
1247 226.0 923.0
1259 179.0 920.0
1271 145.0 906.0
1283 124.0 882.0
1295 116.0 850.0
1307 118.0 811.0
1318 129.0 768.0
1330 151.0 723.0
1342 184.0 679.0
1354 228.0 639.0
1365 281.0 604.0
1377 340.0 580.0
1388 399.0 567.0
1400 449.0 565.0
1412 485.0 571.0
1424 500.0 582.0
1435 496.0 598.0
1447 473.0 617.0
1459 435.0 636.0
1471 385.0 655.0
1482 328.0 670.0
1494 272.0 679.0
1506 226.0 681.0
1517 194.0 674.0
1529 176.0 658.0
1541 170.0 631.0
1553 177.0 592.0
1564 197.0 547.0
1576 229.0 498.0
1588 274.0 452.0
1600 330.0 410.0
1611 395.0 376.0
1623 462.0 352.0
1634 525.0 339.0
1646 576.0 338.0
1658 612.0 347.0
1669 630.0 364.0
1681 630.0 386.0
1693 613.0 410.0
1704 582.0 435.0
1716 544.0 458.0
1728 501.0 476.0
1739 458.0 487.0
1751 422.0 488.0
1763 400.0 479.0
1774 392.0 458.0
1786 398.0 427.0
1798 417.0 391.0
1810 448.0 354.0
1821 488.0 320.0
1833 535.0 293.0
1844 588.0 273.0
1856 646.0 261.0
1867 706.0 255.0
1879 764.0 260.0
1891 814.0 274.0
1902 851.0 295.0
1914 872.0 318.0
1926 875.0 341.0
1937 862.0 364.0
1949 833.0 384.0
1961 793.0 402.0
1972 744.0 416.0
1984 692.0 425.0
1996 647.0 428.0
2007 616.0 422.0
2019 605.0 408.0
2031 616.0 383.0
2042 645.0 351.0
2054 689.0 317.0
2066 744.0 290.0
2077 806.0 271.0
2089 870.0 263.0
2101 933.0 263.0
2113 991.0 271.0
2124 1040.0 285.0
2136 1076.0 302.0
2147 1098.0 323.0
2159 1103.0 347.0
2171 1091.0 372.0
2183 1065.0 398.0
2194 1026.0 422.0
2206 977.0 443.0
2217 922.0 458.0
2229 872.0 465.0
2241 836.0 462.0
2253 820.0 450.0
2264 825.0 429.0
2276 848.0 400.0
2288 885.0 368.0
2299 933.0 338.0
2311 988.0 314.0
2323 1047.0 297.0
2334 1108.0 288.0
2346 1169.0 285.0
2357 1227.0 288.0
2369 1278.0 300.0
2381 1320.0 321.0
2392 1350.0 350.0
2404 1365.0 385.0
2416 1363.0 423.0
2428 1346.0 460.0
2439 1314.0 494.0
2451 1271.0 523.0
2463 1220.0 546.0
2474 1169.0 559.0
2486 1127.0 560.0
2498 1102.0 546.0
2510 1097.0 521.0
2521 1111.0 488.0
2533 1140.0 455.0
2545 1180.0 427.0
2556 1227.0 409.0
2568 1278.0 400.0
2580 1332.0 401.0
2591 1385.0 410.0
2603 1436.0 427.0
2615 1478.0 449.0
2626 1507.0 474.0
2638 1520.0 500.0
2650 1517.0 527.0
2661 1499.0 554.0
2673 1466.0 579.0
2685 1420.0 603.0
2696 1367.0 624.0
2708 1311.0 639.0
2720 1259.0 647.0
2732 1226.0 647.0
2743 1205.0 643.0
2755 1202.0 633.0
2767 1220.0 618.0
2779 1251.0 602.0
2790 1295.0 587.0
2802 1345.0 576.0
2814 1398.0 571.0
2826 1453.0 573.0
2837 1507.0 583.0
2849 1555.0 599.0
2861 1593.0 618.0
2873 1616.0 641.0
2884 1622.0 664.0
2896 1611.0 688.0
2908 1584.0 714.0
2920 1544.0 739.0
2931 1495.0 761.0
2943 1443.0 779.0
2955 1394.0 791.0
2966 1354.0 796.0
2978 1326.0 794.0
2990 1312.0 789.0
3002 1311.0 779.0
3014 1324.0 767.0
3025 1350.0 753.0
3037 1387.0 743.0
3049 1431.0 740.0
3061 1478.0 746.0
3072 1524.0 762.0
3084 1566.0 786.0
3096 1598.0 816.0
3107 1618.0 846.0
3119 1622.0 873.0
3131 1612.0 899.0
3143 1585.0 923.0
3155 1546.0 942.0
3166 1495.0 956.0
3178 1436.0 965.0
3190 1372.0 968.0
3202 1309.0 969.0
3214 1254.0 965.0
3225 1210.0 962.0
3237 1181.0 957.0
3249 1167.0 950.0
3261 1167.0 939.0
3273 1182.0 924.0
3284 1212.0 906.0
3296 1256.0 888.0
3308 1308.0 875.0
3320 1366.0 871.0
3331 1420.0 878.0
3343 1461.0 893.0
3355 1484.0 913.0
3367 1486.0 936.0
3378 1468.0 957.0
3390 1432.0 977.0
3402 1381.0 993.0
3414 1319.0 1003.0
3426 1247.0 1009.0
3437 1169.0 1009.0
3450 1090.0 1004.0
3461 1019.0 995.0
3473 960.0 986.0
3485 916.0 976.0
3496 891.0 963.0
3508 880.0 945.0
3520 883.0 924.0
3532 897.0 899.0
3543 924.0 870.0
3555 963.0 844.0
3567 1008.0 824.0
3579 1057.0 813.0
3591 1101.0 811.0
3602 1132.0 818.0
3614 1148.0 833.0
3626 1143.0 852.0
3637 1118.0 876.0
3649 1076.0 900.0
3661 1019.0 923.0
3673 950.0 946.0
3684 863.0 968.0
3696 784.0 984.0
3708 710.0 994.0
3720 639.0 996.0
3732 580.0 988.0
3743 537.0 971.0
3755 513.0 946.0
3767 507.0 914.0
3778 513.0 878.0
3790 532.0 840.0
3802 564.0 799.0
3814 604.0 759.0
3826 653.0 724.0
3837 704.0 697.0
3849 753.0 680.0
3861 796.0 677.0
3873 831.0 689.0
3884 855.0 715.0
3896 864.0 749.0
3908 856.0 782.0
3920 832.0 812.0
3931 792.0 836.0
3943 737.0 855.0
3955 671.0 871.0
3966 599.0 880.0
3978 526.0 883.0
3990 460.0 880.0
4002 407.0 872.0
4013 371.0 856.0
4025 351.0 833.0
4037 343.0 801.0
4048 347.0 761.0
4060 363.0 714.0
4072 391.0 661.0
4084 430.0 605.0
4095 481.0 551.0
4107 540.0 504.0
4119 605.0 470.0
4130 666.0 452.0
4142 719.0 451.0
4154 757.0 464.0
4165 777.0 485.0
4177 778.0 510.0
4189 761.0 535.0
4201 728.0 560.0
4212 681.0 583.0
4224 624.0 602.0
4236 564.0 613.0
4247 510.0 616.0
4259 471.0 608.0
4271 448.0 593.0
4282 444.0 569.0
4294 454.0 537.0
4306 479.0 496.0
4317 518.0 450.0
4329 570.0 406.0
4341 635.0 368.0
4352 708.0 338.0
4364 785.0 321.0
4376 861.0 314.0
4387 933.0 319.0
4399 992.0 333.0
4411 1034.0 355.0
4422 1054.0 379.0
4434 1054.0 404.0
4446 1034.0 429.0
4457 997.0 452.0
4469 948.0 473.0
4481 890.0 489.0
4493 832.0 498.0
4504 784.0 497.0
4516 753.0 487.0
4527 742.0 470.0
4539 747.0 441.0
4551 765.0 405.0
4563 796.0 367.0
4574 835.0 330.0
4586 883.0 298.0
4598 939.0 268.0
4609 1001.0 243.0
4621 1066.0 222.0
4633 1129.0 210.0
4645 1183.0 209.0
4656 1226.0 220.0
4668 1251.0 242.0
4679 1261.0 270.0
4691 1257.0 301.0
4703 1241.0 330.0
4714 1217.0 355.0
4726 1189.0 376.0
4738 1158.0 393.0
4750 1129.0 402.0
4762 1105.0 404.0
4773 1087.0 398.0
4785 1081.0 385.0
4796 1085.0 363.0
4808 1100.0 337.0
4820 1124.0 310.0
4831 1155.0 285.0
4843 1193.0 266.0
4855 1236.0 250.0
4866 1282.0 240.0
4878 1330.0 239.0
4890 1373.0 244.0
4901 1409.0 256.0
4913 1434.0 272.0
4925 1449.0 289.0
4936 1453.0 307.0
4948 1449.0 324.0
4960 1437.0 339.0
4972 1417.0 354.0
4983 1391.0 369.0
4995 1359.0 380.0
5007 1328.0 389.0
5018 1303.0 393.0
5030 1285.0 393.0
5042 1282.0 387.0
5053 1291.0 373.0
5065 1315.0 352.0
5077 1353.0 330.0
5088 1398.0 311.0
5100 1449.0 298.0
5112 1501.0 293.0
5124 1551.0 296.0
5135 1594.0 309.0
5147 1629.0 329.0
5159 1653.0 355.0
5170 1667.0 386.0
5182 1671.0 416.0
5194 1663.0 444.0
5205 1648.0 471.0
5217 1626.0 496.0
5229 1596.0 519.0
5241 1558.0 539.0
5253 1514.0 557.0
5264 1467.0 574.0
5276 1418.0 587.0
5288 1374.0 596.0
5299 1342.0 599.0
5311 1325.0 594.0
5323 1327.0 580.0
5335 1344.0 560.0
5346 1371.0 539.0
5358 1405.0 519.0
5370 1446.0 503.0
5382 1492.0 493.0
5393 1542.0 493.0
5405 1590.0 502.0
5417 1633.0 519.0
5428 1667.0 544.0
5440 1692.0 576.0
5452 1707.0 607.0
5464 1710.0 639.0
5476 1700.0 669.0
5487 1678.0 695.0
5499 1645.0 716.0
5511 1600.0 734.0
5523 1547.0 747.0
5535 1490.0 758.0
5546 1435.0 765.0
5558 1389.0 769.0
5570 1358.0 771.0
5582 1345.0 768.0
5593 1348.0 764.0
5605 1365.0 757.0
5617 1399.0 750.0
5629 1445.0 746.0
5641 1495.0 750.0
5652 1545.0 760.0
5664 1590.0 780.0
5676 1629.0 806.0
5688 1655.0 837.0
5700 1670.0 869.0
5711 1670.0 899.0
5723 1655.0 925.0
5735 1627.0 946.0
5747 1586.0 962.0
5759 1532.0 972.0
5770 1467.0 979.0
5782 1396.0 982.0
5794 1323.0 980.0
5806 1249.0 975.0
5818 1180.0 966.0
5830 1121.0 954.0
5841 1077.0 936.0
5853 1051.0 914.0
5865 1042.0 890.0
5876 1049.0 865.0
5888 1071.0 841.0
5900 1104.0 821.0
5912 1145.0 805.0
5924 1190.0 797.0
5935 1231.0 797.0
5947 1267.0 804.0
5959 1291.0 818.0
5971 1305.0 835.0
5983 1307.0 854.0
5994 1297.0 876.0
6006 1276.0 899.0
6018 1243.0 921.0
6030 1197.0 942.0
6042 1137.0 960.0
6053 1068.0 975.0
6065 993.0 985.0
6077 917.0 988.0
6089 848.0 984.0
6101 793.0 969.0
6112 755.0 945.0
6124 735.0 911.0
6136 729.0 872.0
6148 734.0 830.0
6160 751.0 788.0
6171 782.0 748.0
6183 827.0 710.0
6195 886.0 678.0
6206 955.0 653.0
6218 1027.0 637.0
6230 1093.0 634.0
6242 1148.0 642.0
6253 1188.0 658.0
6265 1213.0 678.0
6277 1222.0 702.0
6289 1218.0 725.0
6301 1203.0 748.0
6312 1175.0 772.0
6324 1132.0 796.0
6336 1075.0 821.0
6348 1007.0 844.0
6359 931.0 864.0
6371 852.0 878.0
6383 776.0 886.0
6395 707.0 884.0
6407 648.0 874.0
6418 605.0 857.0
6431 578.0 833.0
6442 565.0 807.0
6454 564.0 779.0
6465 576.0 751.0
6477 605.0 721.0
6489 648.0 692.0
6501 698.0 669.0
6513 747.0 656.0
6524 792.0 656.0
6536 826.0 669.0
6548 850.0 692.0
6560 860.0 720.0
6571 856.0 749.0
6583 841.0 776.0
6595 812.0 801.0
6607 767.0 826.0
6618 709.0 850.0
6630 642.0 872.0
6642 568.0 890.0
6654 494.0 903.0
6665 428.0 907.0
6677 372.0 900.0
6689 331.0 883.0
6701 305.0 858.0
6713 290.0 826.0
6724 286.0 788.0
6736 289.0 745.0
6748 301.0 697.0
6760 325.0 645.0
6771 360.0 594.0
6783 405.0 547.0
6795 458.0 506.0
6806 515.0 475.0
6818 570.0 457.0
6830 620.0 449.0
6842 659.0 452.0
6853 687.0 461.0
6865 701.0 472.0
6876 704.0 484.0
6888 699.0 496.0
6900 687.0 507.0
6912 669.0 517.0
6923 644.0 527.0
6935 616.0 534.0
6947 584.0 539.0
6958 552.0 538.0
6970 523.0 529.0
6982 499.0 510.0
6994 482.0 481.0
7005 476.0 447.0
7017 479.0 409.0
7029 495.0 371.0
7040 525.0 332.0
7052 567.0 292.0
7064 620.0 256.0
7075 680.0 227.0
7087 742.0 209.0
7099 799.0 200.0
7110 848.0 201.0
7122 886.0 210.0
7134 911.0 224.0
7145 926.0 242.0
7157 931.0 261.0
7169 928.0 279.0
7180 919.0 295.0
7192 905.0 307.0
7204 887.0 318.0
7215 865.0 324.0
7227 845.0 325.0
7238 831.0 320.0
7250 827.0 307.0
7262 836.0 283.0
7273 860.0 252.0
7285 898.0 215.0
7297 946.0 180.0
7308 1000.0 150.0
7320 1055.0 129.0
7332 1107.0 118.0
7343 1151.0 114.0
7355 1187.0 118.0
7367 1213.0 127.0
7378 1231.0 137.0
7390 1237.0 145.0
7402 1235.0 151.0
7413 1225.0 155.0
7425 1207.0 157.0
7436 1178.0 158.0
7448 1139.0 157.0
7460 1093.0 158.0
7472 1042.0 161.0
7483 991.0 171.0
7495 943.0 188.0
7506 901.0 211.0
7518 867.0 240.0
7530 842.0 274.0
7541 827.0 313.0
7553 824.0 355.0
7565 834.0 396.0
7576 856.0 434.0
7588 893.0 465.0
7600 940.0 488.0
7611 996.0 499.0
7623 1056.0 501.0
7635 1113.0 490.0
7647 1165.0 472.0
7658 1211.0 446.0
7670 1249.0 415.0
7682 1277.0 384.0
7693 1293.0 358.0
7705 1296.0 337.0
7717 1288.0 323.0
7729 1269.0 312.0
7740 1237.0 305.0
7752 1196.0 306.0
7764 1147.0 316.0
7775 1097.0 334.0
7787 1049.0 360.0
7798 1009.0 391.0
7810 979.0 422.0
7822 962.0 453.0
7834 958.0 481.0
7845 964.0 505.0
7857 981.0 527.0
7869 1006.0 545.0
7881 1042.0 559.0
7892 1085.0 567.0
7904 1135.0 568.0
7916 1187.0 562.0
7927 1238.0 548.0
7940 1281.0 529.0
7951 1312.0 506.0
7963 1330.0 486.0
7974 1334.0 470.0
7986 1323.0 462.0
7998 1298.0 462.0
8010 1259.0 470.0
8022 1213.0 485.0
8033 1163.0 507.0
8045 1116.0 535.0
8057 1073.0 566.0
8069 1041.0 598.0
8080 1019.0 630.0
8092 1011.0 660.0
8104 1013.0 688.0
8115 1024.0 715.0
8127 1046.0 741.0
8139 1077.0 765.0
8151 1120.0 783.0
8163 1172.0 794.0
8174 1229.0 796.0
8186 1287.0 786.0
8198 1339.0 769.0
8210 1382.0 744.0
8222 1410.0 720.0
8233 1424.0 696.0
8245 1425.0 679.0
8257 1413.0 666.0
8269 1388.0 658.0
8280 1351.0 659.0
8292 1306.0 667.0
8304 1257.0 684.0
8316 1207.0 707.0
8327 1162.0 734.0
8339 1127.0 765.0
8351 1103.0 796.0
8363 1090.0 825.0
8375 1090.0 851.0
8386 1103.0 876.0
8398 1129.0 901.0
8410 1168.0 921.0
8422 1216.0 937.0
8433 1271.0 947.0
8445 1330.0 950.0
8457 1388.0 946.0
8469 1442.0 937.0
8481 1491.0 923.0
8492 1532.0 906.0
8504 1561.0 886.0
8516 1577.0 866.0
8528 1576.0 848.0
8540 1560.0 833.0
8551 1531.0 824.0
8563 1493.0 821.0
8575 1450.0 824.0
8587 1404.0 832.0
8598 1360.0 845.0
8610 1323.0 862.0
8622 1294.0 879.0
8634 1275.0 897.0
8646 1267.0 912.0
8657 1270.0 924.0
8670 1284.0 935.0
8681 1310.0 943.0
8693 1349.0 946.0
8705 1398.0 942.0
8716 1454.0 925.0
8728 1511.0 899.0
8740 1564.0 865.0
8752 1610.0 826.0
8763 1644.0 787.0
8775 1667.0 748.0
8787 1677.0 710.0
8799 1678.0 677.0
8811 1668.0 645.0
8822 1650.0 619.0
8834 1620.0 596.0
8846 1582.0 579.0
8857 1536.0 569.0
8869 1487.0 566.0
8881 1439.0 569.0
8893 1397.0 578.0
8904 1367.0 587.0
8916 1350.0 594.0
8928 1347.0 598.0
8940 1355.0 599.0
8951 1375.0 595.0
8963 1406.0 587.0
8975 1443.0 571.0
8986 1485.0 549.0
8998 1529.0 522.0
9010 1572.0 490.0
9022 1610.0 458.0
9033 1640.0 426.0
9045 1658.0 397.0
9057 1663.0 371.0
9068 1654.0 346.0
9080 1631.0 325.0
9092 1595.0 306.0
9103 1549.0 292.0
9115 1494.0 284.0
9127 1437.0 282.0
9138 1381.0 286.0
9150 1329.0 292.0
9162 1284.0 303.0
9173 1245.0 316.0
9185 1216.0 332.0
9197 1197.0 348.0
9208 1187.0 365.0
9220 1188.0 381.0
9232 1198.0 395.0
9244 1222.0 406.0
9255 1255.0 410.0
9267 1294.0 402.0
9279 1333.0 384.0
9291 1365.0 357.0
9302 1388.0 327.0
9314 1400.0 296.0
9325 1401.0 266.0
9337 1392.0 240.0
9349 1373.0 215.0
9360 1342.0 193.0
9372 1300.0 174.0
9384 1247.0 158.0
9395 1183.0 148.0
9407 1113.0 145.0
9419 1040.0 149.0
9430 972.0 159.0
9442 910.0 176.0
9454 857.0 198.0
9465 814.0 223.0
9477 785.0 250.0
9489 768.0 275.0
9500 763.0 299.0
9512 768.0 318.0
9524 785.0 335.0
9535 809.0 345.0
9547 842.0 350.0
9559 881.0 347.0
9571 919.0 334.0
9582 954.0 313.0
9594 979.0 288.0
9605 995.0 263.0
9617 998.0 239.0
9629 989.0 217.0
9640 969.0 198.0
9652 937.0 179.0
9664 895.0 163.0
9675 843.0 153.0
9687 784.0 150.0
9699 723.0 153.0
9710 660.0 163.0
9722 600.0 181.0
9733 544.0 206.0
9745 496.0 232.0
9757 460.0 261.0
9768 436.0 289.0
9780 424.0 315.0
9792 423.0 342.0
9804 433.0 369.0
9815 451.0 397.0
9827 478.0 422.0
9839 513.0 443.0
9850 557.0 455.0
9862 607.0 456.0
9873 657.0 444.0
9885 702.0 423.0
9897 737.0 398.0
9908 757.0 373.0
9920 762.0 350.0
9932 753.0 332.0
9944 730.0 319.0
9955 695.0 311.0
9967 648.0 311.0
9979 590.0 319.0
9990 524.0 336.0
10002 454.0 362.0
10014 382.0 397.0
10025 315.0 441.0
10037 255.0 488.0
10049 210.0 538.0
10061 182.0 583.0
10072 170.0 622.0
10084 173.0 651.0
10096 190.0 672.0
10107 215.0 685.0
10119 248.0 691.0
10131 287.0 689.0
10143 327.0 680.0
10154 367.0 665.0
10166 404.0 646.0
10178 434.0 624.0
10190 453.0 603.0
10201 461.0 586.0
10213 456.0 571.0
10225 440.0 562.0
10236 416.0 560.0
10248 384.0 567.0
10260 348.0 582.0
10272 310.0 606.0
10283 272.0 635.0
10295 240.0 670.0
10307 215.0 707.0
10318 200.0 744.0
10331 195.0 779.0
10342 198.0 810.0
10354 210.0 838.0
10366 232.0 861.0
10377 264.0 877.0
10389 304.0 885.0
10401 348.0 884.0
10413 394.0 874.0
10424 439.0 857.0
10436 480.0 834.0
10448 514.0 808.0
10460 540.0 782.0
10471 556.0 759.0
10483 562.0 743.0
10495 559.0 733.0
10506 548.0 731.0
10518 529.0 735.0
10530 503.0 747.0
10542 474.0 767.0
10553 446.0 793.0
10565 422.0 825.0
10577 402.0 859.0
10589 391.0 896.0
10601 394.0 932.0
10612 409.0 964.0
10624 438.0 992.0
10636 478.0 1011.0
10648 527.0 1020.0
10660 583.0 1018.0
10671 643.0 1007.0
10683 704.0 987.0
10695 764.0 958.0
10706 822.0 924.0
10718 874.0 885.0
10730 919.0 849.0
10742 953.0 819.0
10754 975.0 800.0
10765 982.0 791.0
10777 977.0 791.0
10789 959.0 799.0
10801 935.0 814.0
10812 909.0 836.0
10824 884.0 865.0
10836 866.0 900.0
10847 860.0 937.0
10859 864.0 970.0
10871 882.0 999.0
10883 913.0 1019.0
10894 953.0 1031.0
10906 1004.0 1034.0
10918 1061.0 1026.0
10930 1123.0 1008.0
10942 1190.0 981.0
10953 1256.0 946.0
10965 1321.0 907.0
10977 1380.0 867.0
10989 1432.0 830.0
11001 1470.0 799.0
11012 1496.0 771.0
11024 1509.0 746.0
11036 1510.0 725.0
11047 1502.0 707.0
11059 1485.0 694.0
11071 1462.0 688.0
11083 1434.0 690.0
11095 1403.0 699.0
11106 1373.0 713.0
11118 1349.0 731.0
11130 1337.0 749.0
11141 1339.0 764.0
11153 1356.0 773.0
11165 1386.0 773.0
11176 1424.0 764.0
11188 1466.0 746.0
11200 1510.0 720.0
11212 1551.0 688.0
11223 1589.0 653.0
11235 1620.0 615.0
11247 1641.0 577.0
11259 1652.0 538.0
11271 1652.0 501.0
11282 1640.0 470.0
11294 1615.0 444.0
11305 1582.0 423.0
11317 1540.0 407.0
11329 1492.0 398.0
11341 1440.0 396.0
11353 1390.0 402.0
11364 1345.0 413.0
11376 1312.0 427.0
11387 1292.0 441.0
11399 1286.0 454.0
11411 1291.0 467.0
11423 1308.0 478.0
11434 1332.0 488.0
11446 1363.0 491.0
11458 1398.0 487.0
11469 1438.0 474.0
11481 1478.0 453.0
11493 1516.0 426.0
11504 1547.0 395.0
11516 1569.0 362.0
11528 1580.0 328.0
11539 1581.0 292.0
11551 1568.0 258.0
11563 1543.0 226.0
11574 1508.0 199.0
11586 1463.0 180.0
11598 1409.0 170.0
11610 1349.0 169.0
11621 1282.0 177.0
11633 1216.0 191.0
11644 1151.0 212.0
11656 1092.0 239.0
11668 1043.0 274.0
11679 1005.0 312.0
11691 983.0 348.0
11703 976.0 376.0
11714 984.0 395.0
11726 1005.0 403.0
11738 1036.0 401.0
11750 1071.0 391.0
11761 1108.0 373.0
11773 1146.0 350.0
11784 1181.0 324.0
11796 1210.0 297.0
11808 1228.0 269.0
11820 1235.0 240.0
11831 1228.0 211.0
11843 1208.0 184.0
11854 1176.0 164.0
11866 1133.0 153.0
11877 1081.0 152.0
11889 1022.0 162.0
11901 955.0 179.0
11913 887.0 207.0
11924 818.0 244.0
11936 756.0 289.0
11947 704.0 340.0
11959 667.0 392.0
11971 648.0 437.0
11982 647.0 474.0
11994 665.0 500.0
12006 699.0 518.0
12017 743.0 528.0
12029 792.0 530.0
12041 844.0 525.0
12053 896.0 513.0
12064 946.0 494.0
12076 991.0 472.0
12088 1028.0 448.0
12099 1053.0 423.0
12111 1064.0 399.0
12123 1062.0 378.0
12134 1045.0 361.0
12146 1012.0 351.0
12158 966.0 346.0
12169 912.0 348.0
12181 848.0 357.0
12193 780.0 373.0
12204 711.0 396.0
12216 644.0 426.0
12228 585.0 462.0
12239 535.0 502.0
12251 500.0 543.0
12263 481.0 582.0
12275 478.0 617.0
12286 494.0 643.0
12298 522.0 661.0
12310 560.0 671.0
12321 604.0 671.0
12333 652.0 664.0
12345 701.0 648.0
12356 748.0 625.0
12368 793.0 596.0
12380 829.0 566.0
12392 855.0 537.0
12403 869.0 513.0
12415 869.0 496.0
12426 857.0 485.0
12438 831.0 480.0
12450 794.0 481.0
12462 750.0 490.0
12473 700.0 507.0
12485 648.0 531.0
12497 597.0 565.0
12508 552.0 608.0
12520 518.0 657.0
12532 498.0 706.0
12544 494.0 751.0
12555 507.0 784.0
12567 536.0 809.0
12579 577.0 825.0
12591 626.0 833.0
12602 679.0 836.0
12614 735.0 836.0
12626 793.0 832.0
12637 852.0 821.0
12649 914.0 803.0
12661 975.0 779.0
12673 1034.0 748.0
12684 1085.0 709.0
12696 1127.0 666.0
12708 1158.0 621.0
12720 1178.0 582.0
12731 1185.0 552.0
12743 1178.0 535.0
12755 1157.0 528.0
12767 1123.0 529.0
12778 1077.0 538.0
12790 1024.0 555.0
12802 966.0 582.0
12813 909.0 617.0
12825 857.0 661.0
12837 812.0 710.0
12849 780.0 762.0
12860 762.0 810.0
12872 759.0 851.0
12884 774.0 881.0
12896 805.0 898.0
12907 850.0 905.0
12919 906.0 903.0
12931 966.0 892.0
12943 1030.0 872.0
12954 1093.0 846.0
12966 1153.0 813.0
12978 1209.0 776.0
12990 1254.0 738.0
13001 1284.0 704.0
13013 1297.0 678.0
13025 1294.0 663.0
13036 1274.0 660.0
13048 1239.0 666.0
13060 1193.0 683.0
13072 1142.0 707.0
13083 1090.0 739.0
13095 1043.0 778.0
13107 1003.0 819.0
13119 974.0 862.0
13131 958.0 903.0
13142 957.0 940.0
13154 971.0 971.0
13166 999.0 993.0
13177 1038.0 1007.0
13190 1086.0 1010.0
13201 1139.0 1004.0
13213 1199.0 987.0
13225 1262.0 962.0
13236 1325.0 930.0
13248 1384.0 895.0
13260 1436.0 858.0
13272 1480.0 821.0
13284 1511.0 783.0
13295 1527.0 744.0
13307 1528.0 703.0
13318 1515.0 665.0
13330 1489.0 634.0
13342 1453.0 616.0
13354 1408.0 611.0
13366 1356.0 620.0
13377 1301.0 640.0
13389 1246.0 670.0
13401 1195.0 705.0
13413 1155.0 742.0
13424 1130.0 774.0
13436 1124.0 798.0
13448 1140.0 808.0
13460 1172.0 808.0
13471 1218.0 798.0
13483 1270.0 781.0
13495 1324.0 760.0
13506 1379.0 735.0
13518 1432.0 707.0
13530 1479.0 676.0
13542 1518.0 643.0
13553 1547.0 605.0
13565 1562.0 563.0
13577 1564.0 518.0
13588 1551.0 472.0
13600 1525.0 431.0
13612 1486.0 400.0
13623 1438.0 379.0
13635 1380.0 365.0
13647 1315.0 359.0
13659 1244.0 361.0
13670 1171.0 371.0
13682 1099.0 387.0
13694 1034.0 410.0
13705 977.0 439.0
13717 933.0 470.0
13729 906.0 498.0
13741 895.0 520.0
13752 901.0 533.0
13764 923.0 535.0
13775 954.0 526.0
13787 991.0 507.0
13799 1027.0 480.0
13811 1061.0 447.0
13822 1090.0 410.0
13834 1111.0 372.0
13846 1123.0 337.0
13857 1125.0 305.0
13869 1116.0 276.0
13881 1095.0 251.0
13892 1060.0 228.0
13904 1013.0 211.0
13915 954.0 199.0
13927 887.0 195.0
13939 812.0 203.0
13950 734.0 221.0
13962 657.0 251.0
13974 585.0 288.0
13985 524.0 330.0
13997 476.0 372.0
14008 444.0 406.0
14020 429.0 431.0
14032 432.0 441.0
14043 448.0 440.0
14055 472.0 427.0
14067 500.0 403.0
14078 528.0 371.0
14090 552.0 332.0
14102 571.0 291.0
14114 582.0 253.0
14125 585.0 222.0
14137 575.0 200.0
14148 553.0 189.0
14160 520.0 188.0
14172 474.0 199.0
14183 419.0 221.0
14195 358.0 254.0
14207 288.0 305.0
14218 229.0 357.0
14230 178.0 416.0
14242 137.0 477.0
14254 106.0 541.0
14265 89.0 601.0
14277 90.0 654.0
14289 107.0 697.0
14300 138.0 728.0
14312 177.0 746.0
14324 222.0 752.0
14336 267.0 744.0
14347 313.0 725.0
14359 355.0 694.0
14371 392.0 657.0
14383 421.0 619.0
14394 441.0 586.0
14406 450.0 563.0
14417 446.0 553.0
14429 429.0 553.0
14441 402.0 564.0
14453 364.0 585.0
14464 321.0 616.0
14476 275.0 654.0
14488 232.0 700.0
14500 199.0 747.0
14511 180.0 793.0
14523 178.0 836.0
14535 193.0 872.0
14547 224.0 902.0
14558 266.0 926.0
14570 317.0 942.0
14582 371.0 951.0
14594 428.0 951.0
14605 484.0 942.0
14617 537.0 924.0
14629 586.0 894.0
14641 629.0 857.0
14652 662.0 819.0
14664 684.0 786.0
14676 692.0 765.0
14688 686.0 758.0
14699 666.0 764.0
14711 634.0 782.0
14723 595.0 810.0
14735 554.0 847.0
14747 517.0 887.0
14758 488.0 928.0
14770 472.0 967.0
14782 471.0 1000.0
14794 487.0 1030.0
14805 518.0 1054.0
14817 563.0 1070.0
14829 617.0 1078.0
14841 679.0 1077.0
14852 745.0 1068.0
14864 812.0 1051.0
14876 882.0 1025.0
14888 952.0 992.0
14900 1019.0 955.0
14911 1083.0 919.0
14923 1139.0 888.0
14935 1184.0 863.0
14947 1213.0 850.0
14958 1226.0 846.0
14970 1223.0 849.0
14982 1207.0 859.0
14994 1181.0 876.0
15006 1148.0 901.0
15017 1113.0 933.0
15029 1081.0 970.0
15041 1058.0 1007.0
15053 1050.0 1038.0
15064 1062.0 1061.0
15076 1094.0 1071.0
15088 1144.0 1071.0
15100 1206.0 1059.0
15112 1277.0 1038.0
15124 1350.0 1011.0
15135 1424.0 979.0
15147 1492.0 945.0
15159 1553.0 906.0
15171 1605.0 863.0
15182 1644.0 815.0
15194 1671.0 763.0
15206 1685.0 716.0
15217 1685.0 675.0
15229 1672.0 643.0
15241 1644.0 619.0
15253 1605.0 604.0
15264 1558.0 599.0
15276 1507.0 602.0
15288 1459.0 612.0
15300 1418.0 629.0
15311 1390.0 647.0
15323 1379.0 665.0
15335 1389.0 680.0
15346 1413.0 691.0
15358 1450.0 697.0
15370 1495.0 694.0
15382 1543.0 683.0
15393 1593.0 661.0
15405 1643.0 629.0
15417 1688.0 588.0
15428 1727.0 541.0
15440 1757.0 490.0
15452 1774.0 441.0
15463 1779.0 398.0
15475 1769.0 364.0
15487 1745.0 339.0
15498 1706.0 321.0
15510 1654.0 310.0
15522 1592.0 308.0
15533 1520.0 315.0
15545 1444.0 330.0
15557 1367.0 353.0
15568 1295.0 384.0
15580 1233.0 423.0
15592 1187.0 461.0
15603 1164.0 495.0
15615 1166.0 520.0
15627 1188.0 535.0
15638 1226.0 538.0
15650 1275.0 529.0
15662 1327.0 510.0
15674 1379.0 482.0
15685 1429.0 446.0
15697 1474.0 406.0
15709 1511.0 363.0
15720 1536.0 321.0
15732 1550.0 283.0
15744 1551.0 252.0
15755 1538.0 226.0
15767 1511.0 206.0
15779 1468.0 191.0
15790 1412.0 184.0
15802 1346.0 187.0
15814 1260.0 200.0
15825 1163.0 225.0
15837 1086.0 256.0
15848 1026.0 289.0
15860 976.0 329.0
15872 938.0 372.0
15883 913.0 409.0
15895 909.0 434.0
15907 922.0 446.0
15918 951.0 444.0
15930 989.0 429.0
15942 1030.0 404.0
15954 1073.0 368.0
15965 1114.0 327.0
15977 1152.0 285.0
15988 1184.0 245.0
16000 1208.0 209.0
16012 1219.0 180.0
16023 1216.0 156.0
16035 1198.0 138.0
16047 1169.0 122.0
16058 1130.0 111.0
16070 1082.0 104.0
16082 1029.0 104.0
16093 970.0 111.0
16105 909.0 127.0
16116 847.0 152.0
16128 787.0 189.0
16140 733.0 235.0
16151 687.0 289.0
16163 656.0 345.0
16175 642.0 395.0
16186 648.0 434.0
16198 672.0 459.0
16209 710.0 469.0
16221 757.0 464.0
16233 809.0 446.0
16245 861.0 419.0
16256 912.0 383.0
16268 957.0 340.0
16280 993.0 293.0
16291 1017.0 248.0
16303 1029.0 211.0
16314 1027.0 184.0
16326 1010.0 166.0
16338 977.0 153.0
16349 929.0 145.0
16361 871.0 142.0
16373 806.0 145.0
16384 737.0 151.0
16396 667.0 164.0
16408 599.0 183.0
16419 536.0 209.0
16431 481.0 243.0
16443 435.0 285.0
16454 399.0 335.0
16466 375.0 389.0
16478 363.0 442.0
16490 359.0 489.0
16501 366.0 527.0
16513 383.0 552.0
16525 408.0 564.0
16536 441.0 563.0
16548 480.0 546.0
16560 520.0 517.0
16571 559.0 480.0
16583 591.0 442.0
16595 615.0 410.0
16606 625.0 391.0
16618 617.0 386.0
16630 591.0 394.0
16642 547.0 414.0
16653 492.0 446.0
16665 430.0 486.0
16676 367.0 532.0
16688 311.0 583.0
16700 264.0 637.0
16712 228.0 695.0
16723 206.0 753.0
16735 196.0 808.0
16747 200.0 857.0
16759 217.0 899.0
16771 248.0 931.0
16782 294.0 953.0
16794 350.0 962.0
16806 412.0 958.0
16818 478.0 942.0
16830 542.0 919.0
16841 603.0 892.0
16853 656.0 862.0
16865 698.0 832.0
16877 724.0 806.0
16888 735.0 788.0
16900 733.0 778.0
16912 720.0 777.0
16924 695.0 784.0
16935 663.0 798.0
16947 625.0 820.0
16959 589.0 849.0
16971 556.0 883.0
16983 530.0 922.0
16994 512.0 961.0
17006 509.0 1000.0
17018 519.0 1032.0
17030 547.0 1060.0
17042 596.0 1083.0
17053 664.0 1099.0
17065 755.0 1105.0
17077 837.0 1101.0
17089 914.0 1084.0
17101 988.0 1057.0
17112 1057.0 1020.0
17124 1119.0 977.0
17136 1170.0 930.0
17148 1208.0 884.0
17159 1230.0 848.0
17171 1236.0 824.0
17183 1226.0 810.0
17195 1202.0 805.0
17207 1165.0 808.0
17218 1119.0 818.0
17230 1067.0 837.0
17242 1018.0 863.0
17254 977.0 895.0
17265 949.0 931.0
17277 938.0 966.0
17289 944.0 997.0
17301 971.0 1023.0
17312 1017.0 1042.0
17324 1077.0 1053.0
17336 1146.0 1055.0
17348 1220.0 1045.0
17360 1295.0 1024.0
17371 1370.0 993.0
17383 1443.0 953.0
17395 1510.0 909.0
17407 1569.0 866.0
17419 1613.0 826.0
17430 1639.0 791.0
17442 1645.0 759.0
17454 1631.0 731.0
17466 1600.0 707.0
17477 1555.0 689.0
17489 1503.0 678.0
17501 1447.0 675.0
17512 1394.0 680.0
17524 1349.0 691.0
17536 1317.0 704.0
17548 1298.0 719.0
17559 1295.0 733.0
17572 1313.0 747.0
17583 1347.0 760.0
17595 1396.0 765.0
17606 1453.0 760.0
17618 1512.0 743.0
17630 1567.0 718.0
17642 1615.0 687.0
17653 1654.0 653.0
17665 1684.0 619.0
17677 1701.0 587.0
17689 1709.0 556.0
17700 1703.0 527.0
17712 1685.0 497.0
17724 1653.0 468.0
17735 1609.0 441.0
17747 1557.0 418.0
17759 1498.0 402.0
17771 1439.0 395.0
17782 1384.0 395.0
17794 1335.0 399.0
17806 1296.0 407.0
17817 1266.0 416.0
17829 1247.0 426.0
17841 1236.0 436.0
17852 1234.0 447.0
17864 1241.0 459.0
17876 1256.0 470.0
17888 1281.0 481.0
17900 1316.0 486.0
17911 1356.0 486.0
17923 1398.0 481.0
17935 1437.0 472.0
17946 1471.0 458.0
17958 1496.0 441.0
17970 1508.0 419.0
17981 1510.0 394.0
17993 1497.0 365.0
18005 1470.0 335.0
18016 1428.0 307.0
18028 1375.0 284.0
18040 1314.0 269.0
18051 1250.0 261.0
18063 1187.0 261.0
18075 1128.0 268.0
18086 1076.0 280.0
18098 1033.0 294.0
18110 1001.0 310.0
18122 980.0 325.0
18133 969.0 337.0
18145 968.0 346.0
18157 975.0 352.0
18168 990.0 356.0
18180 1014.0 356.0
18192 1045.0 351.0
18204 1082.0 338.0
18215 1118.0 318.0
18227 1149.0 293.0
18238 1169.0 267.0
18250 1178.0 240.0
18262 1173.0 214.0
18273 1152.0 187.0
18285 1117.0 162.0
18297 1071.0 141.0
18308 1018.0 130.0
18320 960.0 126.0
18332 901.0 132.0
18343 843.0 143.0
18355 787.0 158.0
18367 735.0 177.0
18378 689.0 201.0
18390 649.0 228.0
18402 618.0 258.0
18414 598.0 289.0
18425 588.0 317.0
18437 592.0 341.0
18448 606.0 358.0
18460 630.0 368.0
18472 666.0 368.0
18483 710.0 358.0
18495 758.0 341.0
18507 806.0 320.0
18518 847.0 296.0
18530 876.0 273.0
18542 890.0 254.0
18553 887.0 237.0
18565 867.0 225.0
18577 828.0 218.0
18588 770.0 218.0
18600 701.0 225.0
18612 623.0 239.0
18624 544.0 259.0
18635 469.0 284.0
18647 402.0 313.0
18659 351.0 344.0
18670 315.0 374.0
18682 294.0 402.0
18694 286.0 430.0
18705 290.0 455.0
18717 303.0 478.0
18729 327.0 495.0
18741 358.0 506.0
18752 398.0 508.0
18764 444.0 500.0
18776 492.0 485.0
18787 539.0 463.0
18799 580.0 437.0
18811 610.0 412.0
18823 624.0 389.0
18834 622.0 372.0
18846 603.0 361.0
18858 569.0 357.0
18870 524.0 361.0
18881 472.0 373.0
18893 415.0 392.0
18905 359.0 418.0
18916 307.0 450.0
18928 264.0 488.0
18940 232.0 530.0
18952 212.0 574.0
18964 206.0 617.0
18975 214.0 658.0
18987 237.0 696.0
18999 273.0 726.0
19011 319.0 747.0
19023 373.0 757.0
19034 432.0 757.0
19046 493.0 746.0
19058 553.0 725.0
19070 609.0 699.0
19081 655.0 669.0
19093 689.0 642.0
19105 707.0 618.0
19116 708.0 601.0
19128 690.0 590.0
19140 655.0 586.0
19152 609.0 589.0
19164 556.0 599.0
19175 502.0 616.0
19187 448.0 640.0
19199 399.0 671.0
19211 360.0 707.0
19223 333.0 746.0
19234 322.0 787.0
19246 326.0 827.0
19258 345.0 865.0
19270 377.0 898.0
19281 422.0 927.0
19293 478.0 947.0
19305 545.0 955.0
19317 633.0 949.0
19328 734.0 925.0
19340 835.0 889.0
19352 908.0 856.0
19364 964.0 826.0
19376 1005.0 800.0
19387 1034.0 776.0
19399 1047.0 757.0
19411 1041.0 741.0
19423 1014.0 731.0
19435 970.0 727.0
19446 914.0 729.0
19458 850.0 735.0
19470 786.0 749.0
19482 727.0 769.0
19493 676.0 795.0
19505 638.0 827.0
19517 617.0 860.0
19529 612.0 895.0
19541 623.0 929.0
19552 651.0 961.0
19564 694.0 987.0
