1997 1061.0 260.0
2009 1051.0 257.0
2020 1025.0 250.0
2032 985.0 240.0
2044 935.0 229.0
2056 879.0 220.0
2068 831.0 217.0
2079 779.0 219.0
2091 727.0 225.0
2103 672.0 238.0
2115 615.0 256.0
2126 558.0 282.0
2138 502.0 313.0
2150 448.0 349.0
2162 400.0 389.0
2174 359.0 432.0
2186 328.0 477.0
2198 305.0 524.0
2209 290.0 572.0
2221 283.0 620.0
2233 285.0 667.0
2245 293.0 712.0
2257 310.0 754.0
2269 333.0 790.0
2281 363.0 817.0
2292 400.0 834.0
2304 442.0 840.0
2316 488.0 836.0
2328 535.0 822.0
2340 582.0 801.0
2352 623.0 774.0
2364 658.0 742.0
2375 685.0 708.0
2387 703.0 674.0
2399 713.0 641.0
2411 715.0 610.0
2423 710.0 582.0
2434 699.0 556.0
2446 683.0 535.0
2459 661.0 520.0
2470 634.0 511.0
2482 603.0 510.0
2494 568.0 518.0
2505 532.0 536.0
2517 498.0 563.0
2529 469.0 595.0
2541 447.0 632.0
2553 434.0 671.0
2565 429.0 710.0
2576 433.0 747.0
2588 444.0 781.0
2600 460.0 813.0
2612 483.0 842.0
2624 511.0 867.0
2636 547.0 887.0
2648 591.0 900.0
2660 641.0 906.0
2671 695.0 904.0
2683 751.0 894.0
2695 806.0 875.0
2707 855.0 849.0
2719 897.0 818.0
2731 929.0 785.0
2743 951.0 752.0
2754 965.0 720.0
2766 970.0 690.0
2778 968.0 664.0
2790 960.0 640.0
2802 947.0 620.0
2814 929.0 606.0
2825 905.0 597.0
2837 877.0 596.0
2849 845.0 603.0
2861 811.0 618.0
2873 777.0 643.0
2885 747.0 674.0
2896 724.0 710.0
2909 711.0 749.0
2920 709.0 788.0
2932 717.0 826.0
2944 736.0 863.0
2956 765.0 896.0
2968 802.0 924.0
2980 845.0 947.0
2992 894.0 962.0
3003 948.0 967.0
3015 1003.0 962.0
3028 1058.0 949.0
3039 1109.0 928.0
3051 1156.0 901.0
3063 1195.0 871.0
3075 1227.0 838.0
3086 1249.0 804.0
3099 1263.0 769.0
3110 1268.0 735.0
3122 1265.0 702.0
3134 1253.0 672.0
3146 1234.0 644.0
3157 1208.0 620.0
3170 1177.0 601.0
3181 1141.0 589.0
3193 1103.0 585.0
3205 1067.0 588.0
3217 1034.0 599.0
3228 1007.0 616.0
3241 987.0 638.0
3252 977.0 664.0
3264 978.0 692.0
3276 990.0 719.0
3288 1013.0 745.0
3300 1045.0 767.0
3312 1086.0 785.0
3323 1132.0 795.0
3335 1183.0 799.0
3347 1237.0 796.0
3359 1291.0 786.0
3371 1342.0 771.0
3383 1387.0 751.0
3394 1425.0 728.0
3406 1454.0 702.0
3418 1473.0 674.0
3430 1484.0 644.0
3442 1485.0 613.0
3454 1478.0 581.0
3465 1461.0 550.0
3478 1437.0 521.0
3489 1407.0 494.0
3501 1372.0 471.0
3513 1336.0 453.0
3525 1299.0 440.0
3536 1264.0 433.0
3548 1234.0 433.0
3560 1210.0 439.0
3572 1193.0 450.0
3584 1183.0 465.0
3595 1181.0 482.0
3607 1185.0 500.0
3619 1197.0 517.0
3631 1216.0 532.0
3643 1241.0 543.0
3655 1271.0 548.0
3666 1304.0 548.0
3679 1338.0 540.0
3690 1371.0 527.0
3702 1401.0 507.0
3714 1427.0 483.0
3725 1447.0 455.0
3737 1458.0 424.0
3749 1461.0 392.0
3761 1456.0 359.0
3772 1442.0 325.0
3784 1419.0 292.0
3796 1387.0 260.0
3808 1348.0 231.0
3819 1302.0 206.0
3831 1249.0 188.0
3843 1191.0 177.0
3855 1131.0 176.0
3866 1070.0 184.0
3878 1012.0 200.0
3890 959.0 222.0
3902 913.0 249.0
3914 876.0 280.0
3925 852.0 314.0
3937 840.0 347.0
3949 840.0 378.0
3961 849.0 404.0
3972 867.0 424.0
3984 891.0 438.0
3996 920.0 443.0
4008 951.0 441.0
4020 984.0 431.0
4031 1014.0 415.0
4043 1039.0 394.0
4055 1058.0 370.0
4067 1069.0 344.0
4079 1072.0 316.0
4090 1066.0 287.0
4102 1050.0 258.0
4114 1024.0 230.0
4125 987.0 202.0
4137 940.0 179.0
4149 885.0 163.0
4161 823.0 154.0
4172 759.0 152.0
4184 695.0 158.0
4196 633.0 170.0
4208 575.0 189.0
4219 523.0 212.0
4231 477.0 240.0
4243 440.0 272.0
4255 412.0 305.0
4266 394.0 339.0
4278 387.0 373.0
4290 390.0 403.0
4302 402.0 427.0
4314 421.0 446.0
4325 447.0 457.0
4337 479.0 461.0
4349 513.0 456.0
4361 548.0 445.0
4373 579.0 428.0
4384 604.0 408.0
4396 621.0 386.0
4408 629.0 362.0
4420 629.0 336.0
4431 620.0 308.0
4443 601.0 282.0
4455 572.0 260.0
4467 534.0 244.0
4479 487.0 238.0
4490 433.0 241.0
4502 376.0 253.0
4514 319.0 274.0
4525 265.0 300.0
4537 219.0 331.0
4549 182.0 363.0
4561 157.0 396.0
4573 144.0 429.0
4585 141.0 463.0
4596 147.0 497.0
4608 159.0 531.0
4620 178.0 563.0
4632 202.0 590.0
4644 230.0 611.0
4655 261.0 625.0
4668 296.0 631.0
4679 332.0 627.0
4691 367.0 617.0
4703 399.0 602.0
4715 424.0 584.0
4726 442.0 566.0
4739 451.0 549.0
4750 453.0 535.0
4762 447.0 523.0
4774 434.0 515.0
4785 413.0 511.0
4797 386.0 512.0
4809 352.0 520.0
4821 316.0 536.0
4833 281.0 559.0
4845 250.0 587.0
4857 226.0 619.0
4868 209.0 651.0
4880 202.0 684.0
4892 203.0 717.0
4904 212.0 751.0
4916 229.0 784.0
4928 254.0 815.0
4940 283.0 843.0
4952 316.0 867.0
4963 352.0 886.0
4975 390.0 899.0
4987 432.0 904.0
4999 477.0 903.0
5011 523.0 895.0
5023 568.0 881.0
5035 609.0 863.0
5047 643.0 840.0
5059 670.0 814.0
5070 688.0 785.0
5082 696.0 754.0
5094 694.0 725.0
5106 683.0 702.0
5118 662.0 684.0
5130 633.0 674.0
5141 597.0 671.0
5153 556.0 678.0
5165 514.0 694.0
5177 472.0 720.0
5189 434.0 755.0
5201 404.0 795.0
5213 387.0 835.0
5224 384.0 874.0
5236 396.0 910.0
5248 421.0 941.0
5260 457.0 969.0
5272 501.0 991.0
5284 550.0 1009.0
5296 604.0 1022.0
5308 660.0 1030.0
5320 720.0 1030.0
5332 782.0 1024.0
5343 844.0 1010.0
5355 906.0 991.0
5367 965.0 967.0
5379 1019.0 941.0
5391 1067.0 914.0
5403 1109.0 885.0
5415 1143.0 856.0
5427 1166.0 829.0
5438 1177.0 805.0
5451 1176.0 786.0
5462 1165.0 773.0
5474 1146.0 763.0
5486 1121.0 759.0
5498 1091.0 759.0
5510 1059.0 766.0
5521 1026.0 780.0
5533 995.0 800.0
5545 969.0 825.0
5557 951.0 853.0
5569 943.0 882.0
5581 948.0 911.0
5593 964.0 939.0
5605 993.0 964.0
5616 1032.0 985.0
5629 1078.0 1002.0
5640 1128.0 1014.0
5652 1180.0 1019.0
5664 1232.0 1017.0
5676 1282.0 1007.0
5688 1328.0 991.0
5700 1368.0 971.0
5712 1400.0 948.0
5724 1426.0 922.0
5735 1443.0 895.0
5748 1452.0 867.0
5759 1453.0 836.0
5771 1444.0 806.0
5783 1428.0 779.0
5795 1406.0 755.0
5806 1380.0 736.0
5819 1352.0 722.0
5830 1324.0 713.0
5842 1295.0 709.0
5854 1268.0 711.0
5866 1244.0 717.0
5878 1225.0 727.0
5889 1213.0 741.0
5901 1210.0 757.0
5913 1216.0 774.0
5925 1232.0 791.0
5937 1258.0 806.0
5949 1291.0 817.0
5961 1329.0 823.0
5973 1371.0 822.0
5985 1415.0 813.0
5996 1459.0 796.0
6008 1498.0 772.0
6020 1532.0 743.0
6032 1557.0 711.0
6044 1574.0 677.0
6055 1582.0 643.0
6068 1582.0 608.0
6079 1574.0 571.0
6091 1561.0 534.0
6103 1542.0 497.0
6115 1519.0 461.0
6127 1490.0 426.0
6138 1457.0 393.0
6150 1417.0 365.0
6162 1372.0 344.0
6173 1324.0 333.0
6185 1273.0 331.0
6197 1224.0 336.0
6209 1179.0 348.0
6221 1141.0 364.0
6232 1112.0 383.0
6244 1093.0 403.0
6256 1082.0 423.0
6268 1081.0 441.0
6280 1087.0 457.0
6291 1101.0 471.0
6303 1120.0 483.0
6315 1147.0 491.0
6327 1180.0 495.0
6339 1216.0 493.0
6351 1250.0 484.0
6362 1281.0 470.0
6374 1306.0 453.0
6386 1323.0 431.0
6398 1334.0 404.0
6410 1337.0 374.0
6421 1332.0 340.0
6433 1316.0 302.0
6445 1288.0 263.0
6456 1249.0 228.0
6468 1199.0 201.0
6480 1143.0 181.0
6492 1083.0 168.0
6503 1020.0 162.0
6515 957.0 162.0
6527 896.0 168.0
6539 836.0 182.0
6550 782.0 202.0
6562 734.0 228.0
6574 696.0 257.0
6586 669.0 288.0
6597 654.0 317.0
6609 649.0 344.0
6621 653.0 367.0
6633 666.0 385.0
6645 686.0 399.0
6656 712.0 409.0
6668 742.0 413.0
6680 773.0 410.0
6692 803.0 400.0
6704 832.0 385.0
6715 857.0 364.0
6727 875.0 341.0
6739 887.0 315.0
6751 890.0 288.0
6763 885.0 261.0
6774 869.0 233.0
6786 843.0 205.0
6798 806.0 177.0
6810 759.0 152.0
6821 706.0 134.0
6833 650.0 123.0
6844 592.0 119.0
6856 536.0 123.0
6868 484.0 133.0
6880 437.0 148.0
6892 395.0 167.0
6903 361.0 189.0
6915 334.0 215.0
6927 314.0 243.0
6939 301.0 275.0
6951 293.0 310.0
6962 290.0 346.0
6974 292.0 382.0
6986 300.0 414.0
6998 317.0 441.0
7010 342.0 459.0
7021 375.0 469.0
7033 415.0 470.0
7045 458.0 462.0
7057 499.0 446.0
7068 533.0 425.0
7080 558.0 402.0
7092 573.0 380.0
7104 577.0 358.0
7115 572.0 340.0
7127 557.0 326.0
7139 534.0 316.0
7151 502.0 312.0
7162 462.0 316.0
7174 415.0 326.0
7186 365.0 343.0
7198 315.0 367.0
7210 268.0 395.0
7221 229.0 425.0
7233 199.0 455.0
7245 180.0 484.0
7257 171.0 511.0
7269 169.0 538.0
7281 176.0 565.0
7292 189.0 593.0
7304 207.0 620.0
7316 230.0 645.0
7328 259.0 665.0
7340 292.0 680.0
7352 331.0 687.0
7363 375.0 688.0
7375 420.0 681.0
7387 463.0 670.0
7399 499.0 654.0
7411 524.0 638.0
7423 537.0 621.0
7434 539.0 606.0
7446 530.0 592.0
7458 511.0 579.0
7470 482.0 568.0
7482 445.0 561.0
7494 402.0 561.0
7505 357.0 570.0
7517 312.0 587.0
7529 267.0 611.0
7541 227.0 639.0
7553 194.0 669.0
7565 172.0 697.0
7577 160.0 724.0
7589 159.0 748.0
7600 168.0 771.0
7613 185.0 794.0
7624 208.0 816.0
7636 238.0 837.0
7648 273.0 855.0
7660 314.0 866.0
7672 360.0 872.0
7684 410.0 872.0
7695 462.0 866.0
7708 512.0 852.0
7719 556.0 832.0
7731 592.0 807.0
7743 618.0 780.0
7755 633.0 756.0
7767 636.0 735.0
7779 628.0 720.0
7791 610.0 709.0
7802 583.0 702.0
7814 551.0 700.0
7826 516.0 705.0
7838 479.0 716.0
7850 443.0 732.0
7862 410.0 753.0
7874 382.0 778.0
7885 361.0 807.0
7897 349.0 838.0
7909 348.0 868.0
7921 359.0 897.0
7933 381.0 924.0
7945 412.0 948.0
7957 451.0 967.0
7969 498.0 982.0
7981 549.0 990.0
7992 605.0 991.0
8004 665.0 986.0
8016 731.0 975.0
8029 801.0 958.0
8040 872.0 934.0
8052 940.0 907.0
8064 1000.0 878.0
8076 1048.0 847.0
8088 1084.0 818.0
8099 1106.0 792.0
8111 1114.0 772.0
8123 1109.0 759.0
8135 1094.0 751.0
8147 1068.0 750.0
8159 1034.0 756.0
8171 996.0 769.0
8182 955.0 788.0
8194 917.0 812.0
8206 886.0 840.0
8218 866.0 869.0
8230 860.0 897.0
8242 869.0 922.0
8254 891.0 943.0
8265 926.0 961.0
8277 970.0 976.0
8289 1022.0 987.0
8301 1081.0 994.0
8313 1145.0 994.0
8325 1212.0 987.0
8336 1281.0 972.0
8349 1349.0 950.0
8360 1415.0 925.0
8372 1474.0 898.0
8384 1525.0 873.0
8396 1562.0 852.0
8408 1582.0 837.0
8420 1593.0 827.0
8432 1590.0 821.0
8443 1577.0 820.0
8455 1552.0 824.0
8467 1522.0 834.0
8479 1491.0 846.0
8491 1467.0 860.0
8502 1450.0 872.0
8514 1446.0 882.0
8526 1452.0 888.0
8538 1468.0 889.0
8550 1491.0 884.0
8561 1518.0 871.0
8573 1550.0 851.0
8585 1583.0 823.0
8597 1616.0 790.0
8609 1648.0 751.0
8621 1675.0 709.0
8632 1698.0 665.0
8644 1712.0 624.0
8656 1716.0 586.0
8668 1711.0 553.0
8679 1695.0 523.0
8691 1671.0 499.0
8703 1639.0 480.0
8715 1602.0 466.0
8727 1563.0 459.0
8738 1521.0 460.0
8750 1482.0 467.0
8762 1444.0 482.0
8774 1413.0 500.0
8785 1391.0 520.0
8797 1379.0 538.0
8809 1378.0 551.0
8821 1388.0 561.0
8832 1406.0 564.0
8844 1431.0 561.0
8856 1458.0 550.0
8868 1488.0 535.0
8879 1517.0 516.0
8891 1543.0 491.0
8903 1566.0 461.0
8915 1583.0 429.0
8926 1593.0 393.0
8938 1594.0 357.0
8950 1584.0 326.0
8962 1564.0 301.0
8973 1532.0 283.0
8985 1490.0 273.0
8997 1440.0 269.0
9009 1386.0 273.0
9021 1331.0 284.0
9033 1279.0 305.0
9044 1236.0 332.0
9056 1206.0 363.0
9068 1189.0 392.0
9079 1184.0 416.0
9091 1187.0 435.0
9103 1198.0 447.0
9114 1214.0 452.0
9126 1232.0 451.0
9138 1250.0 445.0
9150 1268.0 432.0
9161 1284.0 412.0
9173 1294.0 387.0
9185 1300.0 356.0
9197 1298.0 324.0
9208 1288.0 293.0
9220 1270.0 266.0
9232 1243.0 246.0
9244 1209.0 232.0
9255 1169.0 226.0
9267 1124.0 226.0
9279 1077.0 233.0
9291 1030.0 247.0
9302 984.0 269.0
9314 942.0 300.0
9326 904.0 338.0
9337 873.0 381.0
9350 850.0 421.0
9361 839.0 456.0
9373 838.0 481.0
9385 847.0 497.0
9396 863.0 500.0
9408 883.0 495.0
9420 904.0 482.0
9431 922.0 462.0
9443 936.0 437.0
9455 944.0 406.0
9467 946.0 373.0
9478 942.0 338.0
9490 934.0 307.0
9502 919.0 282.0
9514 897.0 263.0
9525 868.0 249.0
9537 832.0 241.0
9549 790.0 240.0
9561 745.0 245.0
9572 697.0 258.0
9584 649.0 276.0
9596 604.0 301.0
9608 566.0 327.0
9619 537.0 352.0
9631 518.0 372.0
9643 507.0 383.0
9654 504.0 386.0
9666 505.0 379.0
9678 507.0 363.0
9690 508.0 338.0
9701 506.0 303.0
9713 503.0 263.0
9725 499.0 224.0
9736 494.0 193.0
9748 487.0 173.0
9760 477.0 162.0
9772 462.0 163.0
9783 442.0 173.0
9795 417.0 190.0
9807 390.0 214.0
9818 363.0 244.0
9830 338.0 280.0
9842 320.0 322.0
9853 304.0 367.0
9865 295.0 414.0
9877 292.0 458.0
9889 296.0 493.0
9901 309.0 519.0
9912 330.0 534.0
9924 356.0 537.0
9936 385.0 528.0
9948 411.0 509.0
9959 435.0 481.0
9971 452.0 448.0
9983 462.0 412.0
9995 464.0 381.0
10006 459.0 358.0
10018 446.0 348.0
10030 425.0 350.0
10042 398.0 362.0
10053 364.0 385.0
10065 325.0 415.0
10077 288.0 449.0
10089 256.0 487.0
10101 230.0 525.0
10112 213.0 563.0
10124 209.0 601.0
10136 216.0 635.0
10148 233.0 665.0
10160 259.0 689.0
10171 291.0 705.0
10183 324.0 712.0
10195 359.0 712.0
10207 395.0 704.0
10219 430.0 691.0
10230 461.0 672.0
10242 489.0 649.0
10254 510.0 625.0
10266 525.0 604.0
10277 532.0 587.0
10289 530.0 576.0
10301 520.0 574.0
10313 503.0 580.0
10325 479.0 594.0
10336 450.0 615.0
10348 419.0 641.0
10360 386.0 674.0
10372 356.0 712.0
10384 332.0 753.0
10396 317.0 796.0
10408 314.0 836.0
10419 324.0 871.0
10431 344.0 898.0
10443 372.0 916.0
10455 405.0 923.0
10467 440.0 922.0
10478 475.0 913.0
10491 510.0 898.0
10502 543.0 877.0
10514 576.0 851.0
10526 607.0 824.0
10538 632.0 798.0
10549 650.0 774.0
10561 659.0 755.0
10573 659.0 743.0
10585 650.0 738.0
10597 634.0 741.0
10609 613.0 751.0
10621 589.0 769.0
10632 563.0 793.0
10644 540.0 821.0
10656 522.0 852.0
10668 511.0 881.0
10680 510.0 906.0
10692 520.0 928.0
10703 541.0 943.0
10715 573.0 953.0
10727 614.0 957.0
10739 660.0 954.0
10751 708.0 945.0
10763 758.0 930.0
10774 809.0 909.0
10786 859.0 884.0
10798 906.0 858.0
10810 948.0 834.0
10822 980.0 813.0
10834 1002.0 796.0
10846 1013.0 782.0
10858 1014.0 772.0
10869 1003.0 768.0
10881 985.0 768.0
10893 960.0 777.0
10905 931.0 794.0
10917 901.0 819.0
10929 872.0 851.0
10941 848.0 886.0
10952 830.0 920.0
10964 823.0 952.0
10976 828.0 976.0
10988 846.0 997.0
11000 877.0 1014.0
11012 918.0 1024.0
11024 966.0 1030.0
11035 1019.0 1031.0
11047 1074.0 1026.0
11059 1130.0 1014.0
11071 1186.0 996.0
11083 1240.0 972.0
11095 1292.0 945.0
11107 1337.0 915.0
11119 1373.0 886.0
11130 1398.0 859.0
11142 1412.0 840.0
11154 1413.0 829.0
11166 1402.0 827.0
11178 1382.0 833.0
11190 1355.0 846.0
11201 1323.0 865.0
11213 1292.0 889.0
11225 1262.0 916.0
11237 1240.0 943.0
11249 1230.0 969.0
11261 1231.0 989.0
11273 1246.0 1003.0
11285 1274.0 1009.0
11296 1310.0 1007.0
11308 1350.0 997.0
11320 1393.0 980.0
11332 1435.0 957.0
11344 1475.0 928.0
11356 1512.0 893.0
11368 1544.0 853.0
11379 1571.0 809.0
11391 1589.0 764.0
11403 1598.0 718.0
11415 1599.0 672.0
11426 1592.0 630.0
11438 1580.0 594.0
11450 1562.0 568.0
11462 1539.0 549.0
11474 1512.0 539.0
11485 1482.0 538.0
11497 1451.0 546.0
11509 1423.0 563.0
11521 1400.0 587.0
11532 1384.0 617.0
11544 1378.0 648.0
11556 1383.0 673.0
11568 1401.0 691.0
11580 1431.0 698.0
11592 1468.0 694.0
11603 1509.0 679.0
11615 1552.0 655.0
11627 1592.0 624.0
11639 1630.0 585.0
11650 1662.0 543.0
11662 1688.0 498.0
11674 1706.0 453.0
11686 1716.0 412.0
11697 1717.0 377.0
11709 1708.0 347.0
11721 1690.0 323.0
11733 1662.0 305.0
11744 1628.0 292.0
11756 1588.0 286.0
11768 1543.0 286.0
11780 1498.0 292.0
11791 1451.0 306.0
11803 1407.0 330.0
11815 1369.0 360.0
11827 1339.0 392.0
11839 1321.0 422.0
11850 1314.0 442.0
11862 1317.0 452.0
11874 1330.0 448.0
11885 1348.0 432.0
11897 1367.0 407.0
11909 1385.0 372.0
11921 1396.0 331.0
11932 1403.0 288.0
11944 1404.0 247.0
11956 1399.0 211.0
11967 1388.0 181.0
11979 1368.0 158.0
11991 1339.0 140.0
12002 1301.0 129.0
12014 1255.0 124.0
12026 1202.0 127.0
12037 1146.0 138.0
12049 1090.0 158.0
12061 1035.0 186.0
12073 986.0 220.0
12084 945.0 259.0
12096 913.0 297.0
12108 895.0 333.0
12120 886.0 362.0
12131 888.0 381.0
12143 897.0 392.0
12155 912.0 392.0
12167 929.0 384.0
12178 949.0 370.0
12190 967.0 349.0
12202 979.0 320.0
12213 987.0 287.0
12225 990.0 251.0
12237 988.0 215.0
12249 980.0 182.0
12260 967.0 153.0
12272 945.0 130.0
12284 916.0 113.0
12295 878.0 103.0
12307 835.0 100.0
12319 790.0 106.0
12331 743.0 120.0
12342 697.0 142.0
12354 654.0 170.0
12365 617.0 204.0
12377 588.0 242.0
12389 568.0 280.0
12401 557.0 316.0
12413 554.0 346.0
12424 559.0 368.0
12436 571.0 379.0
12448 586.0 381.0
12459 603.0 373.0
12471 619.0 357.0
12483 632.0 333.0
12494 641.0 305.0
12506 644.0 272.0
12518 642.0 237.0
12530 632.0 201.0
12541 615.0 169.0
12553 591.0 143.0
12564 563.0 126.0
12576 532.0 121.0
12588 497.0 125.0
12600 460.0 139.0
12611 423.0 162.0
12623 386.0 192.0
12635 353.0 229.0
12646 325.0 272.0
12658 303.0 319.0
12670 289.0 368.0
12682 282.0 412.0
12693 281.0 446.0
12705 286.0 468.0
12717 296.0 476.0
12729 308.0 472.0
12741 321.0 457.0
12752 332.0 434.0
12764 341.0 406.0
12776 345.0 376.0
12788 347.0 347.0
12799 343.0 321.0
12811 335.0 300.0
12823 321.0 287.0
12834 301.0 282.0
12846 277.0 286.0
12858 252.0 300.0
12870 226.0 325.0
12881 201.0 360.0
12893 182.0 405.0
12905 168.0 458.0
12917 160.0 514.0
12929 157.0 566.0
12940 158.0 612.0
12952 164.0 648.0
12964 177.0 672.0
12975 196.0 688.0
12987 221.0 695.0
12999 249.0 693.0
13011 277.0 683.0
13023 304.0 666.0
13034 329.0 644.0
13046 348.0 618.0
13058 363.0 591.0
13070 372.0 566.0
13082 374.0 549.0
13093 367.0 544.0
13105 351.0 551.0
13117 328.0 571.0
13129 298.0 602.0
13140 267.0 640.0
13152 235.0 681.0
13164 207.0 726.0
13176 185.0 771.0
13188 172.0 815.0
13199 168.0 857.0
13211 176.0 894.0
13223 191.0 922.0
13235 212.0 940.0
13247 236.0 950.0
13259 265.0 951.0
13271 296.0 943.0
13282 327.0 928.0
13294 358.0 906.0
13306 387.0 878.0
13318 412.0 845.0
13330 434.0 810.0
13342 450.0 780.0
13353 458.0 762.0
13365 460.0 758.0
13377 454.0 768.0
13389 441.0 794.0
13401 423.0 831.0
13412 406.0 873.0
13424 390.0 917.0
13436 382.0 955.0
13448 386.0 986.0
13460 402.0 1007.0
13472 430.0 1019.0
13483 468.0 1025.0
13495 511.0 1024.0
13507 558.0 1018.0
13519 608.0 1007.0
13531 657.0 989.0
13543 703.0 968.0
13555 746.0 943.0
13566 781.0 913.0
13578 809.0 882.0
13590 827.0 850.0
13602 838.0 822.0
13614 842.0 800.0
13625 838.0 786.0
13637 827.0 781.0
13649 812.0 784.0
13661 793.0 794.0
13673 771.0 812.0
13685 749.0 838.0
13697 731.0 870.0
13708 716.0 908.0
13720 710.0 947.0
13732 714.0 985.0
13744 732.0 1017.0
13756 760.0 1041.0
13768 799.0 1054.0
13780 846.0 1058.0
13791 898.0 1055.0
13803 952.0 1044.0
13815 1007.0 1028.0
13827 1062.0 1004.0
13839 1115.0 973.0
13851 1164.0 937.0
13863 1207.0 902.0
13874 1241.0 871.0
13886 1264.0 848.0
13898 1276.0 833.0
13910 1277.0 828.0
13922 1268.0 830.0
13934 1253.0 840.0
13945 1233.0 859.0
13957 1212.0 885.0
13969 1194.0 916.0
13981 1181.0 948.0
13993 1176.0 981.0
14005 1181.0 1010.0
14016 1197.0 1034.0
14029 1222.0 1048.0
14040 1256.0 1054.0
14052 1295.0 1053.0
14064 1337.0 1045.0
14076 1381.0 1030.0
14088 1424.0 1008.0
14100 1465.0 982.0
14111 1504.0 952.0
14123 1537.0 922.0
14135 1564.0 894.0
14147 1582.0 869.0
14159 1591.0 850.0
14171 1590.0 836.0
14182 1582.0 829.0
14194 1568.0 827.0
14206 1550.0 831.0
14218 1529.0 839.0
14230 1509.0 849.0
14241 1492.0 859.0
14253 1483.0 865.0
14265 1481.0 868.0
14277 1488.0 865.0
14289 1502.0 858.0
14301 1520.0 844.0
14312 1541.0 824.0
14324 1561.0 797.0
14336 1579.0 763.0
14348 1594.0 724.0
14360 1605.0 685.0
14372 1612.0 646.0
14383 1614.0 610.0
14395 1610.0 579.0
14407 1598.0 552.0
14419 1580.0 531.0
14431 1558.0 517.0
14442 1531.0 510.0
14454 1501.0 511.0
14466 1469.0 520.0
14477 1435.0 535.0
14489 1403.0 557.0
14501 1375.0 581.0
14513 1353.0 606.0
14524 1340.0 624.0
14536 1338.0 636.0
14548 1347.0 640.0
14560 1364.0 636.0
14572 1388.0 623.0
14583 1412.0 605.0
14595 1436.0 582.0
14607 1458.0 557.0
14619 1476.0 527.0
14631 1490.0 495.0
14642 1498.0 462.0
14654 1499.0 428.0
14666 1492.0 394.0
14678 1477.0 363.0
14689 1453.0 338.0
14701 1422.0 320.0
14713 1385.0 311.0
14724 1342.0 312.0
14736 1296.0 324.0
14748 1250.0 349.0
14760 1205.0 381.0
14772 1166.0 418.0
14783 1131.0 451.0
14795 1106.0 477.0
14807 1088.0 495.0
14819 1079.0 499.0
14830 1076.0 492.0
14842 1077.0 474.0
14854 1078.0 447.0
14865 1079.0 412.0
14877 1077.0 372.0
14889 1074.0 331.0
14901 1067.0 293.0
14912 1056.0 261.0
14924 1042.0 234.0
14936 1024.0 215.0
14947 1000.0 204.0
14959 972.0 204.0
14971 939.0 215.0
14983 904.0 237.0
14994 867.0 268.0
15006 829.0 307.0
15018 794.0 345.0
15030 763.0 377.0
15041 739.0 402.0
15053 720.0 417.0
15065 706.0 421.0
15076 695.0 417.0
15089 685.0 403.0
15100 676.0 382.0
15112 665.0 356.0
15123 648.0 324.0
15135 628.0 291.0
15147 603.0 258.0
15159 576.0 227.0
15170 551.0 205.0
15182 528.0 195.0
15194 509.0 199.0
15205 491.0 211.0
15217 474.0 232.0
15229 455.0 259.0
15241 436.0 291.0
15252 417.0 325.0
15264 399.0 360.0
15276 381.0 392.0
15288 367.0 417.0
15299 355.0 433.0
15311 345.0 439.0
15323 338.0 436.0
15334 332.0 426.0
15346 325.0 408.0
15358 315.0 391.0
15370 305.0 375.0
15381 296.0 368.0
15393 289.0 372.0
15405 282.0 388.0
15417 277.0 417.0
15429 273.0 457.0
15440 272.0 505.0
15452 272.0 557.0
15464 272.0 609.0
15476 273.0 656.0
15488 276.0 697.0
15499 280.0 729.0
15511 288.0 749.0
15523 298.0 757.0
15535 315.0 750.0
15546 333.0 732.0
15558 356.0 703.0
15570 382.0 669.0
15582 412.0 637.0
15594 446.0 618.0
15605 484.0 613.0
15617 520.0 624.0
15629 551.0 649.0
15641 575.0 680.0
15653 592.0 718.0
15664 607.0 756.0
15676 619.0 793.0
15688 630.0 820.0
15700 637.0 838.0
15712 644.0 845.0
15724 653.0 836.0
15735 663.0 814.0
15747 676.0 784.0
15759 694.0 754.0
15771 718.0 735.0
15783 749.0 728.0
15794 786.0 738.0
15806 829.0 765.0
15818 875.0 804.0
15830 922.0 848.0
15842 968.0 888.0
15854 1010.0 919.0
15865 1049.0 935.0
15878 1085.0 934.0
15889 1117.0 922.0
15901 1149.0 898.0
15913 1180.0 867.0
15925 1209.0 831.0
15937 1238.0 796.0
15949 1265.0 770.0
15960 1292.0 758.0
15972 1318.0 760.0
15984 1344.0 775.0
15996 1371.0 798.0
16008 1398.0 822.0
16020 1425.0 842.0
16031 1450.0 853.0
16043 1472.0 851.0
16055 1489.0 837.0
16067 1504.0 810.0
16079 1516.0 771.0
16090 1528.0 724.0
16102 1539.0 676.0
16114 1552.0 637.0
16126 1564.0 610.0
16137 1575.0 596.0
16149 1581.0 592.0
16161 1584.0 598.0
16173 1583.0 614.0
16185 1580.0 633.0
16196 1573.0 650.0
16208 1561.0 656.0
16220 1543.0 649.0
16232 1520.0 627.0
16243 1495.0 590.0
16255 1466.0 541.0
16267 1438.0 487.0
16279 1412.0 440.0
16291 1387.0 407.0
16302 1365.0 389.0
16314 1341.0 380.0
16326 1317.0 379.0
16338 1293.0 382.0
16350 1268.0 384.0
16361 1243.0 384.0
16373 1216.0 380.0
16385 1189.0 375.0
16396 1162.0 370.0
16408 1137.0 368.0
16420 1112.0 371.0
16432 1088.0 376.0
16443 1063.0 383.0
16455 1037.0 387.0
16467 1010.0 388.0
16479 983.0 384.0
16491 953.0 373.0
16502 922.0 357.0
16514 891.0 338.0
16525 861.0 315.0
16538 832.0 294.0
16549 804.0 279.0
16561 779.0 272.0
16573 756.0 276.0
16584 735.0 287.0
16596 714.0 304.0
16608 691.0 320.0
16619 666.0 332.0
16631 635.0 340.0
16643 600.0 340.0
16655 560.0 336.0
16667 518.0 329.0
16679 478.0 322.0
16690 440.0 317.0
16702 408.0 315.0
16714 379.0 319.0
16725 356.0 329.0
16737 338.0 342.0
16749 323.0 360.0
16761 311.0 383.0
16773 300.0 407.0
16784 289.0 436.0
16796 279.0 467.0
16808 269.0 499.0
16820 258.0 534.0
16832 250.0 571.0
16843 246.0 607.0
16855 244.0 643.0
16868 247.0 678.0
16879 252.0 711.0
16891 263.0 743.0
16903 278.0 771.0
16914 297.0 795.0
16926 320.0 817.0
16938 346.0 835.0
16950 376.0 852.0
16962 408.0 866.0
16974 444.0 877.0
16986 482.0 887.0
16998 522.0 892.0
17010 562.0 896.0
17021 602.0 897.0
17033 644.0 897.0
17045 686.0 896.0
17057 729.0 894.0
17069 773.0 893.0
17081 816.0 891.0
17093 859.0 889.0
17104 900.0 885.0
17116 940.0 878.0
17128 980.0 869.0
17140 1019.0 858.0
17152 1057.0 842.0
17164 1095.0 825.0
17176 1130.0 804.0
17188 1163.0 782.0
17200 1194.0 759.0
17211 1220.0 735.0
17223 1243.0 712.0
17235 1260.0 690.0
17247 1273.0 669.0
17259 1282.0 646.0
17271 1286.0 622.0
17282 1286.0 594.0
17294 1282.0 563.0
17306 1271.0 532.0
17318 1256.0 501.0
17329 1238.0 473.0
17342 1215.0 445.0
17353 1190.0 420.0
17365 1162.0 395.0
17377 1132.0 372.0
17389 1101.0 351.0
17400 1066.0 331.0
17412 1029.0 312.0
17424 988.0 296.0
17435 944.0 285.0
17447 899.0 277.0
17459 852.0 274.0
17471 804.0 275.0
17482 756.0 280.0
17494 708.0 291.0
17506 662.0 309.0
17518 618.0 333.0
17530 579.0 364.0
17541 545.0 398.0
17553 520.0 435.0
17565 502.0 473.0
17577 493.0 512.0
17589 492.0 554.0
17600 499.0 599.0
17612 512.0 644.0
17624 532.0 689.0
17636 557.0 733.0
17648 589.0 772.0
17660 628.0 805.0
17672 672.0 830.0
17683 721.0 846.0
17695 773.0 852.0
17708 828.0 849.0
17719 881.0 840.0
17731 932.0 824.0
17743 977.0 803.0
17755 1018.0 778.0
17766 1053.0 748.0
17779 1083.0 716.0
17790 1105.0 683.0
17802 1120.0 649.0
17814 1125.0 616.0
17826 1122.0 582.0
17838 1108.0 547.0
17849 1085.0 511.0
17861 1054.0 476.0
17873 1016.0 445.0
17885 975.0 418.0
17896 930.0 396.0
17908 882.0 381.0
17920 830.0 372.0
17932 778.0 370.0
17944 725.0 377.0
17955 674.0 391.0
17967 628.0 414.0
17979 588.0 445.0
17991 556.0 479.0
18003 536.0 516.0
18014 526.0 552.0
18026 529.0 586.0
18038 541.0 619.0
18050 565.0 649.0
18062 597.0 674.0
18073 638.0 694.0
18085 685.0 707.0
18097 737.0 711.0
18109 788.0 706.0
18121 837.0 692.0
18133 882.0 673.0
18144 921.0 650.0
18156 953.0 626.0
18168 974.0 603.0
18180 985.0 579.0
18192 988.0 555.0
18203 981.0 531.0
18215 967.0 505.0
18227 944.0 478.0
18239 914.0 452.0
18250 877.0 425.0
18262 833.0 399.0
18274 784.0 374.0
18286 729.0 349.0
18297 669.0 327.0
18309 605.0 310.0
18321 541.0 300.0
18333 479.0 295.0
18345 419.0 296.0
18356 362.0 302.0
18369 312.0 313.0
18380 270.0 330.0
18392 236.0 350.0
18404 211.0 376.0
18415 191.0 408.0
18427 178.0 445.0
18439 170.0 488.0
18451 167.0 536.0
18463 170.0 589.0
18474 178.0 644.0
18486 191.0 702.0
18498 209.0 759.0
18510 231.0 813.0
18522 258.0 865.0
18534 289.0 909.0
18546 325.0 945.0
18558 367.0 970.0
18570 415.0 984.0
18582 468.0 986.0
18593 523.0 976.0
18605 576.0 959.0
18617 627.0 935.0
18629 672.0 906.0
18641 710.0 873.0
18653 741.0 836.0
18665 765.0 796.0
18677 783.0 754.0
18689 792.0 712.0
18700 793.0 673.0
18712 786.0 634.0
18724 771.0 600.0
18736 747.0 569.0
18748 716.0 542.0
18759 675.0 520.0
18771 627.0 503.0
18783 574.0 493.0
18795 514.0 491.0
18807 454.0 497.0
18819 394.0 511.0
18831 336.0 533.0
18842 284.0 562.0
18854 240.0 595.0
18866 207.0 634.0
18878 183.0 672.0
18890 171.0 713.0
18902 168.0 755.0
18913 177.0 798.0
18925 193.0 842.0
18937 218.0 884.0
18949 253.0 925.0
18961 295.0 964.0
18973 344.0 997.0
18985 401.0 1024.0
18997 464.0 1043.0
19009 531.0 1054.0
19021 603.0 1055.0
19033 676.0 1047.0
19044 751.0 1031.0
19056 825.0 1008.0
19068 898.0 979.0
19080 968.0 945.0
19092 1034.0 906.0
19104 1096.0 865.0
19116 1151.0 821.0
19128 1197.0 777.0
19139 1233.0 733.0
19151 1257.0 693.0
19163 1271.0 656.0
19175 1274.0 624.0
19187 1268.0 595.0
19199 1253.0 567.0
19210 1230.0 541.0
19222 1200.0 516.0
19234 1163.0 498.0
19246 1120.0 487.0
19258 1071.0 483.0
19269 1019.0 489.0
19281 967.0 504.0
19293 918.0 525.0
19305 873.0 552.0
19316 834.0 583.0
19329 802.0 618.0
19340 779.0 656.0
19352 765.0 696.0
19364 761.0 737.0
19376 764.0 779.0
19388 778.0 821.0
19400 801.0 862.0
19412 832.0 901.0
19424 871.0 934.0
19435 920.0 961.0
19447 975.0 979.0
19459 1036.0 988.0
19471 1102.0 989.0
19483 1168.0 982.0
19495 1232.0 970.0
19507 1293.0 952.0
19519 1350.0 930.0
19531 1401.0 904.0
19542 1446.0 873.0
19554 1485.0 839.0
19566 1517.0 802.0
19579 1541.0 765.0
19590 1556.0 727.0
19602 1564.0 691.0
19614 1566.0 655.0
19625 1561.0 620.0
19637 1550.0 586.0
19649 1532.0 553.0
19661 1511.0 521.0
19673 1486.0 494.0
19684 1457.0 470.0
19696 1425.0 453.0
19708 1389.0 441.0
19720 1351.0 435.0
19732 1312.0 435.0
19744 1273.0 443.0
19755 1235.0 456.0
19767 1202.0 475.0
19779 1174.0 500.0
19791 1153.0 528.0
19803 1140.0 558.0
19814 1134.0 588.0
19826 1135.0 619.0
19838 1143.0 649.0
19850 1156.0 679.0
19862 1177.0 706.0
19874 1206.0 731.0
19885 1244.0 751.0
19898 1288.0 763.0
19909 1336.0 767.0
19921 1386.0 762.0
19933 1433.0 750.0
19945 1477.0 732.0
19957 1515.0 711.0
19968 1547.0 687.0
19980 1574.0 662.0
19992 1596.0 635.0
20004 1613.0 605.0
20015 1623.0 572.0
20027 1629.0 535.0
20039 1628.0 495.0
20051 1622.0 452.0
20063 1610.0 408.0
20074 1592.0 364.0
20086 1567.0 324.0
20098 1537.0 286.0
20110 1503.0 252.0
20122 1464.0 221.0
20133 1421.0 195.0
20145 1374.0 172.0
20157 1321.0 155.0
20169 1267.0 141.0
20180 1207.0 134.0
20192 1147.0 135.0
20204 1085.0 145.0
20215 1025.0 165.0
20227 967.0 194.0
20239 914.0 229.0
20251 867.0 269.0
20262 828.0 314.0
20274 799.0 359.0
20286 780.0 404.0
20298 770.0 446.0
20310 772.0 485.0
20322 781.0 520.0
20333 798.0 550.0
20345 823.0 574.0
20357 853.0 592.0
20369 889.0 603.0
20381 930.0 606.0
20392 975.0 603.0
20404 1020.0 592.0
20416 1063.0 574.0
20428 1101.0 549.0
20440 1132.0 520.0
20451 1157.0 489.0
20463 1174.0 456.0
20475 1182.0 424.0
20487 1183.0 393.0
20499 1177.0 360.0
20510 1162.0 323.0
20522 1137.0 281.0
20534 1099.0 235.0
20545 1054.0 189.0
20557 1003.0 149.0
20569 947.0 118.0
20581 885.0 98.0
20592 819.0 87.0
20604 752.0 87.0
20616 685.0 96.0
20628 620.0 113.0
20639 557.0 139.0
20651 498.0 172.0
20663 443.0 212.0
20675 394.0 258.0
20687 352.0 306.0
20698 317.0 359.0
20710 290.0 411.0
20722 272.0 463.0
20734 265.0 509.0
20746 269.0 548.0
20758 287.0 576.0
20769 314.0 593.0
20781 352.0 600.0
20793 395.0 597.0
20805 443.0 587.0
20817 491.0 569.0
20829 538.0 544.0
20840 581.0 517.0
20852 619.0 485.0
20864 651.0 450.0
20876 677.0 415.0
20887 695.0 381.0
20899 704.0 349.0
20911 703.0 322.0
20923 693.0 297.0
20934 672.0 275.0
20946 639.0 257.0
20958 593.0 243.0
20970 537.0 234.0
20981 473.0 232.0
20993 404.0 238.0
21005 332.0 251.0
21017 262.0 273.0
21029 197.0 300.0
21041 141.0 332.0
21052 96.0 367.0
21064 65.0 402.0
21076 46.0 437.0
21088 37.0 471.0
21100 40.0 506.0
21112 50.0 539.0
21123 67.0 572.0
21135 92.0 604.0
21148 121.0 631.0
21159 153.0 655.0
21171 191.0 672.0
21183 231.0 682.0
21195 277.0 682.0
21207 323.0 674.0
21219 370.0 658.0
21230 414.0 636.0
21242 451.0 611.0
21254 480.0 584.0
21266 498.0 558.0
21278 508.0 534.0
21290 508.0 514.0
21301 501.0 496.0
21313 486.0 482.0
21325 461.0 472.0
21337 426.0 467.0
21349 382.0 468.0
21360 333.0 476.0
21372 282.0 491.0
21384 234.0 514.0
21396 191.0 541.0
21408 158.0 571.0
21420 134.0 603.0
21432 119.0 636.0
21443 113.0 670.0
21455 114.0 704.0
21467 121.0 738.0
21479 135.0 769.0
21491 156.0 794.0
21503 185.0 814.0
21515 220.0 826.0
21527 261.0 831.0
21539 306.0 830.0
21550 352.0 823.0
21562 398.0 812.0
21574 442.0 796.0
21586 480.0 779.0
21598 513.0 759.0
21610 539.0 740.0
21622 556.0 723.0
21633 565.0 709.0
21645 565.0 699.0
21657 556.0 690.0
21669 537.0 686.0
21681 506.0 685.0
21693 466.0 689.0
21705 416.0 697.0
21717 363.0 710.0
21729 309.0 728.0
21741 258.0 752.0
21752 215.0 778.0
21764 184.0 808.0
21776 162.0 838.0
21788 151.0 869.0
21800 148.0 900.0
21812 153.0 932.0
21824 166.0 964.0
21836 185.0 996.0
21848 211.0 1023.0
21860 244.0 1046.0
21872 284.0 1061.0
21883 332.0 1068.0
21895 387.0 1067.0
21907 446.0 1057.0
21919 505.0 1040.0
21931 561.0 1019.0
21943 613.0 994.0
21955 662.0 966.0
21967 708.0 937.0
21979 748.0 906.0
21991 782.0 876.0
22003 807.0 847.0
22014 821.0 822.0
22026 824.0 799.0
22038 816.0 782.0
22050 799.0 772.0
22062 774.0 766.0
22074 742.0 766.0
22086 703.0 772.0
22098 663.0 785.0
22110 622.0 804.0
22122 583.0 830.0
22133 551.0 861.0
22145 527.0 893.0
22157 513.0 927.0
22169 510.0 959.0
22181 519.0 989.0
22193 538.0 1016.0
22205 568.0 1041.0
22217 607.0 1060.0
22229 654.0 1076.0
22241 707.0 1086.0
22253 765.0 1091.0
22264 825.0 1089.0
22276 889.0 1080.0
22289 954.0 1063.0
22300 1016.0 1041.0
22312 1075.0 1016.0
22324 1128.0 988.0
22336 1174.0 960.0
22348 1212.0 933.0
22360 1239.0 907.0
22372 1258.0 883.0
22383 1269.0 860.0
22395 1273.0 838.0
22407 1270.0 817.0
22419 1260.0 797.0
22431 1243.0 780.0
22443 1218.0 767.0
22455 1187.0 760.0
22467 1150.0 762.0
22479 1111.0 771.0
22491 1070.0 786.0
22502 1033.0 807.0
22514 1003.0 833.0
22526 983.0 861.0
22538 973.0 891.0
22550 976.0 920.0
22562 988.0 950.0
22574 1012.0 977.0
22586 1044.0 1002.0
22598 1086.0 1022.0
22610 1134.0 1037.0
22622 1188.0 1044.0
22633 1247.0 1044.0
22645 1306.0 1037.0
22658 1361.0 1025.0
22669 1412.0 1007.0
22681 1457.0 987.0
22693 1497.0 963.0
22705 1529.0 939.0
22717 1554.0 912.0
22729 1569.0 886.0
22741 1575.0 861.0
22753 1572.0 837.0
22764 1562.0 816.0
22776 1544.0 797.0
22788 1517.0 780.0
22800 1482.0 769.0
22812 1439.0 763.0
22824 1394.0 763.0
22836 1348.0 770.0
22848 1308.0 781.0
22860 1275.0 797.0
22872 1250.0 814.0
22884 1236.0 833.0
22895 1230.0 852.0
22907 1233.0 870.0
22920 1243.0 888.0
22931 1261.0 906.0
22943 1286.0 920.0
22955 1317.0 932.0
22967 1353.0 940.0
22979 1393.0 943.0
22991 1437.0 939.0
23003 1482.0 928.0
23014 1527.0 910.0
23026 1567.0 884.0
23039 1601.0 854.0
23050 1627.0 823.0
23062 1645.0 791.0
23074 1656.0 758.0
23086 1661.0 726.0
23098 1660.0 695.0
23109 1654.0 663.0
23121 1643.0 630.0
23133 1629.0 597.0
23145 1610.0 566.0
23157 1585.0 539.0
23169 1558.0 518.0
23181 1526.0 505.0
23192 1492.0 499.0
23204 1457.0 501.0
23216 1421.0 509.0
23228 1390.0 521.0
23240 1362.0 538.0
23252 1343.0 558.0
23264 1332.0 579.0
23276 1329.0 601.0
23288 1336.0 622.0
23299 1352.0 641.0
23311 1376.0 657.0
23323 1408.0 669.0
23335 1447.0 675.0
23347 1492.0 675.0
23359 1535.0 667.0
23370 1575.0 652.0
23382 1609.0 633.0
23394 1636.0 608.0
23406 1654.0 582.0
23418 1665.0 552.0
23430 1669.0 521.0
23441 1667.0 487.0
23453 1657.0 449.0
23465 1642.0 410.0
23477 1621.0 370.0
23489 1595.0 331.0
23500 1563.0 296.0
23512 1528.0 265.0
23524 1488.0 241.0
23536 1442.0 223.0
23548 1395.0 212.0
23559 1345.0 210.0
23571 1293.0 214.0
23583 1241.0 225.0
23595 1190.0 242.0
23606 1143.0 263.0
23619 1101.0 287.0
23630 1067.0 315.0
23642 1042.0 344.0
23654 1027.0 371.0
23666 1022.0 398.0
23677 1026.0 422.0
23689 1040.0 442.0
23701 1063.0 459.0
23713 1094.0 469.0
23724 1133.0 471.0
23736 1175.0 466.0
23748 1218.0 453.0
23760 1256.0 435.0
23772 1290.0 411.0
23783 1318.0 385.0
23795 1339.0 358.0
23807 1354.0 331.0
23819 1362.0 306.0
23831 1364.0 281.0
23842 1360.0 258.0
23854 1350.0 235.0
23866 1333.0 211.0
23878 1311.0 186.0
23889 1281.0 161.0
23901 1244.0 141.0
23913 1200.0 124.0
23925 1153.0 114.0
23936 1100.0 109.0
23948 1047.0 110.0
23960 992.0 118.0
23972 939.0 132.0
23983 889.0 150.0
23995 845.0 173.0
24007 807.0 197.0
24019 776.0 222.0
24031 753.0 247.0
24042 739.0 270.0
24054 733.0 290.0
24066 733.0 307.0
24078 739.0 320.0
24090 750.0 330.0
24101 766.0 334.0
24113 784.0 333.0
24125 805.0 329.0
24137 825.0 319.0
24149 842.0 309.0
24160 853.0 296.0
24172 859.0 282.0
24184 858.0 268.0
24196 851.0 250.0
24207 834.0 230.0
24219 802.0 205.0
24231 759.0 181.0
24243 713.0 163.0
24254 663.0 151.0
24266 611.0 147.0
24278 559.0 152.0
24290 506.0 164.0
24301 461.0 182.0
24313 421.0 204.0
24325 389.0 228.0
24337 364.0 256.0
24348 347.0 286.0
24360 337.0 317.0
24372 335.0 347.0
24384 340.0 376.0
24395 351.0 402.0
24408 369.0 426.0
24419 393.0 445.0
24431 421.0 461.0
24443 454.0 470.0
24454 490.0 474.0
24466 528.0 472.0
24478 565.0 464.0
24490 598.0 449.0
24501 625.0 430.0
24513 646.0 409.0
24525 659.0 388.0
24537 667.0 370.0
24549 669.0 353.0
24561 665.0 339.0
24572 658.0 327.0
24584 646.0 315.0
24596 626.0 301.0
24608 597.0 289.0
24619 562.0 278.0
24631 521.0 273.0
24643 476.0 273.0
24655 431.0 279.0
24666 385.0 290.0
24678 343.0 307.0
24690 304.0 329.0
24702 270.0 356.0
24713 241.0 387.0
24725 219.0 420.0
24737 206.0 455.0
24749 201.0 487.0
24761 205.0 518.0
24773 218.0 544.0
24784 241.0 569.0
24796 272.0 589.0
24808 309.0 604.0
24820 351.0 611.0
24832 395.0 612.0
24843 437.0 607.0
24855 475.0 596.0
24867 507.0 583.0
24879 528.0 568.0
24891 541.0 555.0
24903 545.0 543.0
24914 542.0 532.0
24926 532.0 522.0
24938 515.0 514.0
24950 491.0 507.0
24962 459.0 503.0
24973 422.0 501.0
24985 383.0 505.0
24997 343.0 516.0
25009 304.0 534.0
25021 267.0 556.0
25033 237.0 581.0
25044 215.0 608.0
25056 203.0 635.0
25068 199.0 660.0
25080 202.0 685.0
25092 214.0 710.0
25104 234.0 735.0
25116 261.0 754.0
25128 295.0 770.0
25139 334.0 780.0
25151 379.0 784.0
25163 426.0 782.0
25175 474.0 775.0
25187 519.0 762.0
25199 559.0 744.0
25211 593.0 726.0
25222 618.0 707.0
25234 634.0 691.0
25246 639.0 680.0
25258 634.0 672.0
25270 621.0 669.0
25282 599.0 668.0
25293 569.0 672.0
25305 534.0 679.0
25317 496.0 690.0
25329 456.0 707.0
25341 417.0 726.0
25353 382.0 750.0
25365 351.0 775.0
25376 326.0 804.0
25389 308.0 834.0
25400 297.0 864.0
25412 297.0 894.0
25424 306.0 922.0
25436 324.0 948.0
25448 351.0 972.0
25460 385.0 992.0
25471 427.0 1006.0
25483 473.0 1015.0
25495 522.0 1016.0
25507 572.0 1009.0
25519 621.0 997.0
25531 667.0 979.0
25543 712.0 955.0
25555 754.0 928.0
25567 792.0 901.0
25579 826.0 876.0
25591 851.0 855.0
25602 865.0 838.0
25614 869.0 828.0
25626 866.0 822.0
25638 854.0 818.0
25650 834.0 818.0
25662 808.0 821.0
25674 779.0 827.0
25686 751.0 838.0
25698 727.0 852.0
25710 707.0 870.0
25721 694.0 892.0
25733 687.0 916.0
25745 688.0 940.0
25757 698.0 966.0
25769 719.0 991.0
25781 752.0 1013.0
25793 796.0 1030.0
25805 850.0 1041.0
25817 910.0 1044.0
25829 975.0 1040.0
25841 1040.0 1032.0
25852 1103.0 1019.0
25864 1162.0 1002.0
25876 1216.0 985.0
25888 1263.0 969.0
25900 1302.0 957.0
25912 1328.0 950.0
25924 1343.0 947.0
25936 1348.0 948.0
25947 1345.0 951.0
25960 1337.0 956.0
25971 1327.0 965.0
25983 1315.0 976.0
25995 1302.0 990.0
26007 1291.0 1007.0
26019 1284.0 1024.0
26031 1283.0 1042.0
26043 1290.0 1059.0
26055 1306.0 1073.0
26067 1331.0 1083.0
26079 1365.0 1086.0
26091 1404.0 1084.0
26102 1447.0 1079.0
26114 1489.0 1069.0
26126 1528.0 1058.0
26138 1564.0 1042.0
26150 1595.0 1024.0
26162 1619.0 1003.0
26174 1636.0 979.0
26186 1647.0 955.0
26198 1652.0 929.0
26210 1651.0 903.0
26221 1646.0 878.0
26233 1636.0 856.0
26245 1622.0 835.0
26257 1604.0 818.0
26269 1582.0 806.0
26281 1557.0 797.0
26293 1527.0 794.0
26304 1496.0 798.0
26316 1466.0 806.0
26329 1437.0 820.0
26340 1413.0 838.0
26352 1393.0 861.0
26364 1380.0 884.0
26376 1376.0 904.0
26388 1386.0 918.0
26400 1406.0 925.0
26411 1438.0 923.0
26423 1477.0 915.0
26435 1518.0 903.0
26447 1559.0 885.0
26459 1596.0 864.0
26471 1627.0 840.0
26483 1653.0 816.0
26494 1672.0 788.0
26506 1684.0 758.0
26518 1688.0 728.0
26530 1684.0 698.0
26542 1673.0 668.0
26553 1654.0 638.0
26565 1630.0 610.0
26577 1603.0 584.0
26589 1573.0 561.0
26601 1543.0 544.0
26613 1512.0 532.0
26624 1483.0 526.0
26636 1456.0 526.0
26648 1431.0 532.0
26660 1408.0 544.0
26672 1390.0 562.0
26683 1374.0 583.0
26695 1365.0 607.0
26707 1363.0 629.0
26719 1370.0 646.0
26731 1387.0 658.0
26742 1412.0 663.0
26754 1444.0 663.0
26766 1479.0 656.0
26778 1514.0 644.0
26790 1546.0 626.0
26802 1572.0 602.0
26813 1594.0 575.0
26825 1610.0 543.0
26837 1620.0 511.0
26849 1622.0 480.0
26861 1618.0 453.0
26872 1605.0 428.0
26884 1584.0 406.0
26896 1556.0 387.0
26908 1523.0 370.0
26920 1484.0 357.0
26931 1444.0 349.0
26943 1403.0 346.0
26955 1362.0 349.0
26966 1322.0 357.0
26978 1284.0 372.0
26990 1252.0 392.0
27002 1223.0 417.0
27014 1203.0 441.0
27025 1192.0 464.0
27038 1192.0 479.0
27049 1202.0 488.0
27061 1219.0 489.0
27072 1244.0 483.0
27084 1269.0 472.0
27096 1294.0 456.0
27108 1315.0 435.0
27120 1332.0 409.0
27131 1344.0 378.0
27143 1351.0 347.0
27155 1351.0 315.0
27166 1344.0 285.0
27178 1331.0 261.0
27190 1311.0 243.0
27202 1283.0 230.0
27214 1247.0 223.0
27225 1205.0 221.0
27237 1158.0 226.0
27249 1108.0 237.0
27261 1059.0 252.0
27272 1012.0 272.0
27284 970.0 297.0
27296 934.0 326.0
27308 903.0 358.0
27320 879.0 392.0
27331 863.0 423.0
27343 859.0 447.0
27355 866.0 464.0
27367 883.0 472.0
27378 907.0 472.0
27390 934.0 466.0
27402 962.0 455.0
27414 988.0 437.0
27425 1010.0 416.0
27438 1025.0 390.0
27449 1031.0 359.0
27461 1029.0 327.0
27472 1020.0 296.0
27484 1005.0 271.0
27496 983.0 251.0
27508 956.0 236.0
27520 921.0 226.0
27531 879.0 221.0
27543 833.0 220.0
27555 784.0 225.0
27566 736.0 237.0
27578 691.0 255.0
27590 652.0 279.0
27602 618.0 309.0
27614 591.0 344.0
27625 572.0 382.0
27637 564.0 415.0
27649 569.0 443.0
27660 584.0 462.0
27672 607.0 472.0
27684 633.0 473.0
27696 663.0 468.0
27708 691.0 457.0
27719 715.0 440.0
27731 733.0 419.0
27743 742.0 393.0
27754 743.0 361.0
27766 735.0 325.0
27778 721.0 289.0
27790 703.0 258.0
27801 681.0 233.0
27813 655.0 215.0
27825 623.0 205.0
27837 585.0 202.0
27848 542.0 206.0
27860 497.0 218.0
27872 450.0 237.0
27884 404.0 265.0
27895 363.0 301.0
27907 328.0 342.0
27919 299.0 389.0
27931 278.0 441.0
27942 266.0 493.0
27954 264.0 544.0
27966 275.0 587.0
27978 300.0 618.0
27990 334.0 637.0
28001 377.0 645.0
28013 425.0 643.0
28025 474.0 634.0
28037 520.0 620.0
28048 559.0 601.0
28060 588.0 577.0
28072 605.0 551.0
28084 609.0 523.0
28095 606.0 498.0
28108 595.0 481.0
28119 578.0 472.0
28131 556.0 471.0
28143 527.0 480.0
28154 493.0 497.0
28166 455.0 522.0
28178 417.0 556.0
28190 383.0 595.0
28202 352.0 638.0
28213 330.0 683.0
28225 316.0 728.0
28237 313.0 768.0
28249 322.0 803.0
28261 340.0 828.0
28273 369.0 845.0
28284 406.0 852.0
28296 447.0 851.0
28308 491.0 841.0
28320 533.0 825.0
28332 571.0 802.0
28343 602.0 776.0
28355 624.0 745.0
28367 635.0 714.0
28379 639.0 687.0
28391 639.0 669.0
28403 635.0 660.0
28415 626.0 659.0
28426 613.0 667.0
28439 595.0 682.0
28450 572.0 704.0
28462 548.0 734.0
28474 527.0 768.0
28486 512.0 805.0
28498 506.0 841.0
28509 511.0 872.0
28521 528.0 897.0
28533 553.0 916.0
28545 585.0 928.0
28557 623.0 935.0
28569 663.0 936.0
28581 706.0 930.0
28593 748.0 917.0
28604 787.0 896.0
28616 821.0 866.0
28628 847.0 829.0
28640 868.0 789.0
28652 881.0 752.0
28664 887.0 727.0
28676 885.0 712.0
28688 876.0 708.0
28699 860.0 711.0
28711 839.0 722.0
28723 814.0 740.0
28735 788.0 765.0
28747 764.0 797.0
28759 745.0 833.0
28771 733.0 871.0
28783 732.0 909.0
28795 744.0 941.0
28806 769.0 965.0
28818 805.0 980.0
28830 849.0 986.0
28842 899.0 983.0
28854 951.0 973.0
28866 1002.0 954.0
28878 1048.0 927.0
28890 1087.0 889.0
28901 1119.0 844.0
28913 1146.0 798.0
28925 1167.0 755.0
28937 1182.0 720.0
28949 1190.0 694.0
28961 1190.0 675.0
28973 1184.0 661.0
28984 1173.0 652.0
28996 1160.0 649.0
29008 1143.0 652.0
29020 1126.0 663.0
29032 1106.0 683.0
29044 1087.0 711.0
29056 1069.0 747.0
29068 1053.0 787.0
29080 1045.0 828.0
29091 1048.0 863.0
29103 1065.0 889.0
29115 1096.0 907.0
29127 1138.0 918.0
29139 1187.0 921.0
29151 1239.0 917.0
29162 1292.0 906.0
29174 1340.0 887.0
29186 1384.0 856.0
29198 1421.0 818.0
29210 1449.0 772.0
29222 1470.0 727.0
29234 1481.0 688.0
29245 1484.0 660.0
29257 1477.0 643.0
29269 1460.0 633.0
29281 1436.0 631.0
29293 1405.0 636.0
29305 1371.0 650.0
29316 1336.0 672.0
29328 1305.0 699.0
29340 1283.0 728.0
29352 1273.0 753.0
29364 1275.0 773.0
29376 1288.0 784.0
29388 1310.0 787.0
29399 1337.0 783.0
29412 1368.0 774.0
29423 1399.0 760.0
29435 1431.0 741.0
29447 1459.0 714.0
29459 1483.0 678.0
29470 1501.0 635.0
29482 1512.0 588.0
29494 1515.0 542.0
29506 1513.0 504.0
29518 1509.0 476.0
29530 1499.0 458.0
29541 1486.0 447.0
29553 1467.0 443.0
29565 1445.0 447.0
29577 1421.0 457.0
29588 1396.0 473.0
29600 1373.0 495.0
29612 1353.0 522.0
29624 1339.0 549.0
29636 1336.0 573.0
29647 1347.0 589.0
29659 1371.0 593.0
29671 1407.0 588.0
29683 1447.0 575.0
29694 1489.0 556.0
29706 1528.0 531.0
29718 1561.0 498.0
29730 1587.0 459.0
29742 1605.0 417.0
29753 1614.0 375.0
29765 1615.0 338.0
29777 1607.0 309.0
29789 1591.0 288.0
29801 1567.0 271.0
29812 1533.0 260.0
29824 1492.0 255.0
29836 1447.0 257.0
29848 1400.0 267.0
29860 1350.0 286.0
29871 1303.0 314.0
29883 1258.0 348.0
29895 1220.0 387.0
29906 1193.0 422.0
29918 1178.0 451.0
29930 1178.0 469.0
29942 1193.0 476.0
29953 1217.0 471.0
29965 1247.0 455.0
29977 1277.0 431.0
29989 1305.0 400.0
30001 1328.0 362.0
30012 1344.0 319.0
30024 1354.0 274.0
30036 1357.0 230.0
30048 1351.0 192.0
30059 1340.0 160.0
