1395 1310.0 443.0
1407 1301.0 448.0
1418 1276.0 460.0
1430 1238.0 480.0
1442 1192.0 506.0
1453 1142.0 534.0
1465 1099.0 561.0
1477 1056.0 589.0
1489 1010.0 620.0
1501 962.0 651.0
1513 912.0 683.0
1525 859.0 716.0
1536 804.0 748.0
1549 749.0 780.0
1560 694.0 810.0
1572 642.0 837.0
1584 592.0 860.0
1596 545.0 878.0
1608 501.0 892.0
1620 461.0 899.0
1632 422.0 902.0
1644 385.0 901.0
1655 349.0 896.0
1668 316.0 885.0
1679 287.0 870.0
1691 262.0 851.0
1703 241.0 829.0
1715 224.0 803.0
1727 211.0 775.0
1738 203.0 746.0
1751 198.0 717.0
1762 195.0 687.0
1774 196.0 657.0
1786 199.0 627.0
1798 206.0 596.0
1809 218.0 566.0
1822 234.0 537.0
1833 253.0 511.0
1845 274.0 486.0
1857 297.0 466.0
1869 321.0 448.0
1880 347.0 434.0
1892 374.0 423.0
1904 402.0 415.0
1916 432.0 409.0
1928 462.0 404.0
1940 494.0 402.0
1951 526.0 402.0
1963 559.0 406.0
1975 592.0 411.0
1987 626.0 418.0
1999 659.0 427.0
2010 693.0 439.0
2022 725.0 453.0
2034 758.0 469.0
2046 790.0 486.0
2057 822.0 506.0
2070 854.0 527.0
2081 886.0 549.0
2093 918.0 572.0
2105 949.0 596.0
2117 980.0 620.0
2128 1011.0 645.0
2140 1042.0 671.0
2152 1074.0 697.0
2164 1108.0 721.0
2176 1142.0 744.0
2188 1179.0 765.0
2200 1217.0 786.0
2212 1255.0 804.0
2224 1294.0 820.0
2236 1332.0 835.0
2247 1371.0 847.0
2259 1409.0 856.0
2271 1448.0 861.0
2283 1485.0 863.0
2295 1521.0 861.0
2307 1553.0 855.0
2319 1583.0 846.0
2330 1611.0 833.0
2342 1636.0 817.0
2355 1658.0 799.0
2366 1676.0 778.0
2378 1692.0 755.0
2390 1706.0 729.0
2402 1716.0 700.0
2414 1724.0 669.0
2426 1729.0 637.0
2437 1733.0 604.0
2449 1736.0 571.0
2461 1737.0 539.0
2473 1737.0 507.0
2485 1736.0 475.0
2496 1732.0 444.0
2508 1727.0 415.0
2520 1719.0 387.0
2532 1708.0 361.0
2544 1694.0 338.0
2555 1677.0 317.0
2567 1656.0 299.0
2579 1631.0 284.0
2591 1604.0 273.0
2603 1574.0 265.0
2614 1542.0 261.0
2626 1507.0 261.0
2638 1469.0 266.0
2650 1429.0 274.0
2661 1388.0 285.0
2673 1347.0 299.0
2685 1305.0 316.0
2697 1263.0 338.0
2709 1220.0 362.0
2720 1177.0 388.0
2732 1133.0 417.0
2744 1088.0 449.0
2756 1044.0 482.0
2767 999.0 516.0
2779 954.0 550.0
2791 909.0 584.0
2803 864.0 617.0
2815 818.0 649.0
2827 774.0 679.0
2839 729.0 708.0
2850 685.0 735.0
2862 641.0 760.0
2874 596.0 784.0
2886 551.0 806.0
2898 507.0 826.0
2910 465.0 842.0
2922 424.0 854.0
2934 385.0 861.0
2946 349.0 862.0
2957 316.0 859.0
2969 287.0 850.0
2981 259.0 836.0
2993 235.0 817.0
3005 213.0 796.0
3017 195.0 771.0
3029 179.0 743.0
3041 167.0 713.0
3052 156.0 680.0
3064 149.0 644.0
3076 144.0 606.0
3088 143.0 567.0
3100 146.0 527.0
3111 153.0 489.0
3123 163.0 453.0
3135 176.0 420.0
3147 190.0 390.0
3159 207.0 363.0
3171 227.0 339.0
3182 250.0 320.0
3194 276.0 304.0
3206 305.0 293.0
3218 338.0 286.0
3229 374.0 282.0
3241 412.0 282.0
3253 450.0 284.0
3265 486.0 289.0
3276 522.0 296.0
3288 556.0 307.0
3300 593.0 320.0
3312 631.0 336.0
3324 670.0 354.0
3336 710.0 376.0
3347 750.0 400.0
3359 790.0 426.0
3371 829.0 454.0
3383 868.0 484.0
3394 906.0 514.0
3406 944.0 545.0
3418 981.0 578.0
3430 1020.0 611.0
3442 1059.0 644.0
3454 1098.0 676.0
3465 1138.0 708.0
3478 1177.0 738.0
3490 1217.0 766.0
3501 1256.0 791.0
3513 1296.0 814.0
3525 1335.0 833.0
3537 1374.0 850.0
3549 1414.0 865.0
3561 1454.0 876.0
3573 1493.0 884.0
3585 1531.0 887.0
3596 1567.0 884.0
3609 1600.0 876.0
3621 1630.0 864.0
3632 1656.0 849.0
3644 1680.0 830.0
3656 1700.0 809.0
3668 1716.0 784.0
3680 1731.0 757.0
3691 1742.0 726.0
3703 1751.0 692.0
3715 1758.0 657.0
3727 1763.0 622.0
3739 1767.0 589.0
3751 1769.0 557.0
3762 1770.0 525.0
3774 1768.0 494.0
3786 1763.0 465.0
3798 1755.0 438.0
3810 1742.0 411.0
3822 1725.0 387.0
3833 1704.0 365.0
3845 1681.0 347.0
3857 1655.0 333.0
3868 1627.0 322.0
3880 1596.0 315.0
3892 1562.0 312.0
3904 1526.0 312.0
3916 1487.0 317.0
3927 1446.0 326.0
3939 1404.0 337.0
3951 1360.0 352.0
3963 1315.0 370.0
3975 1269.0 391.0
3986 1221.0 415.0
3999 1174.0 441.0
4010 1125.0 470.0
4022 1075.0 500.0
4034 1024.0 533.0
4046 972.0 567.0
4057 920.0 602.0
4069 868.0 636.0
4081 818.0 671.0
4093 770.0 704.0
4105 722.0 736.0
4117 675.0 766.0
4129 627.0 797.0
4141 578.0 826.0
4153 532.0 852.0
4164 487.0 875.0
4176 444.0 894.0
4188 403.0 908.0
4201 366.0 916.0
4212 332.0 918.0
4224 300.0 916.0
4236 271.0 909.0
4248 246.0 896.0
4260 225.0 878.0
4272 207.0 855.0
4283 193.0 828.0
4295 182.0 798.0
4307 174.0 765.0
4319 169.0 732.0
4331 167.0 698.0
4343 167.0 663.0
4355 169.0 628.0
4366 173.0 594.0
4378 179.0 558.0
4390 188.0 520.0
4402 201.0 483.0
4414 216.0 448.0
4425 234.0 416.0
4438 254.0 388.0
4449 274.0 363.0
4461 295.0 344.0
4473 318.0 329.0
4485 342.0 319.0
4496 369.0 311.0
4508 402.0 307.0
4520 437.0 306.0
4532 473.0 308.0
4543 508.0 314.0
4555 544.0 324.0
4567 578.0 337.0
4579 613.0 352.0
4590 648.0 370.0
4603 683.0 392.0
4614 718.0 416.0
4626 755.0 442.0
4637 794.0 469.0
4649 833.0 497.0
4661 874.0 526.0
4673 915.0 555.0
4685 957.0 585.0
4697 998.0 615.0
4709 1040.0 646.0
4721 1082.0 676.0
4732 1124.0 707.0
4744 1166.0 737.0
4756 1211.0 766.0
4768 1256.0 791.0
4780 1301.0 813.0
4792 1346.0 830.0
4804 1390.0 844.0
4816 1434.0 854.0
4828 1477.0 859.0
4840 1520.0 861.0
4851 1560.0 859.0
4863 1600.0 852.0
4875 1637.0 841.0
4887 1673.0 827.0
4899 1707.0 809.0
4911 1738.0 787.0
4923 1766.0 763.0
4934 1791.0 735.0
4946 1812.0 706.0
4958 1829.0 676.0
4970 1842.0 646.0
4982 1851.0 616.0
4994 1856.0 586.0
5006 1856.0 557.0
5017 1853.0 526.0
5029 1845.0 495.0
5041 1832.0 463.0
5052 1816.0 432.0
5064 1796.0 406.0
5076 1775.0 383.0
5088 1753.0 363.0
5100 1728.0 346.0
5111 1700.0 331.0
5123 1668.0 320.0
5135 1632.0 311.0
5147 1594.0 306.0
5159 1553.0 305.0
5170 1512.0 308.0
5182 1470.0 315.0
5194 1428.0 324.0
5206 1385.0 336.0
5217 1344.0 349.0
5229 1303.0 366.0
5241 1261.0 384.0
5253 1220.0 405.0
5265 1179.0 428.0
5276 1137.0 454.0
5288 1095.0 482.0
5300 1053.0 511.0
5312 1012.0 543.0
5324 969.0 576.0
5335 926.0 611.0
5347 883.0 646.0
5359 840.0 679.0
5371 797.0 713.0
5383 754.0 745.0
5395 710.0 774.0
5407 666.0 801.0
5419 621.0 825.0
5431 578.0 846.0
5442 536.0 864.0
5454 495.0 879.0
5466 454.0 892.0
5478 412.0 901.0
5490 370.0 906.0
5502 329.0 908.0
5514 291.0 905.0
5526 256.0 897.0
5538 225.0 883.0
5550 199.0 864.0
5561 177.0 842.0
5573 160.0 817.0
5585 147.0 791.0
5597 136.0 762.0
5609 128.0 732.0
5621 124.0 701.0
5632 123.0 667.0
5644 125.0 634.0
5656 129.0 600.0
5668 136.0 566.0
5680 146.0 531.0
5691 158.0 496.0
5703 172.0 464.0
5715 188.0 435.0
5727 206.0 409.0
5739 225.0 387.0
5751 246.0 368.0
5762 269.0 352.0
5774 293.0 341.0
5786 319.0 333.0
5798 347.0 329.0
5809 376.0 328.0
5821 407.0 331.0
5833 438.0 336.0
5845 469.0 344.0
5857 499.0 356.0
5869 528.0 372.0
5880 557.0 390.0
5892 586.0 410.0
5904 616.0 433.0
5916 647.0 458.0
5927 678.0 485.0
5939 711.0 513.0
5951 744.0 541.0
5963 777.0 570.0
5975 811.0 600.0
5986 846.0 630.0
5998 882.0 661.0
6010 919.0 690.0
6022 957.0 718.0
6034 995.0 745.0
6046 1034.0 771.0
6058 1074.0 796.0
6070 1114.0 820.0
6082 1154.0 843.0
6093 1195.0 864.0
6106 1236.0 883.0
6117 1278.0 901.0
6129 1319.0 915.0
6141 1360.0 927.0
6153 1400.0 937.0
6165 1439.0 944.0
6177 1476.0 948.0
6189 1512.0 947.0
6201 1546.0 942.0
6212 1578.0 931.0
6224 1608.0 916.0
6236 1635.0 898.0
6248 1659.0 877.0
6260 1680.0 854.0
6272 1697.0 828.0
6284 1711.0 800.0
6295 1721.0 770.0
6307 1729.0 738.0
6319 1734.0 704.0
6331 1735.0 670.0
6343 1734.0 637.0
6355 1730.0 605.0
6367 1724.0 573.0
6378 1717.0 541.0
6390 1707.0 511.0
6402 1694.0 481.0
6414 1678.0 452.0
6426 1660.0 425.0
6438 1639.0 400.0
6450 1616.0 378.0
6461 1590.0 359.0
6473 1561.0 345.0
6485 1529.0 335.0
6496 1495.0 329.0
6508 1458.0 326.0
6520 1419.0 328.0
6532 1378.0 333.0
6544 1336.0 340.0
6556 1294.0 352.0
6567 1251.0 367.0
6579 1209.0 385.0
6591 1166.0 408.0
6603 1122.0 433.0
6614 1078.0 460.0
6626 1035.0 487.0
6638 992.0 516.0
6650 948.0 545.0
6662 904.0 574.0
6673 861.0 604.0
6685 819.0 634.0
6697 776.0 665.0
6709 733.0 696.0
6721 689.0 726.0
6733 644.0 756.0
6744 600.0 785.0
6757 556.0 811.0
6769 515.0 834.0
6780 475.0 853.0
6792 437.0 869.0
6804 399.0 882.0
6816 362.0 893.0
6828 327.0 899.0
6840 294.0 901.0
6852 264.0 897.0
6863 237.0 888.0
6875 214.0 872.0
6887 194.0 851.0
6899 178.0 826.0
6911 165.0 798.0
6923 157.0 767.0
6934 152.0 733.0
6946 152.0 698.0
6958 154.0 661.0
6970 160.0 625.0
6982 170.0 588.0
6993 182.0 553.0
7005 196.0 519.0
7018 210.0 488.0
7029 226.0 459.0
7041 243.0 433.0
7052 261.0 411.0
7064 281.0 391.0
7076 302.0 374.0
7088 326.0 360.0
7100 351.0 349.0
7111 377.0 342.0
7123 405.0 337.0
7135 433.0 336.0
7147 461.0 337.0
7159 491.0 341.0
7170 522.0 346.0
7182 554.0 355.0
7194 588.0 366.0
7206 623.0 380.0
7218 660.0 397.0
7229 696.0 417.0
7241 732.0 438.0
7253 767.0 461.0
7265 802.0 486.0
7277 837.0 512.0
7289 874.0 539.0
7301 911.0 567.0
7312 947.0 595.0
7324 984.0 623.0
7336 1021.0 650.0
7348 1058.0 677.0
7360 1095.0 703.0
7372 1132.0 729.0
7383 1170.0 753.0
7395 1209.0 775.0
7408 1249.0 796.0
7419 1288.0 814.0
7431 1328.0 830.0
7443 1368.0 842.0
7455 1407.0 850.0
7467 1446.0 854.0
7478 1484.0 854.0
7491 1522.0 849.0
7503 1558.0 840.0
7514 1593.0 828.0
7526 1626.0 812.0
7538 1656.0 795.0
7550 1682.0 777.0
7562 1705.0 757.0
7574 1724.0 734.0
7585 1741.0 709.0
7597 1753.0 681.0
7609 1761.0 651.0
7621 1765.0 620.0
7633 1767.0 589.0
7644 1767.0 559.0
7656 1765.0 530.0
7668 1760.0 501.0
7680 1753.0 473.0
7692 1743.0 446.0
7704 1730.0 419.0
7715 1713.0 394.0
7727 1692.0 371.0
7739 1669.0 351.0
7751 1642.0 335.0
7763 1611.0 321.0
7774 1577.0 311.0
7786 1541.0 304.0
7798 1503.0 300.0
7810 1464.0 300.0
7821 1424.0 303.0
7833 1383.0 310.0
7845 1341.0 320.0
7857 1298.0 333.0
7869 1254.0 349.0
7880 1208.0 370.0
7892 1160.0 394.0
7904 1112.0 420.0
7916 1065.0 447.0
7928 1018.0 476.0
7940 970.0 506.0
7951 921.0 538.0
7963 870.0 573.0
7975 818.0 609.0
7987 766.0 646.0
7999 715.0 682.0
8010 665.0 716.0
8023 614.0 748.0
8034 565.0 778.0
8046 518.0 803.0
8058 472.0 824.0
8070 428.0 841.0
8082 386.0 851.0
8093 346.0 854.0
8106 310.0 851.0
8117 278.0 843.0
8129 251.0 829.0
8141 228.0 811.0
8153 209.0 789.0
8165 195.0 766.0
8177 184.0 740.0
8189 176.0 713.0
8200 172.0 684.0
8212 173.0 652.0
8224 179.0 618.0
8236 189.0 582.0
8248 202.0 548.0
8259 218.0 516.0
8271 236.0 486.0
8283 257.0 461.0
8295 282.0 438.0
8307 312.0 418.0
8318 344.0 402.0
8330 379.0 390.0
8342 416.0 383.0
8354 455.0 381.0
8365 496.0 383.0
8377 537.0 388.0
8389 578.0 396.0
8401 619.0 406.0
8413 661.0 418.0
8424 702.0 433.0
8436 743.0 451.0
8448 781.0 472.0
8460 819.0 497.0
8472 856.0 525.0
8484 893.0 556.0
8495 931.0 588.0
8507 969.0 621.0
8519 1008.0 654.0
8531 1047.0 685.0
8543 1086.0 714.0
8555 1124.0 742.0
8566 1163.0 768.0
8578 1203.0 792.0
8590 1242.0 814.0
8602 1282.0 833.0
8614 1323.0 849.0
8626 1364.0 861.0
8638 1406.0 869.0
8649 1447.0 873.0
8661 1486.0 873.0
8673 1524.0 868.0
8685 1559.0 860.0
8697 1593.0 848.0
8709 1624.0 832.0
8721 1653.0 814.0
8733 1679.0 794.0
8745 1702.0 773.0
8756 1722.0 750.0
8768 1738.0 725.0
8780 1751.0 698.0
8792 1761.0 669.0
8804 1768.0 639.0
8815 1773.0 608.0
8828 1776.0 577.0
8839 1777.0 547.0
8851 1776.0 518.0
8863 1773.0 490.0
8874 1767.0 464.0
8886 1761.0 440.0
8898 1753.0 417.0
8910 1743.0 395.0
8922 1730.0 376.0
8933 1712.0 359.0
8945 1691.0 345.0
8957 1666.0 335.0
8969 1638.0 329.0
8981 1607.0 326.0
8992 1575.0 326.0
9004 1542.0 327.0
9016 1506.0 330.0
9028 1469.0 335.0
9040 1431.0 342.0
9051 1392.0 350.0
9063 1355.0 361.0
9075 1318.0 375.0
9087 1280.0 391.0
9099 1241.0 409.0
9110 1202.0 429.0
9122 1161.0 451.0
9134 1119.0 476.0
9146 1077.0 502.0
9158 1033.0 528.0
9169 989.0 557.0
9181 945.0 587.0
9193 899.0 619.0
9205 854.0 650.0
9217 810.0 681.0
9229 768.0 709.0
9241 726.0 737.0
9253 685.0 764.0
9264 642.0 791.0
9276 599.0 816.0
9288 557.0 839.0
9300 516.0 859.0
9312 477.0 874.0
9324 439.0 885.0
9336 403.0 893.0
9348 370.0 895.0
9360 339.0 892.0
9371 311.0 884.0
9383 286.0 871.0
9395 265.0 855.0
9407 247.0 835.0
9419 232.0 812.0
9431 219.0 788.0
9443 209.0 762.0
9454 202.0 735.0
9466 197.0 706.0
9479 193.0 678.0
9490 190.0 648.0
9502 188.0 617.0
9514 188.0 587.0
9525 190.0 556.0
9537 194.0 528.0
9549 200.0 501.0
9561 209.0 477.0
9573 221.0 454.0
9584 237.0 431.0
9596 257.0 409.0
9608 281.0 388.0
9620 308.0 370.0
9632 336.0 355.0
9644 366.0 343.0
9655 398.0 336.0
9667 431.0 332.0
9679 464.0 332.0
9691 499.0 335.0
9703 536.0 341.0
9714 574.0 349.0
9726 612.0 362.0
9738 649.0 377.0
9749 685.0 396.0
9762 721.0 418.0
9773 756.0 441.0
9785 790.0 466.0
9797 825.0 492.0
9809 860.0 520.0
9820 896.0 548.0
9832 932.0 579.0
9844 969.0 611.0
9856 1006.0 643.0
9868 1041.0 674.0
9880 1077.0 706.0
9892 1115.0 738.0
9904 1154.0 769.0
9916 1196.0 797.0
9927 1239.0 821.0
9939 1282.0 842.0
9951 1325.0 858.0
9963 1369.0 872.0
9975 1414.0 881.0
9987 1460.0 886.0
9999 1506.0 888.0
10010 1552.0 886.0
10022 1595.0 880.0
10034 1636.0 869.0
10046 1674.0 856.0
10058 1709.0 840.0
10070 1740.0 821.0
10082 1767.0 801.0
10094 1790.0 780.0
10105 1809.0 758.0
10117 1824.0 735.0
10129 1836.0 710.0
10141 1844.0 684.0
10153 1848.0 658.0
10164 1848.0 630.0
10176 1845.0 601.0
10188 1838.0 573.0
10200 1826.0 546.0
10212 1810.0 518.0
10223 1789.0 491.0
10235 1766.0 465.0
10247 1739.0 441.0
10259 1711.0 420.0
10271 1682.0 401.0
10283 1649.0 385.0
10294 1615.0 372.0
10306 1577.0 363.0
10318 1536.0 356.0
10329 1492.0 353.0
10342 1446.0 353.0
10353 1400.0 358.0
10365 1354.0 366.0
10377 1307.0 377.0
10388 1261.0 391.0
10400 1215.0 409.0
10412 1169.0 430.0
10424 1121.0 455.0
10436 1071.0 482.0
10448 1020.0 512.0
10460 968.0 543.0
10471 916.0 577.0
10483 865.0 611.0
10495 816.0 644.0
10507 768.0 676.0
10519 720.0 707.0
10531 674.0 735.0
10542 627.0 761.0
10554 581.0 784.0
10566 536.0 806.0
10578 493.0 826.0
10590 451.0 844.0
10602 410.0 859.0
10614 373.0 870.0
10626 337.0 877.0
10638 305.0 879.0
10649 276.0 875.0
10661 251.0 866.0
10673 228.0 852.0
10685 209.0 834.0
10697 192.0 812.0
10709 179.0 787.0
10721 168.0 760.0
10732 162.0 732.0
10744 159.0 701.0
10756 160.0 670.0
10768 162.0 638.0
10780 168.0 606.0
10792 176.0 573.0
10803 186.0 543.0
10815 196.0 515.0
10827 206.0 490.0
10839 217.0 468.0
10850 229.0 449.0
10862 244.0 432.0
10874 262.0 417.0
10886 283.0 402.0
10898 307.0 389.0
10910 334.0 377.0
10922 362.0 368.0
10933 390.0 361.0
10945 418.0 356.0
10957 446.0 354.0
10969 474.0 353.0
10981 504.0 356.0
10992 534.0 361.0
11004 566.0 369.0
11016 598.0 379.0
11028 632.0 391.0
11039 667.0 406.0
11051 702.0 423.0
11063 736.0 444.0
11075 770.0 466.0
11087 803.0 488.0
11099 837.0 513.0
11110 871.0 540.0
11123 904.0 569.0
11134 937.0 599.0
11146 970.0 631.0
11158 1003.0 662.0
11170 1036.0 693.0
11182 1069.0 722.0
11193 1103.0 750.0
11205 1139.0 775.0
11218 1175.0 798.0
11229 1211.0 819.0
11241 1247.0 838.0
11253 1283.0 853.0
11265 1319.0 866.0
11277 1356.0 875.0
11289 1394.0 880.0
11301 1431.0 882.0
11312 1467.0 881.0
11324 1502.0 876.0
11336 1537.0 870.0
11348 1572.0 862.0
11360 1605.0 851.0
11372 1636.0 839.0
11384 1666.0 823.0
11395 1693.0 805.0
11407 1717.0 784.0
11419 1737.0 760.0
11431 1753.0 733.0
11443 1767.0 703.0
11455 1779.0 673.0
11466 1790.0 643.0
11478 1798.0 614.0
11490 1802.0 584.0
11502 1804.0 555.0
11514 1804.0 526.0
11526 1800.0 496.0
11538 1794.0 469.0
11549 1785.0 443.0
11561 1772.0 419.0
11573 1758.0 399.0
11585 1741.0 381.0
11596 1721.0 365.0
11608 1696.0 351.0
11621 1667.0 340.0
11632 1635.0 331.0
11643 1598.0 327.0
11655 1560.0 325.0
11667 1520.0 327.0
11679 1480.0 331.0
11691 1439.0 337.0
11702 1398.0 346.0
11714 1356.0 358.0
11726 1314.0 374.0
11738 1269.0 393.0
11750 1222.0 415.0
11762 1175.0 439.0
11774 1127.0 465.0
11785 1080.0 492.0
11797 1032.0 520.0
11809 985.0 548.0
11821 936.0 578.0
11833 888.0 608.0
11844 839.0 638.0
11856 792.0 668.0
11868 744.0 698.0
11880 696.0 727.0
11892 649.0 756.0
11904 603.0 782.0
11916 559.0 805.0
11928 516.0 825.0
11940 474.0 843.0
11951 434.0 857.0
11963 395.0 867.0
11975 358.0 874.0
11987 324.0 876.0
11999 294.0 874.0
12011 268.0 866.0
12023 244.0 854.0
12034 224.0 837.0
12046 207.0 817.0
12058 194.0 794.0
12070 182.0 770.0
12082 173.0 745.0
12094 167.0 719.0
12105 164.0 693.0
12117 163.0 667.0
12129 163.0 640.0
12141 166.0 612.0
12153 172.0 583.0
12165 179.0 555.0
12177 189.0 527.0
12188 199.0 500.0
12200 212.0 475.0
12212 228.0 452.0
12224 246.0 432.0
12236 267.0 413.0
12247 290.0 398.0
12259 315.0 385.0
12271 342.0 375.0
12283 370.0 367.0
12295 399.0 363.0
12307 428.0 360.0
12318 457.0 360.0
12330 486.0 362.0
12342 516.0 366.0
12353 546.0 373.0
12365 579.0 381.0
12377 612.0 391.0
12389 646.0 404.0
12401 680.0 419.0
12412 715.0 436.0
12424 749.0 456.0
12436 782.0 477.0
12448 816.0 500.0
12460 849.0 525.0
12472 884.0 552.0
12484 919.0 580.0
12495 953.0 608.0
12507 988.0 637.0
12519 1022.0 665.0
12531 1058.0 692.0
12543 1093.0 718.0
12555 1130.0 744.0
12567 1168.0 768.0
12579 1206.0 791.0
12590 1245.0 811.0
12602 1283.0 828.0
12614 1321.0 843.0
12626 1360.0 854.0
12638 1399.0 861.0
12650 1439.0 864.0
12662 1477.0 865.0
12673 1513.0 862.0
12685 1547.0 857.0
12697 1581.0 848.0
12709 1614.0 836.0
12721 1644.0 821.0
12733 1671.0 804.0
12745 1695.0 785.0
12757 1715.0 763.0
12769 1731.0 740.0
12781 1745.0 714.0
12792 1756.0 687.0
12804 1764.0 658.0
12816 1769.0 629.0
12828 1772.0 599.0
12840 1772.0 570.0
12851 1769.0 541.0
12863 1763.0 514.0
12875 1754.0 487.0
12887 1740.0 462.0
12899 1721.0 438.0
12910 1699.0 417.0
12922 1672.0 399.0
12934 1642.0 385.0
12946 1609.0 375.0
12958 1573.0 367.0
12969 1534.0 363.0
12981 1494.0 362.0
12993 1453.0 363.0
13005 1411.0 367.0
13017 1368.0 373.0
13029 1324.0 383.0
13040 1278.0 396.0
13052 1231.0 411.0
13064 1184.0 430.0
13076 1137.0 452.0
13088 1090.0 476.0
13099 1045.0 502.0
13111 1002.0 528.0
13123 959.0 555.0
13135 917.0 583.0
13147 874.0 611.0
13159 830.0 638.0
13171 787.0 665.0
13182 745.0 692.0
13194 703.0 718.0
13206 662.0 742.0
13218 622.0 764.0
13230 584.0 782.0
13242 548.0 797.0
13254 514.0 808.0
13266 481.0 815.0
13277 449.0 817.0
13289 419.0 815.0
13301 389.0 810.0
13313 361.0 802.0
13325 336.0 791.0
13337 314.0 777.0
13349 295.0 760.0
13361 277.0 742.0
13372 261.0 722.0
13384 246.0 700.0
13396 233.0 678.0
13408 220.0 654.0
13420 209.0 630.0
13431 201.0 605.0
13443 197.0 579.0
13455 196.0 553.0
13467 198.0 528.0
13479 204.0 504.0
13490 214.0 482.0
13502 227.0 462.0
13514 245.0 444.0
13526 266.0 427.0
13538 291.0 412.0
13549 320.0 399.0
13561 354.0 387.0
13573 390.0 379.0
13585 427.0 373.0
13597 465.0 371.0
13608 504.0 373.0
13620 543.0 377.0
13632 583.0 384.0
13644 623.0 394.0
13655 664.0 406.0
13667 704.0 420.0
13679 744.0 435.0
13691 784.0 453.0
13703 824.0 472.0
13714 863.0 493.0
13727 902.0 517.0
13738 939.0 543.0
13750 977.0 573.0
13762 1013.0 603.0
13774 1049.0 633.0
13786 1084.0 662.0
13798 1117.0 691.0
13809 1149.0 720.0
13821 1183.0 749.0
13833 1217.0 777.0
13845 1251.0 802.0
13857 1285.0 826.0
13869 1321.0 846.0
13881 1359.0 863.0
13893 1398.0 875.0
13904 1439.0 883.0
13916 1479.0 887.0
13929 1519.0 886.0
13940 1557.0 881.0
13952 1595.0 873.0
13964 1631.0 861.0
13976 1666.0 846.0
13988 1699.0 828.0
14000 1729.0 808.0
14011 1754.0 786.0
14024 1775.0 761.0
14035 1793.0 734.0
14047 1807.0 706.0
14059 1819.0 678.0
14071 1829.0 648.0
14082 1835.0 619.0
14094 1836.0 590.0
14106 1834.0 562.0
14118 1826.0 533.0
14130 1812.0 505.0
14141 1793.0 479.0
14153 1769.0 455.0
14165 1739.0 434.0
14177 1707.0 417.0
14189 1672.0 403.0
14200 1637.0 393.0
14212 1599.0 385.0
14224 1560.0 381.0
14236 1518.0 381.0
14248 1474.0 385.0
14259 1428.0 392.0
14271 1380.0 404.0
14283 1331.0 418.0
14295 1281.0 435.0
14307 1232.0 455.0
14318 1184.0 475.0
14330 1139.0 497.0
14342 1095.0 520.0
14354 1050.0 545.0
14366 1005.0 572.0
14378 957.0 602.0
14390 908.0 635.0
14401 858.0 670.0
14413 807.0 705.0
14425 756.0 741.0
14437 707.0 775.0
14449 658.0 807.0
14461 612.0 837.0
14473 567.0 865.0
14485 524.0 890.0
14496 483.0 912.0
14508 444.0 930.0
14520 407.0 943.0
14532 372.0 951.0
14544 340.0 953.0
14556 311.0 949.0
14568 286.0 941.0
14580 263.0 928.0
14591 243.0 910.0
14603 226.0 889.0
14615 211.0 865.0
14627 200.0 839.0
14639 192.0 812.0
14651 185.0 785.0
14663 180.0 756.0
14675 176.0 727.0
14686 175.0 697.0
14698 176.0 667.0
14710 179.0 637.0
14722 185.0 608.0
14734 192.0 578.0
14746 202.0 550.0
14757 214.0 525.0
14769 228.0 502.0
14781 245.0 481.0
14793 264.0 461.0
14805 285.0 442.0
14816 308.0 424.0
14828 334.0 407.0
14840 362.0 393.0
14852 391.0 381.0
14863 421.0 373.0
14875 452.0 368.0
14888 483.0 365.0
14899 515.0 365.0
14911 548.0 369.0
14923 582.0 376.0
14934 618.0 386.0
14946 655.0 399.0
14958 692.0 416.0
14970 729.0 437.0
14982 766.0 460.0
14993 804.0 485.0
15005 843.0 511.0
15017 882.0 540.0
15029 921.0 572.0
15041 959.0 604.0
15053 996.0 637.0
15064 1032.0 670.0
15076 1069.0 702.0
15088 1108.0 732.0
15100 1149.0 760.0
15112 1190.0 786.0
15124 1232.0 808.0
15136 1275.0 827.0
15147 1318.0 843.0
15159 1361.0 855.0
15172 1403.0 863.0
15183 1445.0 868.0
15195 1485.0 869.0
15207 1523.0 866.0
15219 1559.0 860.0
15230 1593.0 849.0
15242 1624.0 835.0
15254 1652.0 818.0
15266 1678.0 799.0
15278 1699.0 777.0
15290 1718.0 753.0
15302 1733.0 728.0
15313 1745.0 700.0
15326 1754.0 672.0
15337 1759.0 643.0
15349 1762.0 613.0
15361 1763.0 583.0
15373 1762.0 552.0
15384 1758.0 522.0
15396 1752.0 493.0
15408 1743.0 465.0
15420 1730.0 440.0
15432 1713.0 416.0
15443 1694.0 395.0
15455 1672.0 377.0
15467 1647.0 361.0
15479 1619.0 349.0
15491 1587.0 340.0
15502 1553.0 334.0
15514 1514.0 333.0
15527 1473.0 335.0
15538 1430.0 340.0
15550 1387.0 348.0
15561 1343.0 359.0
15573 1299.0 372.0
15585 1255.0 389.0
15597 1211.0 409.0
15608 1167.0 433.0
15620 1123.0 460.0
15632 1079.0 490.0
15644 1033.0 522.0
15656 987.0 557.0
15668 938.0 594.0
15679 888.0 632.0
15691 839.0 668.0
15703 792.0 702.0
15715 747.0 733.0
15727 703.0 763.0
15739 660.0 792.0
15751 618.0 818.0
15763 577.0 840.0
15775 536.0 858.0
15786 497.0 870.0
15798 458.0 877.0
15810 420.0 880.0
15822 384.0 877.0
15834 350.0 869.0
15846 318.0 858.0
15858 290.0 842.0
15869 266.0 824.0
15881 244.0 805.0
15893 226.0 783.0
15905 210.0 760.0
15917 198.0 736.0
15929 188.0 711.0
15941 181.0 683.0
15953 176.0 655.0
15964 176.0 626.0
15976 180.0 597.0
15988 187.0 569.0
16000 196.0 544.0
16011 207.0 522.0
16024 221.0 503.0
16035 237.0 485.0
16047 257.0 469.0
16059 279.0 455.0
16071 304.0 442.0
16082 331.0 433.0
16094 359.0 427.0
16106 389.0 424.0
16118 419.0 424.0
16129 449.0 426.0
16141 480.0 431.0
16153 510.0 439.0
16165 541.0 449.0
16177 572.0 461.0
16189 604.0 474.0
16200 636.0 491.0
16212 667.0 510.0
16225 698.0 530.0
16236 728.0 551.0
16248 758.0 574.0
16260 787.0 598.0
16272 816.0 623.0
16283 845.0 649.0
16296 875.0 675.0
16307 904.0 700.0
16320 933.0 724.0
16331 962.0 748.0
16343 994.0 772.0
16355 1026.0 794.0
16367 1060.0 816.0
16379 1094.0 836.0
16390 1129.0 854.0
16402 1164.0 870.0
16414 1201.0 885.0
16426 1240.0 899.0
16438 1279.0 911.0
16450 1320.0 922.0
16462 1361.0 932.0
16474 1402.0 940.0
16485 1442.0 945.0
16498 1481.0 948.0
16509 1518.0 947.0
16522 1552.0 942.0
16533 1583.0 935.0
16545 1611.0 924.0
16557 1638.0 912.0
16569 1661.0 899.0
16581 1681.0 884.0
16593 1699.0 867.0
16605 1715.0 848.0
16617 1730.0 826.0
16629 1743.0 802.0
16640 1753.0 776.0
16652 1760.0 749.0
16664 1765.0 721.0
16676 1768.0 693.0
16688 1768.0 665.0
16699 1767.0 636.0
16711 1765.0 607.0
16724 1762.0 578.0
16735 1757.0 550.0
16747 1750.0 524.0
16759 1740.0 500.0
16770 1725.0 480.0
16782 1706.0 461.0
16794 1682.0 445.0
16806 1653.0 432.0
16818 1622.0 424.0
16829 1589.0 419.0
16841 1555.0 418.0
16853 1519.0 421.0
16865 1480.0 426.0
16877 1438.0 435.0
16889 1393.0 448.0
16900 1345.0 465.0
16912 1293.0 485.0
16924 1239.0 506.0
16936 1182.0 529.0
16948 1127.0 552.0
16959 1072.0 576.0
16971 1016.0 601.0
16983 959.0 627.0
16995 901.0 653.0
17007 842.0 680.0
17019 784.0 706.0
17031 726.0 730.0
17042 669.0 753.0
17054 614.0 773.0
17066 561.0 791.0
17078 511.0 805.0
17090 464.0 816.0
17102 418.0 821.0
17114 376.0 823.0
17126 337.0 821.0
17138 301.0 815.0
17149 270.0 804.0
17161 244.0 789.0
17173 221.0 771.0
17185 201.0 749.0
17197 185.0 725.0
17209 172.0 698.0
17221 162.0 670.0
17232 157.0 641.0
17244 155.0 610.0
17256 157.0 577.0
17268 164.0 545.0
17280 175.0 513.0
17291 189.0 484.0
17303 207.0 457.0
17315 230.0 432.0
17327 257.0 408.0
17339 290.0 386.0
17350 326.0 366.0
17362 365.0 349.0
17374 405.0 336.0
17386 444.0 328.0
17398 483.0 324.0
17409 522.0 326.0
17421 561.0 332.0
17433 600.0 343.0
17445 641.0 359.0
17456 681.0 379.0
17469 722.0 404.0
17480 762.0 430.0
17492 801.0 458.0
17504 841.0 488.0
17515 881.0 519.0
17528 922.0 551.0
17539 963.0 586.0
17551 1004.0 620.0
17563 1045.0 654.0
17575 1087.0 687.0
17587 1129.0 718.0
17599 1173.0 748.0
17610 1217.0 775.0
17623 1262.0 799.0
17634 1306.0 818.0
17646 1349.0 833.0
17658 1391.0 844.0
17670 1432.0 850.0
17682 1472.0 852.0
17694 1510.0 849.0
17706 1548.0 841.0
17718 1583.0 828.0
17730 1617.0 811.0
17741 1648.0 790.0
17753 1675.0 765.0
17765 1699.0 738.0
17777 1721.0 708.0
17789 1738.0 678.0
17800 1752.0 647.0
17812 1760.0 615.0
17824 1764.0 583.0
17836 1765.0 550.0
17848 1762.0 518.0
17860 1755.0 487.0
17871 1745.0 459.0
17883 1729.0 433.0
17895 1709.0 411.0
17907 1683.0 392.0
17918 1651.0 376.0
17930 1613.0 365.0
17942 1570.0 358.0
17954 1523.0 355.0
17966 1475.0 356.0
17977 1424.0 361.0
17989 1374.0 368.0
18001 1323.0 379.0
18013 1273.0 392.0
18025 1221.0 409.0
18037 1168.0 431.0
18048 1113.0 457.0
18061 1057.0 487.0
18072 999.0 521.0
18084 938.0 558.0
18096 877.0 598.0
18108 816.0 639.0
18120 755.0 680.0
18131 697.0 720.0
18143 641.0 759.0
18155 587.0 796.0
18167 535.0 828.0
18179 487.0 855.0
18191 441.0 879.0
18203 397.0 897.0
18214 357.0 910.0
18227 320.0 918.0
18238 286.0 920.0
18250 254.0 916.0
18262 226.0 906.0
18274 201.0 892.0
18286 179.0 872.0
18298 162.0 848.0
18310 147.0 820.0
18322 135.0 789.0
18333 127.0 756.0
18345 121.0 723.0
18357 119.0 689.0
18369 118.0 654.0
18381 120.0 619.0
18392 122.0 585.0
18404 128.0 552.0
18416 136.0 520.0
18428 147.0 488.0
18440 160.0 458.0
18452 176.0 432.0
18464 195.0 408.0
18475 215.0 388.0
18487 237.0 370.0
18499 261.0 355.0
18510 287.0 343.0
18522 317.0 334.0
18534 350.0 326.0
18546 383.0 322.0
18558 415.0 321.0
18569 449.0 325.0
18581 484.0 332.0
18593 519.0 342.0
18605 554.0 357.0
18616 591.0 377.0
18628 628.0 400.0
18640 666.0 428.0
18652 703.0 458.0
18664 739.0 491.0
18675 774.0 525.0
18688 810.0 560.0
18699 847.0 596.0
18711 886.0 632.0
18723 925.0 667.0
18735 965.0 701.0
18747 1005.0 732.0
18758 1048.0 760.0
18770 1092.0 785.0
18782 1138.0 808.0
18794 1186.0 827.0
18806 1236.0 844.0
18818 1287.0 859.0
18830 1340.0 870.0
18842 1392.0 878.0
18853 1443.0 885.0
18865 1491.0 888.0
18877 1537.0 887.0
18889 1578.0 882.0
18901 1617.0 874.0
18913 1652.0 862.0
18925 1684.0 846.0
18936 1712.0 826.0
18948 1737.0 803.0
18960 1757.0 777.0
18972 1773.0 747.0
18984 1785.0 714.0
18996 1794.0 681.0
19007 1800.0 648.0
19020 1802.0 615.0
19031 1802.0 582.0
19043 1799.0 552.0
19055 1792.0 522.0
19067 1781.0 493.0
19078 1766.0 466.0
19090 1747.0 441.0
19102 1722.0 419.0
19114 1691.0 401.0
19126 1655.0 388.0
19137 1615.0 379.0
19149 1572.0 375.0
19161 1530.0 373.0
19173 1489.0 374.0
19185 1449.0 376.0
19197 1408.0 380.0
19208 1365.0 388.0
19221 1320.0 400.0
19232 1274.0 415.0
19244 1226.0 434.0
19256 1178.0 455.0
19268 1129.0 478.0
19279 1081.0 503.0
19291 1031.0 531.0
19303 982.0 560.0
19315 932.0 591.0
19327 883.0 623.0
19339 835.0 656.0
19350 787.0 688.0
19362 739.0 721.0
19374 692.0 754.0
19386 643.0 785.0
19398 594.0 813.0
19410 547.0 837.0
19422 504.0 855.0
19434 463.0 868.0
19445 424.0 878.0
19458 385.0 884.0
19470 348.0 887.0
19481 314.0 886.0
19493 283.0 880.0
19505 255.0 871.0
19517 230.0 858.0
19529 209.0 842.0
19541 192.0 822.0
19553 179.0 797.0
19564 169.0 770.0
19576 161.0 740.0
19588 157.0 709.0
19600 156.0 678.0
19612 157.0 647.0
19624 161.0 615.0
19636 170.0 582.0
19648 182.0 549.0
19659 199.0 515.0
19671 219.0 482.0
19683 244.0 451.0
19695 271.0 422.0
19707 300.0 395.0
19719 331.0 374.0
19730 364.0 358.0
19742 396.0 349.0
19754 429.0 347.0
19766 464.0 350.0
19777 500.0 357.0
19789 538.0 369.0
19801 577.0 385.0
19813 615.0 404.0
19824 652.0 426.0
19836 688.0 451.0
19848 723.0 476.0
19860 758.0 502.0
19872 794.0 528.0
19884 832.0 554.0
19896 873.0 581.0
19907 915.0 608.0
19920 959.0 633.0
19932 1002.0 657.0
19943 1045.0 680.0
19955 1088.0 702.0
19967 1131.0 724.0
19979 1176.0 746.0
19991 1220.0 767.0
20003 1265.0 786.0
20015 1310.0 804.0
20027 1354.0 819.0
20039 1398.0 832.0
20051 1441.0 842.0
20062 1482.0 847.0
20074 1522.0 849.0
20086 1558.0 845.0
20098 1593.0 837.0
20110 1625.0 824.0
20122 1655.0 808.0
20134 1683.0 789.0
20146 1708.0 768.0
20158 1730.0 743.0
20169 1749.0 716.0
20181 1765.0 687.0
20193 1778.0 655.0
20205 1788.0 621.0
20217 1794.0 585.0
20229 1797.0 550.0
20241 1795.0 515.0
20252 1789.0 482.0
20264 1777.0 450.0
20276 1762.0 420.0
20288 1743.0 393.0
20300 1721.0 368.0
20311 1695.0 345.0
20323 1667.0 324.0
20335 1637.0 307.0
20347 1603.0 294.0
20359 1565.0 286.0
20371 1523.0 283.0
20382 1479.0 283.0
20394 1433.0 289.0
20406 1387.0 298.0
20418 1339.0 313.0
20429 1290.0 331.0
20441 1239.0 353.0
20453 1188.0 377.0
20465 1135.0 403.0
20477 1081.0 431.0
20489 1027.0 460.0
20501 972.0 489.0
20512 916.0 519.0
20524 859.0 550.0
20536 801.0 582.0
20548 745.0 612.0
20560 692.0 643.0
20572 640.0 674.0
20584 588.0 705.0
20596 538.0 736.0
20608 488.0 766.0
20619 439.0 794.0
20631 391.0 820.0
20644 346.0 842.0
20655 303.0 861.0
20667 264.0 875.0
20679 228.0 885.0
20691 196.0 889.0
20703 168.0 888.0
20715 145.0 881.0
20727 126.0 868.0
20738 111.0 851.0
20750 100.0 829.0
20762 92.0 802.0
20775 90.0 770.0
20786 93.0 734.0
20798 102.0 694.0
20810 115.0 651.0
20821 132.0 608.0
20833 151.0 566.0
20845 173.0 525.0
20857 196.0 487.0
20869 222.0 453.0
20881 249.0 422.0
20893 278.0 395.0
20905 308.0 373.0
20916 340.0 355.0
20928 373.0 342.0
20940 406.0 335.0
20952 437.0 334.0
20963 467.0 339.0
20976 496.0 348.0
20987 524.0 363.0
20999 553.0 381.0
21011 583.0 401.0
21023 616.0 424.0
21034 650.0 449.0
21046 685.0 474.0
21058 721.0 501.0
21070 758.0 529.0
21082 795.0 558.0
21094 835.0 589.0
21106 877.0 620.0
21118 920.0 652.0
21129 964.0 682.0
21142 1009.0 710.0
21153 1056.0 736.0
21165 1105.0 760.0
21177 1156.0 780.0
21189 1209.0 796.0
21201 1263.0 807.0
21213 1316.0 815.0
21225 1368.0 819.0
21236 1419.0 819.0
21248 1468.0 816.0
21260 1514.0 809.0
21272 1557.0 799.0
21284 1596.0 786.0
21296 1631.0 770.0
21308 1663.0 752.0
21319 1691.0 730.0
21331 1717.0 706.0
21343 1738.0 681.0
21355 1754.0 653.0
21367 1765.0 625.0
21379 1772.0 595.0
21391 1776.0 564.0
21403 1776.0 533.0
21414 1772.0 502.0
21426 1764.0 472.0
21438 1752.0 443.0
21450 1735.0 417.0
21462 1714.0 393.0
21473 1688.0 373.0
21486 1656.0 355.0
21497 1620.0 341.0
21509 1582.0 331.0
21521 1539.0 325.0
21533 1493.0 324.0
21544 1442.0 328.0
21556 1388.0 337.0
21568 1332.0 351.0
21580 1275.0 369.0
21592 1217.0 390.0
21603 1161.0 415.0
21615 1105.0 443.0
21627 1048.0 475.0
21640 991.0 510.0
21651 933.0 548.0
21663 875.0 588.0
21675 817.0 629.0
21687 760.0 668.0
21698 706.0 705.0
21710 653.0 739.0
21722 602.0 771.0
21734 554.0 799.0
21746 508.0 823.0
21758 467.0 842.0
21770 429.0 856.0
21782 394.0 865.0
21793 362.0 869.0
21805 333.0 870.0
21817 307.0 866.0
21829 284.0 857.0
21841 264.0 843.0
21853 247.0 825.0
21865 234.0 803.0
21877 223.0 776.0
21889 215.0 746.0
21901 209.0 714.0
21912 206.0 681.0
21924 204.0 647.0
21936 205.0 610.0
21948 208.0 573.0
21960 214.0 535.0
21971 224.0 497.0
21983 236.0 461.0
21995 251.0 427.0
22007 268.0 396.0
22019 289.0 368.0
22031 311.0 345.0
22043 336.0 325.0
22054 363.0 310.0
22066 391.0 300.0
22078 421.0 295.0
22090 452.0 296.0
22101 484.0 302.0
22113 517.0 313.0
22125 552.0 328.0
22137 588.0 347.0
22149 628.0 368.0
22160 670.0 392.0
22172 712.0 418.0
22184 754.0 447.0
22196 796.0 477.0
22208 839.0 510.0
22220 882.0 544.0
22232 927.0 581.0
22244 973.0 618.0
22256 1019.0 654.0
22267 1067.0 689.0
22279 1116.0 721.0
22291 1165.0 750.0
22303 1215.0 777.0
22315 1265.0 799.0
22327 1314.0 818.0
22339 1363.0 833.0
22350 1410.0 845.0
22362 1457.0 853.0
22374 1502.0 858.0
22386 1547.0 860.0
22398 1588.0 857.0
22410 1626.0 851.0
22422 1661.0 841.0
22434 1693.0 826.0
22446 1721.0 808.0
22458 1745.0 787.0
22470 1765.0 764.0
22482 1782.0 738.0
22493 1796.0 708.0
22505 1807.0 677.0
22517 1815.0 643.0
22529 1821.0 607.0
22541 1823.0 571.0
22552 1823.0 536.0
22564 1819.0 503.0
22577 1811.0 473.0
22588 1799.0 445.0
22600 1783.0 418.0
22612 1761.0 394.0
22623 1735.0 372.0
22635 1704.0 354.0
22648 1670.0 339.0
22659 1632.0 328.0
22671 1591.0 319.0
22683 1547.0 315.0
22695 1500.0 314.0
22706 1451.0 317.0
22718 1400.0 324.0
22730 1348.0 335.0
22742 1295.0 349.0
22754 1239.0 367.0
22765 1181.0 389.0
22777 1122.0 415.0
22789 1062.0 445.0
22801 1003.0 478.0
22813 944.0 515.0
22825 884.0 554.0
22836 822.0 595.0
22849 762.0 637.0
22860 703.0 677.0
22872 648.0 715.0
22884 596.0 749.0
22896 548.0 780.0
22908 505.0 806.0
22920 465.0 828.0
22932 427.0 846.0
22943 392.0 860.0
22956 359.0 871.0
22967 330.0 877.0
22980 303.0 877.0
22991 279.0 872.0
23003 258.0 860.0
23015 240.0 844.0
23027 224.0 822.0
23039 210.0 796.0
23051 200.0 767.0
23062 193.0 734.0
23074 189.0 699.0
23086 188.0 662.0
23098 190.0 623.0
23110 195.0 583.0
23122 205.0 542.0
23133 221.0 501.0
23145 240.0 462.0
23157 263.0 426.0
23169 287.0 396.0
23181 312.0 371.0
23193 339.0 351.0
23204 369.0 337.0
23216 402.0 327.0
23228 437.0 322.0
23240 473.0 323.0
23252 509.0 329.0
23263 545.0 342.0
23275 582.0 360.0
23287 621.0 383.0
23299 662.0 409.0
23311 704.0 438.0
23323 748.0 468.0
23334 793.0 500.0
23347 841.0 532.0
23358 891.0 566.0
23370 943.0 602.0
23382 996.0 638.0
23394 1051.0 672.0
23406 1106.0 703.0
23418 1162.0 732.0
23430 1218.0 758.0
23441 1274.0 779.0
23453 1329.0 796.0
23465 1383.0 809.0
23477 1436.0 817.0
23489 1486.0 821.0
23501 1533.0 821.0
23513 1577.0 818.0
23524 1617.0 810.0
23536 1655.0 799.0
23549 1688.0 785.0
23560 1716.0 768.0
23572 1741.0 747.0
23584 1761.0 725.0
23596 1776.0 701.0
23608 1789.0 676.0
23619 1797.0 648.0
23631 1802.0 617.0
23643 1804.0 584.0
23655 1803.0 550.0
23667 1799.0 515.0
23679 1793.0 482.0
23691 1783.0 451.0
23702 1771.0 425.0
23714 1754.0 402.0
23726 1732.0 383.0
23738 1704.0 368.0
23750 1670.0 356.0
23762 1631.0 348.0
23773 1587.0 346.0
23785 1538.0 348.0
23797 1486.0 353.0
23809 1431.0 363.0
23821 1374.0 376.0
23832 1314.0 392.0
23844 1253.0 413.0
23856 1190.0 437.0
23868 1126.0 463.0
23880 1061.0 493.0
23892 996.0 525.0
23903 931.0 560.0
23915 865.0 596.0
23927 802.0 632.0
23939 743.0 667.0
23951 686.0 701.0
23963 633.0 733.0
23975 583.0 762.0
23987 536.0 787.0
23999 494.0 807.0
24010 456.0 823.0
24022 422.0 835.0
24034 391.0 842.0
24046 363.0 844.0
24058 337.0 840.0
24070 315.0 831.0
24082 296.0 816.0
24094 279.0 797.0
24106 264.0 773.0
24118 253.0 746.0
24129 244.0 717.0
24141 237.0 688.0
24153 233.0 658.0
24165 230.0 629.0
24177 229.0 599.0
24189 230.0 569.0
24200 235.0 537.0
24212 242.0 504.0
24224 253.0 472.0
24236 267.0 442.0
24248 284.0 414.0
24260 302.0 390.0
24272 321.0 369.0
24283 342.0 353.0
24295 365.0 340.0
24307 391.0 331.0
24319 420.0 325.0
24330 451.0 322.0
24342 483.0 324.0
24354 516.0 329.0
24366 548.0 338.0
24378 582.0 350.0
24390 617.0 365.0
24402 654.0 383.0
24413 692.0 403.0
24425 731.0 425.0
24437 770.0 450.0
24449 809.0 476.0
24461 850.0 504.0
24473 891.0 533.0
24484 933.0 562.0
24497 976.0 592.0
24508 1021.0 623.0
24520 1066.0 652.0
24532 1113.0 680.0
24544 1160.0 705.0
24556 1207.0 728.0
24568 1255.0 750.0
24580 1303.0 769.0
24592 1350.0 787.0
24603 1396.0 802.0
24615 1441.0 813.0
24627 1485.0 821.0
24639 1527.0 825.0
24651 1566.0 825.0
24663 1603.0 821.0
24675 1635.0 813.0
24686 1665.0 803.0
24698 1690.0 790.0
24710 1712.0 775.0
24722 1733.0 757.0
24734 1750.0 736.0
24746 1766.0 712.0
24758 1778.0 687.0
24770 1787.0 660.0
24782 1792.0 633.0
24793 1793.0 606.0
24805 1789.0 581.0
24817 1780.0 556.0
24829 1767.0 532.0
24841 1749.0 508.0
24852 1726.0 485.0
24864 1697.0 464.0
24876 1663.0 446.0
24888 1627.0 431.0
24900 1588.0 420.0
24912 1546.0 411.0
24923 1501.0 406.0
24935 1453.0 404.0
24947 1404.0 406.0
24959 1352.0 413.0
24971 1299.0 425.0
24983 1244.0 444.0
24995 1187.0 467.0
25006 1130.0 494.0
25018 1072.0 524.0
25030 1014.0 557.0
25042 958.0 591.0
25054 903.0 626.0
25066 848.0 662.0
25078 794.0 697.0
25090 741.0 731.0
25102 691.0 763.0
25113 643.0 793.0
25125 598.0 819.0
25138 559.0 840.0
25149 525.0 856.0
25161 495.0 867.0
25173 468.0 873.0
25185 442.0 875.0
25197 418.0 873.0
25209 396.0 866.0
25221 375.0 855.0
25232 355.0 840.0
25245 337.0 822.0
25256 320.0 800.0
25268 304.0 775.0
25280 290.0 748.0
25292 276.0 720.0
25304 264.0 692.0
25315 253.0 664.0
25327 244.0 635.0
25339 237.0 606.0
25351 230.0 577.0
25363 226.0 546.0
25375 224.0 516.0
25386 226.0 484.0
25398 231.0 453.0
25410 240.0 424.0
25422 253.0 398.0
25434 271.0 374.0
25446 293.0 354.0
25458 319.0 338.0
25469 349.0 326.0
25481 383.0 318.0
25493 418.0 316.0
25505 455.0 319.0
25517 494.0 326.0
25529 534.0 338.0
25541 575.0 353.0
25552 618.0 372.0
25564 661.0 393.0
25576 706.0 416.0
25588 752.0 442.0
25600 798.0 469.0
25612 846.0 498.0
25623 894.0 528.0
25635 944.0 562.0
25648 994.0 597.0
25659 1043.0 631.0
25671 1092.0 665.0
25683 1141.0 698.0
25695 1191.0 730.0
25707 1243.0 759.0
25718 1296.0 785.0
25730 1348.0 809.0
25743 1400.0 829.0
25754 1450.0 845.0
25766 1500.0 857.0
25778 1548.0 865.0
25790 1593.0 868.0
25802 1634.0 866.0
25814 1670.0 858.0
25826 1701.0 846.0
25838 1727.0 831.0
25850 1748.0 813.0
25861 1764.0 793.0
25873 1777.0 771.0
25885 1787.0 748.0
25897 1794.0 721.0
25909 1799.0 691.0
25921 1802.0 656.0
25932 1802.0 617.0
25944 1798.0 579.0
25957 1790.0 543.0
25968 1777.0 511.0
25980 1760.0 482.0
25992 1739.0 455.0
26004 1715.0 431.0
26016 1688.0 409.0
26027 1660.0 390.0
26039 1629.0 374.0
26051 1596.0 364.0
26063 1558.0 358.0
26075 1515.0 359.0
26086 1468.0 366.0
26098 1417.0 377.0
26111 1363.0 392.0
26122 1308.0 411.0
26134 1251.0 431.0
26146 1191.0 454.0
26158 1130.0 477.0
26170 1069.0 502.0
26182 1008.0 529.0
26193 947.0 558.0
26205 887.0 589.0
26217 827.0 622.0
26229 768.0 655.0
26242 712.0 686.0
26253 657.0 716.0
26265 606.0 744.0
26277 557.0 771.0
26289 512.0 794.0
26301 470.0 814.0
26312 431.0 832.0
26324 393.0 846.0
26336 358.0 858.0
26349 326.0 864.0
26360 299.0 864.0
26372 277.0 860.0
26384 258.0 850.0
26396 242.0 836.0
26407 229.0 817.0
26419 217.0 795.0
26431 208.0 769.0
26443 201.0 739.0
26455 197.0 707.0
26467 194.0 673.0
26479 193.0 638.0
26491 195.0 604.0
26502 198.0 569.0
26514 203.0 537.0
26526 212.0 506.0
26538 224.0 476.0
26550 241.0 448.0
26562 261.0 420.0
26573 287.0 394.0
26585 317.0 371.0
26597 352.0 350.0
26609 388.0 333.0
26621 425.0 321.0
26632 462.0 314.0
26645 500.0 312.0
26656 538.0 316.0
26668 577.0 324.0
26680 617.0 338.0
26691 657.0 357.0
26703 697.0 381.0
26715 736.0 408.0
26727 774.0 440.0
26739 811.0 473.0
26751 849.0 508.0
26763 888.0 546.0
26774 927.0 584.0
26786 968.0 623.0
26798 1008.0 660.0
26810 1049.0 695.0
26822 1091.0 727.0
26834 1134.0 756.0
26846 1179.0 783.0
26858 1225.0 806.0
26870 1272.0 827.0
26882 1320.0 844.0
26894 1368.0 857.0
26906 1417.0 867.0
26917 1464.0 873.0
26929 1510.0 874.0
26941 1553.0 870.0
26953 1592.0 861.0
26965 1628.0 848.0
26977 1662.0 831.0
26989 1692.0 811.0
27001 1717.0 790.0
27012 1738.0 767.0
27024 1756.0 742.0
27036 1770.0 716.0
27048 1782.0 688.0
27060 1793.0 658.0
27072 1801.0 627.0
27084 1807.0 596.0
27096 1810.0 565.0
27107 1812.0 537.0
27119 1811.0 511.0
27131 1807.0 489.0
27143 1802.0 469.0
27155 1793.0 452.0
27167 1779.0 437.0
27178 1761.0 422.0
27190 1737.0 408.0
27202 1707.0 394.0
27214 1674.0 381.0
27226 1637.0 371.0
27238 1597.0 364.0
27250 1554.0 360.0
27261 1507.0 359.0
27273 1458.0 361.0
27285 1406.0 367.0
27297 1352.0 376.0
27309 1297.0 389.0
27321 1242.0 405.0
27332 1185.0 425.0
27344 1129.0 448.0
27356 1073.0 474.0
27368 1017.0 503.0
27380 961.0 536.0
27392 906.0 572.0
27404 850.0 610.0
27416 796.0 649.0
27427 744.0 688.0
27439 694.0 727.0
27452 645.0 765.0
27463 597.0 801.0
27475 552.0 836.0
27488 509.0 868.0
27499 468.0 895.0
27511 430.0 917.0
27523 395.0 933.0
27535 364.0 944.0
27547 338.0 949.0
27558 317.0 948.0
27570 299.0 942.0
27582 284.0 932.0
27595 272.0 919.0
27606 260.0 902.0
27618 251.0 881.0
27630 244.0 857.0
27642 238.0 828.0
27654 234.0 794.0
27666 231.0 759.0
27678 229.0 722.0
27690 227.0 688.0
27701 227.0 655.0
27713 230.0 624.0
27725 234.0 595.0
27737 240.0 568.0
27749 249.0 541.0
27760 261.0 514.0
27772 277.0 487.0
27784 295.0 461.0
27796 314.0 437.0
27808 335.0 418.0
27820 359.0 402.0
27831 387.0 389.0
27843 419.0 380.0
27855 454.0 375.0
27867 491.0 374.0
27879 530.0 377.0
27891 571.0 384.0
27903 613.0 395.0
27914 655.0 411.0
27926 697.0 430.0
27938 739.0 451.0
27950 780.0 475.0
27962 821.0 501.0
27973 864.0 530.0
27985 908.0 561.0
27997 952.0 594.0
28009 997.0 627.0
28021 1041.0 662.0
28033 1085.0 696.0
28045 1129.0 729.0
28057 1173.0 761.0
28069 1218.0 792.0
28081 1263.0 821.0
28092 1310.0 846.0
28104 1357.0 867.0
28116 1406.0 884.0
28128 1454.0 897.0
28140 1502.0 904.0
28152 1546.0 906.0
28164 1588.0 903.0
28176 1626.0 895.0
28188 1661.0 882.0
28200 1695.0 866.0
28211 1725.0 847.0
28223 1752.0 825.0
28235 1775.0 800.0
28247 1795.0 773.0
28259 1809.0 745.0
28271 1820.0 715.0
28283 1827.0 685.0
28295 1830.0 654.0
28307 1829.0 625.0
28319 1824.0 597.0
28330 1816.0 569.0
28342 1803.0 542.0
28354 1784.0 515.0
28366 1760.0 489.0
28378 1730.0 464.0
28390 1696.0 443.0
28401 1658.0 425.0
28413 1616.0 412.0
28425 1571.0 403.0
28437 1522.0 399.0
28449 1468.0 399.0
28461 1412.0 403.0
28473 1353.0 411.0
28485 1294.0 423.0
28496 1236.0 438.0
28508 1178.0 457.0
28520 1121.0 480.0
28532 1065.0 505.0
28544 1009.0 534.0
28556 953.0 566.0
28568 896.0 600.0
28580 839.0 635.0
28592 782.0 670.0
28603 727.0 704.0
28615 674.0 737.0
28627 623.0 768.0
28639 574.0 796.0
28651 529.0 819.0
28663 488.0 838.0
28675 451.0 851.0
28687 417.0 858.0
28699 386.0 861.0
28710 357.0 859.0
28722 331.0 852.0
28734 309.0 841.0
28746 289.0 825.0
28758 273.0 805.0
28770 258.0 782.0
28782 247.0 757.0
28794 238.0 731.0
28806 230.0 703.0
28817 224.0 675.0
28829 219.0 648.0
28841 215.0 621.0
28853 212.0 594.0
28865 211.0 567.0
28877 211.0 539.0
28889 213.0 512.0
28901 219.0 485.0
28912 228.0 460.0
28924 240.0 436.0
28936 255.0 414.0
28948 273.0 395.0
28959 294.0 378.0
28971 319.0 365.0
28983 348.0 355.0
28995 381.0 349.0
29007 417.0 347.0
29019 456.0 349.0
29030 496.0 356.0
29043 536.0 367.0
29054 577.0 382.0
29066 619.0 402.0
29078 661.0 424.0
29090 703.0 450.0
29102 744.0 478.0
29113 785.0 508.0
29125 829.0 539.0
29138 875.0 572.0
29149 922.0 607.0
29161 969.0 642.0
29173 1016.0 676.0
29185 1064.0 709.0
29197 1111.0 740.0
29209 1159.0 768.0
29221 1207.0 793.0
29233 1255.0 814.0
29245 1303.0 831.0
29257 1350.0 843.0
29269 1397.0 850.0
29280 1442.0 852.0
29292 1486.0 851.0
29305 1527.0 845.0
29316 1565.0 836.0
29328 1598.0 823.0
29340 1628.0 808.0
29352 1655.0 791.0
29364 1679.0 772.0
29376 1700.0 750.0
29388 1716.0 726.0
29400 1730.0 699.0
29412 1741.0 670.0
29423 1747.0 640.0
29435 1750.0 609.0
29447 1748.0 577.0
29459 1741.0 546.0
29471 1729.0 516.0
29483 1713.0 487.0
29495 1693.0 460.0
29506 1669.0 437.0
29518 1641.0 417.0
29530 1607.0 401.0
29542 1568.0 388.0
29554 1524.0 380.0
29565 1476.0 377.0
29577 1424.0 379.0
29589 1370.0 386.0
29601 1314.0 397.0
29613 1257.0 411.0
29625 1199.0 429.0
29637 1141.0 451.0
29648 1082.0 477.0
29660 1023.0 507.0
29672 965.0 540.0
29684 905.0 577.0
29696 846.0 616.0
29708 788.0 654.0
29720 732.0 692.0
29732 678.0 728.0
29744 626.0 763.0
29756 576.0 795.0
29767 530.0 823.0
29779 487.0 848.0
29791 448.0 867.0
29803 413.0 882.0
29815 381.0 891.0
29827 352.0 895.0
29839 326.0 892.0
29851 304.0 884.0
29863 284.0 871.0
29875 266.0 854.0
29887 250.0 833.0
29899 237.0 809.0
29911 225.0 783.0
29922 214.0 754.0
29934 207.0 724.0
29946 201.0 693.0
29958 197.0 660.0
29970 194.0 627.0
29982 194.0 595.0
29994 195.0 562.0
