0 1423.0 349.0
11 1413.0 353.0
22 1386.0 364.0
34 1340.0 386.0
46 1278.0 419.0
58 1205.0 461.0
69 1126.0 508.0
81 1034.0 561.0
93 941.0 612.0
104 850.0 658.0
116 762.0 699.0
128 695.0 727.0
140 629.0 751.0
152 565.0 773.0
164 506.0 791.0
175 453.0 805.0
187 399.0 817.0
199 348.0 826.0
211 301.0 830.0
222 262.0 829.0
234 230.0 822.0
246 205.0 810.0
258 186.0 792.0
269 173.0 768.0
281 166.0 739.0
293 167.0 705.0
304 175.0 667.0
316 188.0 626.0
328 205.0 584.0
340 225.0 543.0
351 248.0 501.0
364 272.0 462.0
375 298.0 426.0
387 327.0 392.0
398 357.0 364.0
410 389.0 342.0
422 420.0 326.0
434 451.0 317.0
445 479.0 315.0
457 507.0 319.0
469 532.0 329.0
480 557.0 342.0
492 582.0 359.0
504 607.0 380.0
515 633.0 402.0
527 661.0 425.0
539 691.0 450.0
551 722.0 476.0
562 755.0 503.0
574 789.0 533.0
586 825.0 564.0
597 863.0 597.0
609 903.0 630.0
621 945.0 663.0
633 988.0 695.0
644 1033.0 724.0
656 1079.0 753.0
668 1127.0 780.0
680 1176.0 804.0
692 1225.0 825.0
703 1276.0 842.0
715 1326.0 855.0
727 1377.0 862.0
739 1426.0 865.0
750 1472.0 863.0
762 1516.0 856.0
774 1556.0 842.0
786 1594.0 822.0
797 1629.0 796.0
809 1660.0 766.0
821 1688.0 733.0
833 1712.0 696.0
844 1733.0 658.0
856 1751.0 618.0
868 1767.0 578.0
880 1782.0 537.0
891 1793.0 497.0
903 1800.0 459.0
915 1801.0 424.0
927 1795.0 392.0
938 1781.0 365.0
950 1758.0 344.0
962 1726.0 329.0
973 1684.0 320.0
985 1633.0 317.0
997 1574.0 320.0
1008 1511.0 328.0
1020 1444.0 341.0
1032 1376.0 360.0
1043 1306.0 383.0
1055 1235.0 409.0
1067 1162.0 440.0
1079 1077.0 477.0
1090 985.0 520.0
1102 892.0 564.0
1114 821.0 598.0
1125 758.0 629.0
1137 698.0 657.0
1149 633.0 686.0
1161 565.0 716.0
1172 498.0 744.0
1184 435.0 768.0
1196 376.0 786.0
1208 321.0 800.0
1219 270.0 808.0
1231 225.0 810.0
1243 186.0 806.0
1255 154.0 797.0
1267 128.0 783.0
1278 109.0 763.0
1290 97.0 739.0
1302 90.0 710.0
1314 90.0 678.0
1325 94.0 643.0
1337 103.0 605.0
1349 116.0 565.0
1360 135.0 524.0
1372 160.0 483.0
1384 189.0 443.0
1396 222.0 407.0
1407 255.0 375.0
1419 287.0 349.0
1431 318.0 330.0
1442 350.0 316.0
1454 383.0 310.0
1466 415.0 310.0
1478 447.0 317.0
1489 478.0 330.0
1501 510.0 348.0
1513 541.0 370.0
1524 574.0 395.0
1536 609.0 422.0
1548 647.0 450.0
1559 686.0 479.0
1571 728.0 509.0
1583 773.0 539.0
1595 819.0 570.0
1606 868.0 602.0
1618 919.0 635.0
1630 971.0 668.0
1642 1025.0 702.0
1653 1080.0 734.0
1665 1136.0 764.0
1677 1192.0 791.0
1689 1248.0 814.0
1701 1303.0 833.0
1712 1357.0 848.0
1724 1411.0 857.0
1736 1463.0 859.0
1748 1514.0 856.0
1759 1562.0 846.0
1771 1606.0 831.0
1783 1644.0 811.0
1795 1676.0 787.0
1807 1703.0 760.0
1818 1726.0 730.0
1830 1745.0 698.0
1842 1760.0 663.0
1853 1772.0 626.0
1865 1782.0 590.0
1877 1789.0 554.0
1888 1790.0 518.0
1901 1785.0 484.0
1912 1774.0 450.0
1924 1757.0 419.0
1935 1737.0 390.0
1947 1712.0 363.0
1959 1686.0 341.0
1971 1656.0 323.0
1982 1623.0 310.0
1994 1585.0 301.0
2005 1542.0 299.0
2017 1494.0 303.0
2029 1441.0 314.0
2041 1383.0 330.0
2053 1322.0 351.0
2064 1258.0 376.0
2076 1190.0 404.0
2088 1121.0 434.0
2099 1050.0 467.0
2111 979.0 501.0
2123 908.0 537.0
2135 836.0 575.0
2146 767.0 612.0
2158 699.0 649.0
2170 634.0 684.0
2182 571.0 716.0
2193 511.0 747.0
2205 453.0 775.0
2217 396.0 800.0
2228 343.0 819.0
2240 296.0 834.0
2252 255.0 842.0
2264 221.0 843.0
2276 193.0 836.0
2288 171.0 825.0
2299 153.0 808.0
2311 139.0 788.0
2323 129.0 763.0
2335 125.0 734.0
2346 125.0 701.0
2358 131.0 664.0
2370 143.0 624.0
2381 159.0 582.0
2393 178.0 540.0
2405 199.0 499.0
2417 221.0 461.0
2428 245.0 426.0
2440 269.0 395.0
2452 294.0 369.0
2464 320.0 346.0
2476 347.0 327.0
2487 376.0 311.0
2499 407.0 299.0
2511 438.0 293.0
2522 469.0 292.0
2534 500.0 297.0
2545 530.0 308.0
2557 560.0 324.0
2569 591.0 344.0
2581 622.0 369.0
2593 656.0 396.0
2604 693.0 425.0
2616 732.0 456.0
2628 774.0 489.0
2640 818.0 522.0
2651 863.0 557.0
2663 911.0 591.0
2675 960.0 625.0
2686 1010.0 657.0
2698 1061.0 687.0
2710 1115.0 715.0
2722 1170.0 740.0
2733 1226.0 762.0
2745 1284.0 781.0
2757 1342.0 797.0
2769 1397.0 809.0
2780 1451.0 818.0
2792 1503.0 823.0
2804 1555.0 826.0
2816 1605.0 825.0
2827 1653.0 821.0
2839 1698.0 815.0
2851 1737.0 805.0
2863 1772.0 792.0
2875 1800.0 776.0
2886 1822.0 756.0
2898 1839.0 732.0
2910 1850.0 705.0
2922 1858.0 673.0
2933 1863.0 640.0
2945 1865.0 605.0
2957 1865.0 571.0
2969 1861.0 537.0
2980 1853.0 506.0
2992 1839.0 476.0
3004 1819.0 449.0
3015 1794.0 424.0
3027 1763.0 401.0
3039 1727.0 383.0
3051 1687.0 368.0
3062 1641.0 357.0
3074 1589.0 352.0
3086 1534.0 352.0
3097 1475.0 358.0
3109 1413.0 368.0
3121 1350.0 382.0
3133 1285.0 400.0
3144 1220.0 420.0
3156 1155.0 444.0
3168 1089.0 470.0
3179 1024.0 498.0
3191 957.0 528.0
3203 890.0 559.0
3215 822.0 592.0
3226 757.0 624.0
3238 694.0 655.0
3250 634.0 684.0
3262 576.0 710.0
3274 522.0 734.0
3285 470.0 756.0
3297 420.0 775.0
3309 372.0 792.0
3321 329.0 807.0
3332 289.0 817.0
3344 253.0 823.0
3356 222.0 823.0
3368 196.0 818.0
3380 175.0 808.0
3391 157.0 792.0
3403 143.0 772.0
3415 133.0 746.0
3427 126.0 715.0
3438 124.0 680.0
3450 127.0 642.0
3462 135.0 601.0
3474 145.0 560.0
3485 158.0 520.0
3497 174.0 482.0
3509 192.0 447.0
3521 214.0 416.0
3532 239.0 388.0
3544 267.0 365.0
3556 297.0 347.0
3567 330.0 334.0
3579 364.0 327.0
3591 399.0 325.0
3603 433.0 329.0
3614 466.0 336.0
3626 499.0 348.0
3637 532.0 362.0
3649 566.0 380.0
3661 602.0 402.0
3673 640.0 425.0
3684 680.0 451.0
3696 721.0 478.0
3708 764.0 507.0
3720 808.0 538.0
3731 853.0 571.0
3743 899.0 605.0
3755 946.0 638.0
3767 994.0 671.0
3778 1042.0 703.0
3790 1091.0 733.0
3802 1141.0 760.0
3814 1192.0 784.0
3826 1243.0 804.0
3837 1293.0 820.0
3849 1343.0 832.0
3861 1393.0 841.0
3873 1440.0 845.0
3884 1486.0 846.0
3897 1529.0 841.0
3908 1571.0 832.0
3920 1610.0 820.0
3932 1646.0 803.0
3944 1677.0 784.0
3955 1704.0 762.0
3967 1726.0 737.0
3979 1742.0 710.0
3991 1753.0 682.0
4002 1759.0 653.0
4014 1761.0 622.0
4026 1759.0 590.0
4037 1754.0 557.0
4049 1746.0 523.0
4061 1734.0 492.0
4073 1717.0 462.0
4084 1695.0 434.0
4096 1667.0 410.0
4108 1633.0 390.0
4120 1594.0 374.0
4131 1549.0 363.0
4143 1500.0 358.0
4155 1448.0 359.0
4166 1394.0 365.0
4178 1339.0 377.0
4190 1284.0 394.0
4202 1228.0 415.0
4214 1172.0 441.0
4225 1116.0 469.0
4237 1060.0 500.0
4249 1004.0 532.0
4260 947.0 564.0
4272 888.0 597.0
4284 830.0 629.0
4295 773.0 659.0
4307 717.0 688.0
4319 663.0 714.0
4331 612.0 738.0
4343 564.0 758.0
4354 519.0 774.0
4366 476.0 788.0
4378 435.0 797.0
4390 394.0 803.0
4402 356.0 805.0
4414 320.0 802.0
4425 289.0 795.0
4437 261.0 783.0
4449 236.0 767.0
4461 216.0 747.0
4472 201.0 724.0
4484 190.0 697.0
4496 184.0 667.0
4507 182.0 634.0
4519 184.0 601.0
4531 189.0 568.0
4543 199.0 535.0
4554 212.0 502.0
4566 232.0 470.0
4578 257.0 439.0
4590 286.0 410.0
4601 316.0 385.0
4613 346.0 365.0
4625 376.0 352.0
4636 407.0 347.0
4648 438.0 349.0
4660 470.0 357.0
4672 504.0 371.0
4684 539.0 389.0
4695 576.0 410.0
4707 615.0 435.0
4719 655.0 462.0
4730 696.0 490.0
4742 738.0 519.0
4754 783.0 548.0
4766 830.0 577.0
4778 879.0 607.0
4789 929.0 637.0
4801 981.0 665.0
4813 1033.0 693.0
4825 1086.0 719.0
4836 1140.0 743.0
4848 1194.0 764.0
4860 1247.0 782.0
4872 1300.0 794.0
4883 1350.0 802.0
4895 1399.0 806.0
4907 1444.0 805.0
4919 1486.0 801.0
4931 1524.0 793.0
4943 1557.0 783.0
4954 1587.0 771.0
4966 1614.0 757.0
4978 1637.0 742.0
4989 1657.0 724.0
5001 1675.0 705.0
5013 1690.0 682.0
5025 1703.0 656.0
5036 1712.0 627.0
5048 1718.0 595.0
5060 1720.0 562.0
5072 1721.0 527.0
5084 1719.0 494.0
5095 1716.0 463.0
5107 1710.0 435.0
5119 1701.0 411.0
5130 1688.0 390.0
5142 1670.0 372.0
5154 1645.0 359.0
5165 1613.0 350.0
5177 1575.0 346.0
5189 1532.0 347.0
5200 1485.0 352.0
5212 1435.0 361.0
5224 1385.0 375.0
5236 1333.0 392.0
5247 1279.0 412.0
5259 1225.0 434.0
5271 1169.0 459.0
5283 1112.0 486.0
5294 1052.0 514.0
5306 990.0 544.0
5318 926.0 576.0
5330 861.0 608.0
5342 797.0 640.0
5353 735.0 671.0
5365 675.0 699.0
5377 618.0 726.0
5388 563.0 751.0
5400 510.0 775.0
5412 460.0 795.0
5424 414.0 812.0
5435 372.0 823.0
5447 335.0 830.0
5459 302.0 831.0
5471 272.0 827.0
5483 246.0 817.0
5494 222.0 803.0
5506 202.0 784.0
5518 185.0 762.0
5530 171.0 738.0
5541 161.0 712.0
5553 155.0 684.0
5565 152.0 656.0
5577 152.0 626.0
5588 154.0 595.0
5600 158.0 562.0
5612 165.0 527.0
5624 178.0 490.0
5635 195.0 453.0
5647 217.0 417.0
5659 242.0 383.0
5671 270.0 355.0
5682 301.0 333.0
5694 334.0 317.0
5706 370.0 308.0
5718 408.0 306.0
5729 447.0 311.0
5741 488.0 322.0
5753 528.0 338.0
5764 568.0 357.0
5776 608.0 379.0
5788 649.0 404.0
5799 691.0 429.0
5811 733.0 457.0
5823 776.0 487.0
5835 820.0 517.0
5846 866.0 550.0
5858 912.0 585.0
5870 958.0 620.0
5882 1005.0 655.0
5893 1052.0 688.0
5905 1101.0 718.0
5917 1150.0 746.0
5929 1201.0 770.0
5941 1252.0 791.0
5952 1302.0 806.0
5964 1349.0 818.0
5976 1395.0 825.0
5988 1437.0 828.0
5999 1478.0 827.0
6011 1516.0 823.0
6023 1554.0 816.0
6035 1591.0 806.0
6047 1627.0 793.0
6059 1659.0 778.0
6070 1685.0 759.0
6082 1706.0 738.0
6094 1721.0 714.0
6105 1732.0 686.0
6117 1741.0 656.0
6129 1747.0 623.0
6141 1748.0 588.0
6152 1745.0 551.0
6164 1736.0 513.0
6176 1722.0 476.0
6188 1704.0 440.0
6199 1681.0 408.0
6211 1653.0 379.0
6223 1620.0 354.0
6235 1584.0 333.0
6246 1543.0 317.0
6258 1497.0 306.0
6270 1447.0 301.0
6281 1393.0 303.0
6293 1336.0 311.0
6305 1276.0 326.0
6316 1213.0 345.0
6328 1148.0 369.0
6340 1083.0 396.0
6352 1018.0 426.0
6363 955.0 458.0
6375 891.0 491.0
6387 827.0 525.0
6398 762.0 559.0
6410 698.0 593.0
6422 635.0 627.0
6434 574.0 660.0
6445 515.0 693.0
6457 458.0 725.0
6469 404.0 754.0
6481 354.0 780.0
6492 309.0 800.0
6504 267.0 814.0
6516 230.0 823.0
6528 197.0 825.0
6540 169.0 821.0
6552 145.0 812.0
6563 126.0 796.0
6575 112.0 776.0
6587 104.0 752.0
6598 100.0 726.0
6610 100.0 696.0
6622 105.0 665.0
6634 114.0 631.0
6645 128.0 596.0
6657 148.0 559.0
6669 172.0 522.0
6681 201.0 486.0
6692 232.0 455.0
6704 265.0 427.0
6716 297.0 405.0
6727 331.0 388.0
6739 367.0 376.0
6751 406.0 368.0
6762 448.0 365.0
6774 492.0 367.0
6786 535.0 373.0
6798 578.0 384.0
6809 620.0 399.0
6821 662.0 418.0
6833 705.0 441.0
6845 747.0 467.0
6856 790.0 496.0
6868 835.0 526.0
6880 882.0 559.0
6892 930.0 593.0
6903 980.0 628.0
6915 1029.0 662.0
6927 1079.0 694.0
6939 1130.0 725.0
6951 1180.0 752.0
6962 1229.0 777.0
6974 1278.0 796.0
6986 1325.0 812.0
6998 1372.0 822.0
7010 1417.0 828.0
7021 1459.0 831.0
7033 1500.0 829.0
7045 1539.0 824.0
7057 1577.0 815.0
7069 1613.0 802.0
7080 1646.0 785.0
7092 1677.0 764.0
7104 1707.0 740.0
7115 1733.0 713.0
7127 1755.0 685.0
7139 1773.0 656.0
7151 1786.0 626.0
7162 1794.0 597.0
7174 1797.0 567.0
7186 1795.0 537.0
7198 1787.0 507.0
7210 1775.0 478.0
7221 1757.0 449.0
7233 1734.0 422.0
7244 1705.0 399.0
7256 1671.0 378.0
7268 1633.0 362.0
7279 1590.0 349.0
7291 1542.0 342.0
7303 1491.0 341.0
7315 1437.0 346.0
7326 1381.0 356.0
7338 1323.0 372.0
7350 1263.0 393.0
7362 1202.0 419.0
7373 1141.0 448.0
7385 1080.0 481.0
7397 1021.0 515.0
7409 962.0 551.0
7420 904.0 588.0
7432 846.0 626.0
7444 788.0 664.0
7456 733.0 700.0
7467 679.0 735.0
7479 627.0 767.0
7491 576.0 797.0
7502 528.0 825.0
7514 482.0 849.0
7526 438.0 870.0
7538 397.0 886.0
7549 359.0 897.0
7561 324.0 902.0
7573 293.0 900.0
7585 265.0 892.0
7597 241.0 878.0
7609 222.0 858.0
7620 208.0 833.0
7632 199.0 802.0
7644 195.0 769.0
7655 196.0 732.0
7667 201.0 694.0
7679 210.0 653.0
7691 225.0 612.0
7702 243.0 571.0
7714 265.0 532.0
7726 290.0 498.0
7738 317.0 468.0
7749 346.0 443.0
7761 377.0 422.0
7773 409.0 405.0
7785 443.0 393.0
7796 477.0 386.0
7808 511.0 384.0
7820 547.0 389.0
7831 585.0 398.0
7843 625.0 413.0
7855 667.0 432.0
7866 709.0 455.0
7878 751.0 481.0
7890 795.0 510.0
7902 840.0 541.0
7913 887.0 574.0
7925 934.0 607.0
7937 982.0 640.0
7949 1030.0 672.0
7961 1080.0 703.0
7972 1129.0 733.0
7984 1178.0 760.0
7996 1226.0 784.0
8007 1273.0 804.0
8019 1319.0 821.0
8031 1364.0 833.0
8043 1408.0 842.0
8055 1451.0 844.0
8066 1493.0 841.0
8078 1533.0 831.0
8090 1571.0 816.0
8102 1608.0 796.0
8114 1642.0 773.0
8126 1671.0 747.0
8137 1697.0 718.0
8149 1718.0 689.0
8161 1734.0 657.0
8172 1746.0 622.0
8184 1754.0 585.0
8196 1757.0 550.0
8208 1755.0 518.0
8219 1749.0 491.0
8231 1736.0 467.0
8243 1719.0 446.0
8255 1696.0 429.0
8266 1666.0 416.0
8278 1630.0 409.0
8290 1588.0 407.0
8301 1540.0 411.0
8313 1488.0 418.0
8325 1432.0 430.0
8336 1374.0 446.0
8348 1315.0 464.0
8360 1256.0 484.0
8372 1195.0 505.0
8383 1133.0 528.0
8395 1071.0 552.0
8407 1007.0 578.0
8418 942.0 606.0
8430 877.0 638.0
8442 813.0 670.0
8454 750.0 702.0
8465 688.0 732.0
8477 627.0 759.0
8489 569.0 782.0
8501 515.0 800.0
8513 464.0 812.0
8525 416.0 818.0
8536 372.0 819.0
8548 333.0 815.0
8560 299.0 807.0
8572 272.0 794.0
8583 250.0 779.0
8595 233.0 761.0
8607 221.0 740.0
8619 214.0 716.0
8630 211.0 688.0
8642 212.0 657.0
8654 218.0 624.0
8666 228.0 589.0
8677 242.0 555.0
8689 259.0 521.0
8701 279.0 490.0
8712 303.0 460.0
8724 330.0 432.0
8736 358.0 406.0
8748 387.0 384.0
8759 417.0 367.0
8771 449.0 355.0
8783 482.0 350.0
8794 516.0 350.0
8806 551.0 356.0
8817 589.0 367.0
8829 628.0 381.0
8841 669.0 399.0
8853 710.0 420.0
8865 751.0 443.0
8876 792.0 469.0
8888 835.0 497.0
8900 878.0 527.0
8912 922.0 559.0
8923 966.0 593.0
8935 1012.0 628.0
8947 1058.0 662.0
8959 1105.0 696.0
8970 1155.0 727.0
8982 1205.0 757.0
8994 1254.0 784.0
9006 1303.0 808.0
9018 1350.0 829.0
9029 1396.0 845.0
9041 1440.0 857.0
9053 1481.0 864.0
9065 1520.0 864.0
9076 1556.0 858.0
9088 1589.0 845.0
9100 1620.0 827.0
9112 1648.0 805.0
9124 1674.0 779.0
9135 1697.0 751.0
9147 1717.0 721.0
9159 1733.0 691.0
9171 1745.0 659.0
9182 1754.0 626.0
9194 1758.0 592.0
9206 1757.0 556.0
9217 1751.0 520.0
9229 1740.0 482.0
9241 1723.0 448.0
9253 1701.0 418.0
9264 1673.0 394.0
9276 1640.0 375.0
9288 1600.0 364.0
9300 1555.0 359.0
9311 1505.0 362.0
9323 1451.0 371.0
9335 1394.0 386.0
9347 1335.0 405.0
9358 1276.0 428.0
9370 1218.0 455.0
9382 1160.0 484.0
9393 1104.0 514.0
9405 1048.0 544.0
9417 991.0 576.0
9429 932.0 609.0
9440 872.0 642.0
9452 812.0 676.0
9464 754.0 710.0
9476 698.0 742.0
9487 645.0 771.0
9499 595.0 796.0
9511 548.0 817.0
9523 504.0 835.0
9534 463.0 848.0
9546 424.0 858.0
9558 386.0 864.0
9570 350.0 866.0
9582 317.0 864.0
9593 289.0 856.0
9605 264.0 843.0
9617 243.0 825.0
9629 226.0 802.0
9640 212.0 776.0
9652 202.0 748.0
9664 195.0 718.0
9676 191.0 688.0
9687 189.0 656.0
9699 189.0 623.0
9711 194.0 590.0
9723 201.0 558.0
9734 212.0 525.0
9746 227.0 492.0
9758 246.0 461.0
9770 268.0 433.0
9781 293.0 407.0
9793 320.0 385.0
9805 351.0 366.0
9816 384.0 351.0
9828 420.0 340.0
9840 458.0 335.0
9851 499.0 335.0
9863 542.0 340.0
9875 586.0 350.0
9887 633.0 365.0
9898 681.0 384.0
9910 729.0 406.0
9922 778.0 432.0
9933 827.0 462.0
9945 876.0 495.0
9957 924.0 530.0
9969 972.0 568.0
9981 1019.0 606.0
9992 1066.0 644.0
10004 1113.0 682.0
10016 1161.0 718.0
10028 1209.0 752.0
10040 1258.0 783.0
10052 1307.0 810.0
10063 1355.0 835.0
10075 1402.0 855.0
10087 1449.0 872.0
10099 1494.0 883.0
10110 1538.0 888.0
10122 1579.0 888.0
10134 1619.0 880.0
10146 1655.0 867.0
10157 1688.0 850.0
10169 1718.0 828.0
10181 1743.0 802.0
10193 1763.0 773.0
10205 1779.0 743.0
10216 1791.0 711.0
10228 1799.0 680.0
10240 1804.0 649.0
10252 1805.0 618.0
10263 1803.0 590.0
10275 1796.0 563.0
10287 1784.0 538.0
10299 1766.0 517.0
10310 1740.0 498.0
10322 1706.0 482.0
10334 1664.0 471.0
10346 1617.0 465.0
10357 1565.0 461.0
10369 1511.0 461.0
10381 1456.0 464.0
10393 1402.0 469.0
10404 1349.0 477.0
10416 1295.0 490.0
10428 1240.0 507.0
10439 1181.0 528.0
10451 1119.0 554.0
10463 1054.0 584.0
10474 987.0 619.0
10486 920.0 655.0
10498 855.0 692.0
10510 795.0 727.0
10522 738.0 761.0
10534 685.0 791.0
10545 634.0 818.0
10557 586.0 842.0
10569 540.0 861.0
10581 497.0 875.0
10592 456.0 885.0
10604 419.0 890.0
10616 385.0 890.0
10628 356.0 885.0
10640 330.0 876.0
10651 308.0 864.0
10663 288.0 848.0
10675 271.0 830.0
10687 257.0 809.0
10698 247.0 787.0
10711 240.0 761.0
10722 236.0 734.0
10734 234.0 704.0
10745 234.0 672.0
10757 235.0 639.0
10769 239.0 607.0
10781 246.0 576.0
10792 255.0 546.0
10804 268.0 516.0
10816 284.0 488.0
10827 303.0 464.0
10839 325.0 442.0
10851 350.0 425.0
10863 377.0 412.0
10875 408.0 403.0
10886 441.0 397.0
10898 476.0 395.0
10910 513.0 397.0
10921 549.0 403.0
10933 588.0 413.0
10945 628.0 425.0
10957 669.0 442.0
10968 711.0 463.0
10980 753.0 487.0
10992 796.0 513.0
11003 840.0 543.0
11015 886.0 576.0
11027 932.0 612.0
11039 979.0 649.0
11051 1025.0 686.0
11062 1073.0 722.0
11074 1122.0 758.0
11086 1171.0 791.0
11098 1220.0 819.0
11109 1268.0 843.0
11121 1315.0 862.0
11133 1360.0 876.0
11145 1404.0 885.0
11157 1447.0 889.0
11169 1488.0 888.0
11180 1528.0 881.0
11192 1566.0 870.0
11204 1602.0 854.0
11216 1635.0 835.0
11227 1664.0 813.0
11240 1690.0 789.0
11251 1711.0 763.0
11263 1728.0 735.0
11275 1743.0 706.0
11286 1754.0 676.0
11298 1761.0 644.0
11310 1765.0 611.0
11322 1766.0 576.0
11333 1764.0 540.0
11345 1757.0 505.0
11357 1746.0 473.0
11369 1730.0 443.0
11380 1710.0 418.0
11392 1684.0 396.0
11404 1653.0 380.0
11415 1615.0 369.0
11427 1570.0 364.0
11439 1518.0 366.0
11451 1458.0 375.0
11462 1391.0 391.0
11474 1320.0 412.0
11486 1246.0 438.0
11497 1171.0 466.0
11509 1096.0 498.0
11521 1022.0 532.0
11533 948.0 567.0
11545 875.0 602.0
11556 803.0 637.0
11568 734.0 671.0
11580 665.0 705.0
11591 597.0 737.0
11603 529.0 768.0
11615 465.0 797.0
11627 405.0 822.0
11639 351.0 843.0
11650 302.0 858.0
11662 257.0 866.0
11674 217.0 866.0
11686 182.0 860.0
11697 151.0 846.0
11709 125.0 827.0
11721 104.0 803.0
11732 87.0 775.0
11744 76.0 744.0
11756 72.0 709.0
11768 73.0 674.0
11779 79.0 637.0
11791 90.0 601.0
11803 106.0 565.0
11815 125.0 527.0
11826 149.0 490.0
11838 178.0 454.0
11850 212.0 422.0
11862 247.0 394.0
11874 284.0 372.0
11885 322.0 356.0
11897 360.0 347.0
11909 399.0 346.0
11920 439.0 351.0
11932 479.0 362.0
11944 519.0 379.0
11956 558.0 400.0
11967 598.0 425.0
11979 638.0 453.0
11991 678.0 483.0
12002 718.0 514.0
12014 760.0 547.0
12026 804.0 583.0
12038 850.0 619.0
12049 898.0 655.0
12061 948.0 690.0
12073 999.0 723.0
12085 1050.0 755.0
12097 1102.0 784.0
12109 1155.0 810.0
12120 1207.0 833.0
12132 1259.0 854.0
12144 1309.0 870.0
12156 1359.0 883.0
12167 1407.0 890.0
12179 1454.0 891.0
12191 1499.0 886.0
12203 1541.0 876.0
12215 1581.0 862.0
12226 1617.0 845.0
12238 1650.0 823.0
12250 1679.0 799.0
12262 1705.0 774.0
12274 1728.0 748.0
12285 1748.0 722.0
12297 1763.0 695.0
12309 1775.0 668.0
12321 1783.0 640.0
12332 1788.0 610.0
12344 1790.0 579.0
12356 1786.0 547.0
12368 1778.0 515.0
12379 1763.0 484.0
12391 1744.0 455.0
12403 1719.0 431.0
12414 1689.0 413.0
12426 1653.0 399.0
12438 1612.0 390.0
12449 1566.0 386.0
12461 1517.0 386.0
12473 1463.0 393.0
12485 1406.0 404.0
12496 1344.0 420.0
12509 1280.0 441.0
12520 1214.0 466.0
12532 1149.0 495.0
12543 1085.0 526.0
12555 1022.0 559.0
12567 960.0 594.0
12579 897.0 632.0
12590 835.0 671.0
12602 775.0 710.0
12614 715.0 748.0
12626 658.0 784.0
12638 604.0 816.0
12649 554.0 844.0
12661 508.0 866.0
12673 466.0 883.0
12685 427.0 893.0
12696 390.0 896.0
12708 355.0 893.0
12720 324.0 884.0
12732 296.0 872.0
12744 270.0 858.0
12756 246.0 841.0
12767 226.0 822.0
12779 209.0 799.0
12791 194.0 773.0
12802 183.0 743.0
12814 173.0 710.0
12826 165.0 674.0
12838 162.0 636.0
12849 162.0 597.0
12861 166.0 557.0
12873 175.0 517.0
12885 189.0 479.0
12896 208.0 442.0
12908 229.0 409.0
12920 254.0 380.0
12932 282.0 356.0
12943 312.0 337.0
12955 344.0 321.0
12967 378.0 310.0
12978 414.0 303.0
12990 450.0 301.0
13002 486.0 302.0
13014 522.0 308.0
13025 558.0 319.0
13037 595.0 334.0
13048 633.0 352.0
13061 674.0 374.0
13072 716.0 399.0
13084 760.0 427.0
13095 806.0 457.0
13107 853.0 489.0
13119 900.0 523.0
13131 948.0 560.0
13143 996.0 598.0
13154 1043.0 637.0
13166 1089.0 675.0
13178 1135.0 712.0
13190 1182.0 747.0
13201 1230.0 780.0
13213 1278.0 809.0
13225 1327.0 834.0
13237 1375.0 855.0
13249 1422.0 869.0
13261 1468.0 878.0
13272 1512.0 880.0
13284 1554.0 875.0
13296 1591.0 864.0
13307 1625.0 848.0
13319 1656.0 828.0
13331 1683.0 805.0
13343 1705.0 779.0
13355 1724.0 751.0
13367 1738.0 721.0
13378 1749.0 690.0
13390 1756.0 660.0
13402 1759.0 631.0
13414 1758.0 603.0
13425 1754.0 576.0
13437 1745.0 550.0
13449 1731.0 527.0
13461 1711.0 505.0
13472 1685.0 485.0
13484 1651.0 469.0
13496 1610.0 456.0
13508 1564.0 448.0
13519 1512.0 443.0
13531 1456.0 441.0
13543 1396.0 444.0
13554 1333.0 451.0
13566 1269.0 462.0
13578 1203.0 478.0
13589 1136.0 498.0
13601 1069.0 522.0
13613 1002.0 549.0
13625 936.0 580.0
13636 869.0 615.0
13648 804.0 651.0
13660 740.0 686.0
13672 679.0 721.0
13684 621.0 755.0
13695 567.0 785.0
13707 518.0 810.0
13719 473.0 830.0
13731 431.0 845.0
13743 393.0 854.0
13754 357.0 857.0
13766 325.0 856.0
13778 293.0 850.0
13790 264.0 840.0
13801 237.0 826.0
13813 213.0 807.0
13825 194.0 784.0
13837 180.0 758.0
13849 169.0 729.0
13860 162.0 697.0
13872 158.0 664.0
13884 157.0 629.0
13895 159.0 594.0
13907 166.0 558.0
13919 177.0 521.0
13931 195.0 483.0
13943 216.0 447.0
13954 242.0 415.0
13966 270.0 389.0
13978 299.0 370.0
13989 331.0 357.0
14001 365.0 348.0
14013 403.0 344.0
14024 443.0 344.0
14036 484.0 346.0
14048 527.0 352.0
14060 571.0 361.0
14071 616.0 373.0
14083 662.0 389.0
14095 708.0 408.0
14106 754.0 430.0
14118 801.0 457.0
14130 849.0 486.0
14142 897.0 517.0
14154 945.0 552.0
14165 993.0 588.0
14177 1040.0 625.0
14189 1085.0 661.0
14201 1129.0 696.0
14213 1171.0 728.0
14224 1212.0 758.0
14236 1253.0 784.0
14248 1293.0 805.0
14259 1333.0 822.0
14271 1371.0 835.0
14283 1409.0 841.0
14295 1445.0 841.0
14307 1479.0 833.0
14319 1512.0 820.0
14330 1543.0 801.0
14342 1573.0 776.0
14354 1601.0 748.0
14366 1628.0 717.0
14377 1651.0 683.0
14389 1671.0 649.0
14401 1687.0 613.0
14413 1699.0 579.0
14424 1705.0 546.0
14436 1707.0 515.0
14448 1705.0 486.0
14459 1697.0 461.0
14472 1685.0 438.0
14483 1668.0 419.0
14495 1643.0 402.0
14507 1610.0 388.0
14518 1570.0 380.0
14530 1524.0 376.0
14542 1472.0 377.0
14553 1418.0 383.0
14565 1361.0 392.0
14577 1303.0 406.0
14589 1245.0 423.0
14600 1187.0 442.0
14612 1127.0 466.0
14624 1068.0 491.0
14636 1008.0 519.0
14648 946.0 549.0
14659 884.0 584.0
14671 822.0 620.0
14683 761.0 655.0
14694 700.0 690.0
14706 640.0 722.0
14718 583.0 752.0
14730 529.0 776.0
14741 479.0 794.0
14753 434.0 807.0
14765 390.0 815.0
14777 349.0 818.0
14788 310.0 818.0
14800 273.0 815.0
14812 238.0 809.0
14824 207.0 798.0
14836 182.0 784.0
14847 162.0 765.0
14859 147.0 742.0
14871 137.0 713.0
14883 130.0 682.0
14894 128.0 651.0
14906 130.0 619.0
14918 136.0 588.0
14930 146.0 556.0
14941 161.0 523.0
14953 181.0 491.0
14965 207.0 460.0
14976 238.0 433.0
14988 275.0 409.0
15000 316.0 391.0
15012 359.0 378.0
15024 405.0 372.0
15035 452.0 371.0
15047 500.0 376.0
15059 548.0 387.0
15071 597.0 402.0
15082 646.0 421.0
15094 694.0 444.0
15106 742.0 470.0
15117 788.0 499.0
15129 833.0 532.0
15141 877.0 567.0
15153 920.0 605.0
15165 962.0 645.0
15176 1005.0 683.0
15188 1049.0 721.0
15200 1094.0 758.0
15212 1140.0 793.0
15223 1187.0 824.0
15236 1233.0 851.0
15247 1279.0 873.0
15259 1322.0 890.0
15271 1364.0 901.0
15282 1406.0 906.0
15294 1447.0 903.0
15306 1488.0 894.0
15318 1528.0 878.0
15329 1567.0 858.0
15341 1603.0 834.0
15353 1635.0 808.0
15365 1663.0 782.0
15377 1687.0 755.0
15388 1708.0 727.0
15400 1724.0 699.0
15412 1737.0 671.0
15424 1746.0 644.0
15436 1750.0 618.0
15447 1749.0 592.0
15459 1743.0 565.0
15471 1732.0 536.0
15482 1714.0 506.0
15494 1689.0 478.0
15506 1657.0 453.0
15518 1620.0 432.0
15529 1579.0 415.0
15541 1535.0 403.0
15553 1488.0 395.0
15565 1439.0 393.0
15576 1389.0 396.0
15588 1337.0 406.0
15600 1283.0 420.0
15611 1226.0 439.0
15623 1169.0 462.0
15635 1112.0 490.0
15647 1056.0 520.0
15658 1000.0 552.0
15670 945.0 586.0
15682 890.0 623.0
15694 835.0 660.0
15706 781.0 698.0
15717 727.0 734.0
15729 672.0 769.0
15741 616.0 802.0
15753 561.0 831.0
15764 509.0 856.0
15776 459.0 875.0
15788 413.0 889.0
15800 370.0 896.0
15811 332.0 898.0
15823 298.0 895.0
15835 268.0 887.0
15847 244.0 876.0
15859 224.0 862.0
15871 208.0 846.0
15882 197.0 826.0
15894 189.0 802.0
15906 186.0 775.0
15917 186.0 746.0
15929 189.0 715.0
15941 197.0 683.0
15953 207.0 650.0
15964 220.0 615.0
15976 236.0 582.0
15988 254.0 550.0
16000 274.0 521.0
16012 296.0 494.0
16023 323.0 472.0
16035 353.0 454.0
16047 387.0 440.0
16059 422.0 431.0
16070 460.0 427.0
16082 499.0 428.0
16094 538.0 434.0
16106 576.0 444.0
16117 614.0 457.0
16129 652.0 472.0
16141 690.0 489.0
16152 728.0 509.0
16164 767.0 531.0
16176 806.0 556.0
16188 846.0 584.0
16199 888.0 613.0
16211 930.0 643.0
16223 974.0 672.0
16235 1018.0 700.0
16247 1064.0 727.0
16259 1112.0 753.0
16270 1160.0 776.0
16282 1209.0 796.0
16294 1257.0 813.0
16306 1304.0 825.0
16317 1349.0 833.0
16329 1393.0 836.0
16341 1436.0 835.0
16353 1477.0 830.0
16365 1516.0 820.0
16376 1553.0 808.0
16388 1588.0 792.0
16400 1621.0 774.0
16412 1650.0 753.0
16424 1675.0 730.0
16436 1696.0 706.0
16447 1713.0 681.0
16459 1724.0 655.0
16471 1730.0 628.0
16482 1731.0 600.0
16494 1725.0 572.0
16506 1713.0 544.0
16518 1694.0 516.0
16529 1668.0 491.0
16541 1636.0 468.0
16553 1598.0 449.0
16565 1556.0 433.0
16576 1511.0 422.0
16588 1463.0 415.0
16600 1415.0 413.0
16611 1365.0 417.0
16623 1316.0 426.0
16635 1264.0 439.0
16647 1210.0 457.0
16658 1154.0 479.0
16670 1096.0 504.0
16682 1037.0 533.0
16694 976.0 565.0
16706 914.0 601.0
16717 854.0 637.0
16729 795.0 673.0
16741 738.0 707.0
16752 682.0 737.0
16764 629.0 763.0
16776 579.0 783.0
16788 532.0 798.0
16799 488.0 809.0
16811 446.0 817.0
16823 410.0 820.0
16835 377.0 820.0
16847 348.0 816.0
16858 322.0 810.0
16870 299.0 801.0
16882 277.0 789.0
16894 258.0 774.0
16906 242.0 755.0
16917 229.0 732.0
16929 219.0 705.0
16941 212.0 676.0
16952 208.0 646.0
16964 206.0 614.0
16976 205.0 583.0
16988 206.0 553.0
16999 210.0 522.0
17011 218.0 493.0
17023 231.0 465.0
17035 248.0 440.0
17046 269.0 418.0
17058 292.0 400.0
17070 319.0 386.0
17082 349.0 376.0
17093 382.0 370.0
17105 417.0 367.0
17117 453.0 368.0
17128 491.0 373.0
17140 530.0 381.0
17152 569.0 393.0
17163 608.0 409.0
17175 647.0 427.0
17187 686.0 448.0
17199 726.0 471.0
17211 765.0 496.0
17222 805.0 524.0
17234 845.0 553.0
17246 884.0 585.0
17258 924.0 620.0
17269 963.0 655.0
17281 1002.0 690.0
17293 1040.0 724.0
17305 1079.0 755.0
17316 1118.0 784.0
17328 1158.0 810.0
17340 1198.0 832.0
17352 1238.0 849.0
17364 1279.0 861.0
17375 1321.0 869.0
17387 1363.0 870.0
17399 1404.0 866.0
17411 1444.0 858.0
17423 1482.0 846.0
17434 1520.0 831.0
17446 1554.0 813.0
17458 1585.0 792.0
17470 1612.0 770.0
17482 1634.0 747.0
17494 1653.0 721.0
17505 1669.0 695.0
17517 1682.0 667.0
17529 1692.0 639.0
17540 1699.0 610.0
17552 1702.0 581.0
17564 1701.0 552.0
17576 1694.0 524.0
17587 1681.0 496.0
17599 1662.0 471.0
17611 1636.0 448.0
17623 1604.0 429.0
17634 1566.0 415.0
17646 1523.0 405.0
17658 1476.0 401.0
17669 1424.0 400.0
17681 1369.0 405.0
17693 1313.0 414.0
17705 1256.0 429.0
17717 1199.0 448.0
17728 1144.0 471.0
17740 1090.0 498.0
17752 1037.0 527.0
17764 984.0 560.0
17776 929.0 594.0
17787 874.0 629.0
17799 819.0 663.0
17811 763.0 697.0
17823 707.0 729.0
17834 651.0 760.0
17846 597.0 787.0
17858 547.0 811.0
17870 500.0 831.0
17882 457.0 846.0
17894 418.0 854.0
17905 382.0 858.0
17917 349.0 856.0
17929 319.0 851.0
17941 292.0 841.0
17952 269.0 826.0
17964 250.0 808.0
17976 235.0 786.0
17988 223.0 761.0
17999 214.0 734.0
18011 209.0 704.0
18023 208.0 672.0
18035 211.0 638.0
18047 218.0 600.0
18058 230.0 560.0
18070 246.0 519.0
18082 265.0 480.0
18094 286.0 446.0
18105 308.0 416.0
18117 334.0 391.0
18129 363.0 372.0
18141 394.0 358.0
18152 427.0 349.0
18164 463.0 346.0
18176 501.0 348.0
18187 538.0 353.0
18199 575.0 363.0
18211 612.0 377.0
18222 648.0 393.0
18234 685.0 412.0
18246 721.0 434.0
18258 757.0 459.0
18269 794.0 486.0
18281 832.0 515.0
18293 871.0 547.0
18305 910.0 580.0
18317 949.0 616.0
18328 989.0 651.0
18340 1029.0 685.0
18352 1070.0 717.0
18364 1112.0 748.0
18375 1154.0 777.0
18387 1196.0 803.0
18399 1238.0 825.0
18411 1281.0 844.0
18423 1325.0 858.0
18434 1368.0 867.0
18446 1410.0 870.0
18458 1449.0 868.0
18470 1487.0 862.0
18482 1523.0 851.0
18494 1554.0 837.0
18505 1581.0 820.0
18517 1605.0 801.0
18529 1625.0 780.0
18541 1644.0 758.0
18553 1660.0 733.0
18564 1676.0 705.0
18576 1690.0 675.0
18588 1702.0 643.0
18599 1711.0 609.0
18611 1717.0 575.0
18623 1719.0 540.0
18635 1718.0 508.0
18647 1712.0 477.0
18658 1700.0 449.0
18670 1683.0 424.0
18682 1660.0 404.0
18694 1632.0 388.0
18705 1599.0 376.0
18717 1559.0 368.0
18729 1515.0 365.0
18741 1465.0 368.0
18752 1412.0 376.0
18764 1357.0 388.0
18776 1301.0 402.0
18788 1244.0 420.0
18800 1185.0 441.0
18811 1126.0 465.0
18823 1068.0 491.0
18835 1011.0 520.0
18846 956.0 550.0
18858 900.0 583.0
18870 846.0 616.0
18882 793.0 648.0
18893 741.0 678.0
18905 691.0 705.0
18917 641.0 731.0
18929 592.0 754.0
18941 545.0 775.0
18952 498.0 793.0
18964 452.0 807.0
18976 409.0 818.0
18988 368.0 826.0
18999 332.0 829.0
19011 298.0 828.0
19023 268.0 822.0
19035 241.0 812.0
19046 218.0 799.0
19058 200.0 781.0
19070 185.0 761.0
19082 173.0 738.0
19093 165.0 711.0
19106 162.0 683.0
19117 163.0 651.0
19129 168.0 616.0
19141 179.0 580.0
19152 196.0 544.0
19164 218.0 508.0
19176 246.0 474.0
19188 279.0 442.0
19200 316.0 415.0
19211 355.0 392.0
19223 395.0 376.0
19235 435.0 366.0
19246 474.0 362.0
19258 513.0 364.0
19270 552.0 372.0
19282 591.0 384.0
19293 629.0 402.0
19305 667.0 424.0
19317 704.0 450.0
19328 741.0 480.0
19340 777.0 512.0
19352 814.0 547.0
19364 854.0 584.0
19375 897.0 621.0
19388 941.0 659.0
19399 988.0 694.0
19411 1036.0 728.0
19423 1085.0 760.0
19435 1136.0 787.0
19446 1188.0 811.0
19458 1241.0 831.0
19470 1293.0 847.0
19482 1345.0 858.0
19493 1395.0 865.0
19505 1442.0 868.0
19517 1487.0 867.0
19529 1528.0 862.0
19541 1566.0 855.0
19553 1600.0 845.0
19565 1630.0 832.0
19576 1657.0 816.0
19588 1680.0 796.0
19600 1701.0 774.0
19611 1717.0 747.0
19623 1729.0 718.0
19635 1738.0 686.0
19647 1743.0 653.0
19659 1744.0 620.0
19671 1740.0 589.0
19682 1731.0 559.0
19694 1718.0 532.0
19706 1699.0 508.0
19717 1674.0 488.0
19729 1643.0 471.0
19741 1605.0 461.0
19753 1562.0 455.0
19764 1513.0 454.0
19776 1461.0 459.0
19788 1406.0 468.0
19800 1350.0 481.0
19811 1294.0 498.0
19823 1239.0 518.0
19835 1184.0 542.0
19847 1130.0 567.0
19858 1076.0 594.0
19870 1023.0 624.0
19882 969.0 655.0
19894 916.0 686.0
19906 864.0 716.0
19917 812.0 745.0
19929 760.0 772.0
19941 709.0 797.0
19953 659.0 819.0
19965 610.0 837.0
19976 564.0 851.0
19988 522.0 859.0
20000 483.0 864.0
20012 448.0 864.0
20023 416.0 860.0
20035 386.0 852.0
20047 359.0 840.0
20058 335.0 824.0
20070 315.0 805.0
20082 298.0 782.0
20094 286.0 758.0
20106 277.0 730.0
20117 272.0 701.0
20129 269.0 669.0
20141 268.0 637.0
20153 271.0 603.0
20164 277.0 570.0
20176 286.0 537.0
20188 300.0 506.0
20200 319.0 477.0
20211 342.0 449.0
20223 368.0 426.0
20235 395.0 407.0
20246 424.0 393.0
20258 455.0 385.0
20270 487.0 383.0
20281 521.0 387.0
20293 555.0 396.0
20305 591.0 411.0
20317 628.0 431.0
20329 665.0 456.0
20341 703.0 484.0
20352 742.0 514.0
20364 785.0 546.0
20376 830.0 580.0
20388 878.0 615.0
20399 926.0 650.0
20411 975.0 683.0
20423 1023.0 714.0
20435 1071.0 743.0
20446 1121.0 770.0
20458 1173.0 794.0
20470 1225.0 814.0
20482 1277.0 832.0
20494 1327.0 846.0
20506 1376.0 856.0
20517 1423.0 862.0
20529 1465.0 863.0
20541 1503.0 859.0
20553 1537.0 852.0
20564 1569.0 840.0
20576 1598.0 824.0
20588 1624.0 807.0
20600 1648.0 787.0
20612 1668.0 766.0
20623 1685.0 743.0
20635 1698.0 718.0
20647 1709.0 693.0
20659 1716.0 665.0
20671 1721.0 636.0
20682 1723.0 606.0
20694 1723.0 575.0
20706 1721.0 545.0
20718 1716.0 517.0
20729 1707.0 492.0
20741 1695.0 471.0
20753 1678.0 453.0
20765 1656.0 437.0
20776 1630.0 425.0
20788 1600.0 416.0
20800 1565.0 411.0
20812 1524.0 410.0
20823 1479.0 412.0
20835 1429.0 418.0
20847 1376.0 429.0
20858 1322.0 443.0
20871 1268.0 460.0
20882 1213.0 480.0
20894 1159.0 504.0
20906 1105.0 530.0
20917 1049.0 558.0
20929 993.0 591.0
20941 936.0 626.0
20953 878.0 663.0
20964 821.0 699.0
20976 765.0 734.0
20988 710.0 768.0
21000 656.0 798.0
21012 605.0 825.0
21023 558.0 848.0
21035 516.0 866.0
21047 479.0 877.0
21059 445.0 884.0
21071 415.0 885.0
21082 389.0 882.0
21094 364.0 876.0
21106 342.0 866.0
21118 322.0 854.0
21130 305.0 838.0
21142 291.0 819.0
21153 280.0 797.0
21165 272.0 771.0
21177 267.0 744.0
21189 265.0 713.0
21200 266.0 681.0
21212 270.0 647.0
21224 276.0 612.0
21236 286.0 577.0
21247 301.0 542.0
21259 321.0 508.0
21271 346.0 477.0
21283 374.0 451.0
21295 404.0 430.0
21306 435.0 417.0
21318 466.0 411.0
21330 498.0 410.0
21342 532.0 413.0
21353 569.0 421.0
21365 607.0 431.0
21377 647.0 445.0
21388 688.0 461.0
21400 730.0 479.0
21412 772.0 500.0
21424 814.0 523.0
21435 855.0 549.0
21447 897.0 578.0
21459 939.0 609.0
21470 981.0 643.0
21482 1024.0 676.0
21494 1069.0 708.0
21506 1115.0 740.0
21518 1162.0 769.0
21529 1210.0 796.0
21541 1258.0 818.0
21553 1305.0 836.0
21565 1351.0 849.0
21576 1397.0 857.0
21588 1441.0 862.0
21600 1484.0 862.0
21612 1524.0 857.0
21624 1562.0 848.0
21636 1598.0 835.0
21647 1630.0 817.0
21659 1658.0 796.0
21671 1682.0 772.0
21683 1702.0 746.0
21695 1718.0 717.0
21706 1730.0 687.0
21718 1739.0 657.0
21730 1744.0 627.0
21742 1745.0 598.0
21753 1743.0 570.0
21765 1737.0 543.0
21777 1727.0 517.0
21788 1713.0 493.0
21800 1694.0 472.0
21812 1669.0 455.0
21824 1639.0 442.0
21836 1602.0 433.0
21847 1559.0 429.0
21859 1511.0 430.0
21871 1460.0 435.0
21883 1406.0 445.0
21895 1352.0 458.0
21906 1297.0 475.0
21918 1241.0 497.0
21930 1183.0 522.0
21942 1123.0 549.0
21953 1061.0 578.0
21965 997.0 611.0
21977 933.0 647.0
21988 870.0 683.0
22000 810.0 718.0
22012 753.0 750.0
22024 698.0 779.0
22036 645.0 805.0
22047 594.0 827.0
22059 544.0 845.0
22071 495.0 860.0
22083 447.0 871.0
22095 402.0 878.0
22106 361.0 881.0
22118 325.0 878.0
22130 295.0 872.0
22142 270.0 860.0
22153 249.0 844.0
22165 232.0 824.0
22177 220.0 800.0
22189 212.0 772.0
22201 211.0 741.0
22212 217.0 706.0
22224 230.0 670.0
22236 249.0 632.0
22248 274.0 595.0
22260 303.0 559.0
22271 335.0 526.0
22283 368.0 497.0
22295 403.0 473.0
22306 438.0 455.0
22318 472.0 442.0
22330 507.0 434.0
22342 542.0 432.0
22353 577.0 436.0
22365 610.0 446.0
22377 643.0 462.0
22389 674.0 482.0
22400 705.0 506.0
22412 735.0 534.0
22424 766.0 565.0
22436 799.0 599.0
22447 834.0 634.0
22459 871.0 670.0
22471 911.0 706.0
22483 952.0 740.0
22494 994.0 771.0
22506 1039.0 801.0
22518 1084.0 828.0
22530 1132.0 853.0
22542 1180.0 876.0
22553 1230.0 896.0
22566 1281.0 912.0
22577 1331.0 923.0
22589 1381.0 930.0
22601 1430.0 929.0
22613 1476.0 923.0
22625 1519.0 910.0
22636 1557.0 893.0
22648 1589.0 872.0
22660 1615.0 849.0
22672 1638.0 824.0
22684 1656.0 797.0
22696 1671.0 770.0
22707 1684.0 741.0
22719 1696.0 711.0
22731 1706.0 679.0
22742 1713.0 645.0
22754 1717.0 611.0
22766 1716.0 577.0
22778 1709.0 546.0
22790 1696.0 520.0
22801 1678.0 497.0
22813 1653.0 479.0
22825 1623.0 465.0
22836 1587.0 455.0
22848 1546.0 448.0
22860 1501.0 446.0
22872 1451.0 447.0
22884 1399.0 452.0
22895 1345.0 461.0
22907 1290.0 473.0
22919 1235.0 489.0
22931 1178.0 509.0
22942 1120.0 530.0
22954 1062.0 554.0
22966 1003.0 581.0
22978 944.0 612.0
22989 886.0 645.0
23001 830.0 678.0
23013 774.0 710.0
23025 720.0 740.0
23036 667.0 767.0
23048 616.0 790.0
23060 568.0 810.0
23072 523.0 826.0
23084 480.0 838.0
23095 439.0 847.0
23107 402.0 850.0
23119 367.0 850.0
23131 337.0 846.0
23142 309.0 838.0
23154 286.0 825.0
23167 265.0 809.0
23178 248.0 790.0
23190 234.0 768.0
23202 224.0 744.0
23213 216.0 718.0
23225 211.0 690.0
23237 209.0 660.0
23249 210.0 628.0
23260 214.0 595.0
23272 222.0 561.0
23284 233.0 525.0
23296 246.0 491.0
23307 263.0 458.0
23319 281.0 429.0
23331 300.0 405.0
23343 321.0 386.0
23355 345.0 371.0
23366 372.0 361.0
23378 402.0 355.0
23389 433.0 353.0
23402 465.0 355.0
23413 499.0 361.0
23425 533.0 371.0
23437 567.0 386.0
23449 602.0 405.0
23460 637.0 426.0
23472 673.0 450.0
23484 710.0 478.0
23495 750.0 508.0
23507 791.0 540.0
23519 833.0 575.0
23531 877.0 613.0
23543 921.0 653.0
23555 966.0 693.0
23566 1011.0 732.0
23578 1057.0 769.0
23590 1105.0 803.0
23602 1155.0 834.0
23613 1207.0 859.0
23625 1259.0 881.0
23637 1310.0 896.0
23649 1359.0 906.0
23661 1407.0 911.0
23673 1453.0 910.0
23684 1498.0 906.0
23696 1542.0 897.0
23708 1585.0 885.0
23720 1625.0 870.0
23731 1661.0 853.0
23743 1692.0 834.0
23755 1717.0 814.0
23767 1738.0 790.0
23779 1756.0 763.0
23790 1772.0 731.0
23802 1784.0 694.0
23814 1792.0 655.0
23826 1794.0 615.0
23837 1792.0 575.0
23849 1785.0 537.0
23861 1773.0 503.0
23873 1757.0 472.0
23885 1735.0 446.0
23896 1709.0 423.0
23908 1676.0 405.0
23920 1636.0 392.0
23931 1590.0 382.0
23943 1537.0 377.0
23955 1481.0 377.0
23967 1420.0 381.0
23978 1358.0 389.0
23990 1296.0 401.0
24002 1235.0 417.0
24013 1174.0 436.0
24025 1115.0 459.0
24037 1059.0 485.0
24049 1004.0 515.0
24061 950.0 548.0
24072 896.0 585.0
24084 842.0 623.0
24096 790.0 660.0
24107 740.0 695.0
24120 692.0 728.0
24131 645.0 759.0
24143 600.0 787.0
24155 556.0 811.0
24167 512.0 830.0
24178 468.0 844.0
24190 425.0 854.0
24202 384.0 859.0
24214 346.0 858.0
24225 313.0 853.0
24237 284.0 843.0
24249 260.0 828.0
24261 239.0 810.0
24273 221.0 788.0
24285 208.0 763.0
24296 200.0 734.0
24308 197.0 704.0
24320 199.0 672.0
24331 206.0 637.0
24343 221.0 599.0
24355 243.0 557.0
24367 270.0 515.0
24378 296.0 475.0
24390 322.0 441.0
24402 348.0 413.0
24414 375.0 392.0
24425 402.0 377.0
24437 431.0 368.0
24449 462.0 364.0
24460 495.0 366.0
24472 529.0 373.0
24484 562.0 386.0
24496 596.0 403.0
24508 630.0 423.0
24519 664.0 446.0
24531 698.0 471.0
24543 733.0 498.0
24555 769.0 527.0
24566 807.0 557.0
24578 847.0 588.0
24590 888.0 622.0
24602 931.0 658.0
24613 973.0 693.0
24625 1017.0 727.0
24637 1060.0 760.0
24649 1104.0 792.0
24661 1148.0 821.0
24673 1192.0 846.0
24684 1236.0 866.0
24696 1280.0 881.0
24708 1323.0 891.0
24720 1364.0 894.0
24731 1403.0 891.0
24743 1439.0 883.0
24755 1472.0 869.0
24767 1502.0 852.0
24779 1527.0 831.0
24791 1549.0 807.0
24802 1569.0 781.0
24814 1587.0 754.0
24826 1602.0 725.0
24837 1615.0 697.0
24849 1625.0 668.0
24861 1631.0 640.0
24873 1634.0 612.0
24885 1632.0 585.0
24896 1625.0 559.0
24908 1611.0 533.0
24920 1591.0 507.0
24932 1564.0 483.0
24943 1532.0 463.0
24955 1495.0 446.0
24967 1452.0 434.0
24979 1405.0 428.0
24991 1355.0 426.0
25002 1301.0 429.0
25014 1244.0 436.0
25026 1184.0 448.0
25037 1121.0 464.0
25049 1058.0 483.0
25061 994.0 506.0
25073 933.0 532.0
25084 873.0 563.0
25096 815.0 597.0
25108 758.0 632.0
25120 704.0 666.0
25131 650.0 700.0
25143 596.0 734.0
25155 543.0 764.0
25167 490.0 791.0
25179 441.0 813.0
25191 395.0 829.0
25202 353.0 839.0
25214 318.0 842.0
25226 287.0 839.0
25238 260.0 830.0
25249 237.0 815.0
25261 216.0 796.0
25273 198.0 774.0
25285 184.0 750.0
25297 174.0 724.0
25308 167.0 697.0
25320 165.0 667.0
25332 168.0 637.0
25344 176.0 605.0
25355 189.0 572.0
25367 208.0 538.0
25379 230.0 506.0
25391 256.0 476.0
25403 283.0 450.0
25414 312.0 428.0
25426 342.0 411.0
25438 372.0 400.0
25449 404.0 394.0
25461 437.0 392.0
25473 471.0 395.0
25485 505.0 402.0
25496 542.0 413.0
25508 580.0 428.0
25520 619.0 448.0
25532 660.0 470.0
25544 700.0 495.0
25555 741.0 523.0
25567 783.0 553.0
25579 826.0 586.0
25591 869.0 620.0
25602 913.0 657.0
25614 958.0 692.0
25626 1002.0 727.0
25638 1048.0 758.0
25649 1096.0 786.0
25661 1146.0 811.0
25673 1198.0 833.0
25685 1252.0 849.0
25697 1307.0 861.0
25709 1362.0 868.0
25720 1415.0 870.0
25732 1465.0 868.0
25744 1512.0 861.0
25756 1556.0 851.0
25767 1598.0 837.0
25779 1635.0 819.0
25791 1669.0 797.0
25803 1697.0 772.0
25815 1720.0 745.0
25827 1736.0 717.0
25838 1748.0 689.0
25850 1755.0 663.0
25862 1758.0 639.0
25874 1756.0 618.0
25885 1750.0 597.0
25897 1737.0 575.0
25909 1716.0 551.0
25921 1688.0 526.0
25932 1653.0 501.0
25944 1613.0 477.0
25956 1567.0 457.0
25968 1517.0 440.0
25979 1464.0 428.0
25991 1408.0 420.0
26003 1353.0 418.0
26015 1297.0 422.0
26026 1240.0 431.0
26038 1182.0 447.0
26050 1126.0 467.0
26062 1071.0 491.0
26073 1019.0 518.0
26085 968.0 549.0
26097 919.0 582.0
26109 870.0 618.0
26120 822.0 653.0
26132 775.0 686.0
26144 728.0 717.0
26155 680.0 747.0
26167 630.0 775.0
26179 582.0 799.0
26191 536.0 818.0
26202 494.0 832.0
26214 457.0 842.0
26226 423.0 846.0
26238 392.0 845.0
26250 363.0 839.0
26261 337.0 828.0
26273 313.0 815.0
26285 291.0 799.0
26297 271.0 781.0
26309 252.0 762.0
26320 237.0 741.0
26332 224.0 719.0
26344 213.0 697.0
26356 204.0 673.0
26367 196.0 649.0
26379 191.0 623.0
26391 189.0 596.0
26403 190.0 566.0
26415 194.0 535.0
26426 202.0 504.0
26438 214.0 474.0
26450 230.0 447.0
26462 251.0 424.0
26473 276.0 404.0
26485 303.0 389.0
26497 334.0 379.0
26509 368.0 372.0
26520 405.0 370.0
26532 446.0 373.0
26544 487.0 381.0
26555 529.0 393.0
26567 572.0 409.0
26579 615.0 429.0
26591 657.0 453.0
26602 700.0 480.0
26614 743.0 509.0
26626 786.0 539.0
26638 830.0 572.0
26650 874.0 607.0
26661 917.0 644.0
26673 958.0 681.0
26685 999.0 717.0
26697 1039.0 752.0
26708 1079.0 785.0
26720 1119.0 816.0
26732 1159.0 844.0
26744 1200.0 868.0
26756 1242.0 888.0
26767 1285.0 904.0
26779 1327.0 914.0
26791 1369.0 918.0
26803 1410.0 917.0
26815 1450.0 910.0
26827 1488.0 898.0
26838 1524.0 881.0
26850 1557.0 861.0
26862 1585.0 839.0
26874 1608.0 815.0
26886 1627.0 789.0
26897 1643.0 761.0
26909 1655.0 731.0
26921 1666.0 701.0
26933 1673.0 671.0
26945 1678.0 642.0
26956 1680.0 614.0
26968 1679.0 587.0
26980 1676.0 562.0
26991 1668.0 539.0
27003 1655.0 517.0
27015 1635.0 497.0
27027 1608.0 478.0
27038 1576.0 462.0
27050 1540.0 449.0
27062 1501.0 440.0
27074 1458.0 435.0
27086 1412.0 435.0
27097 1365.0 438.0
27109 1315.0 446.0
27121 1263.0 457.0
27133 1208.0 473.0
27145 1151.0 492.0
27156 1094.0 514.0
27168 1038.0 539.0
27180 982.0 567.0
27191 926.0 599.0
27203 871.0 633.0
27215 816.0 668.0
27227 762.0 701.0
27238 706.0 734.0
27250 649.0 763.0
27262 593.0 790.0
27274 539.0 813.0
27286 486.0 832.0
27298 438.0 846.0
27309 393.0 855.0
27321 353.0 858.0
27333 318.0 857.0
27345 287.0 850.0
27357 259.0 839.0
27368 234.0 824.0
27380 214.0 807.0
27392 196.0 787.0
27404 182.0 766.0
27415 170.0 744.0
27427 162.0 720.0
27439 158.0 695.0
27451 158.0 668.0
27462 162.0 638.0
27474 170.0 607.0
27486 181.0 574.0
27498 194.0 542.0
27509 209.0 511.0
27521 227.0 484.0
27533 250.0 460.0
27545 278.0 440.0
27556 311.0 424.0
27568 349.0 411.0
27580 389.0 403.0
27592 431.0 398.0
27603 473.0 398.0
27615 514.0 402.0
27627 553.0 411.0
27639 592.0 425.0
27651 630.0 442.0
27662 669.0 464.0
27674 708.0 489.0
27686 747.0 516.0
27698 786.0 547.0
27709 826.0 581.0
27721 866.0 617.0
27733 908.0 655.0
27745 950.0 693.0
27756 993.0 729.0
27768 1038.0 764.0
27780 1085.0 796.0
27792 1131.0 825.0
27804 1179.0 851.0
27815 1227.0 873.0
27827 1275.0 889.0
27839 1321.0 898.0
27851 1366.0 902.0
27863 1408.0 900.0
27874 1448.0 893.0
27886 1485.0 883.0
27898 1517.0 869.0
27910 1545.0 854.0
27922 1571.0 835.0
27934 1593.0 814.0
27946 1611.0 790.0
27957 1626.0 764.0
27969 1637.0 735.0
27981 1646.0 704.0
27992 1651.0 673.0
28004 1653.0 642.0
28016 1651.0 612.0
28028 1645.0 583.0
28040 1634.0 556.0
28052 1619.0 531.0
28063 1599.0 508.0
28075 1573.0 488.0
28087 1541.0 471.0
28098 1502.0 458.0
28110 1456.0 450.0
28122 1406.0 447.0
28134 1352.0 448.0
28145 1298.0 455.0
28157 1242.0 466.0
28169 1186.0 479.0
28181 1131.0 496.0
28192 1076.0 515.0
28204 1024.0 537.0
28216 973.0 562.0
28227 922.0 591.0
28239 872.0 622.0
28251 823.0 655.0
28263 775.0 687.0
28275 728.0 717.0
28287 680.0 746.0
28298 632.0 774.0
28310 584.0 801.0
28322 536.0 824.0
28333 487.0 845.0
28345 438.0 861.0
28357 392.0 873.0
28369 350.0 879.0
28381 312.0 879.0
28393 279.0 871.0
28404 251.0 859.0
28416 226.0 842.0
28428 205.0 821.0
28440 188.0 798.0
28452 175.0 774.0
28463 167.0 749.0
28475 165.0 722.0
28487 169.0 693.0
28498 179.0 661.0
28510 195.0 627.0
28522 214.0 593.0
28534 237.0 561.0
28545 263.0 531.0
28557 291.0 505.0
28569 322.0 483.0
28581 357.0 466.0
28593 396.0 454.0
28604 438.0 446.0
28616 484.0 442.0
28628 531.0 444.0
28640 580.0 451.0
28651 629.0 463.0
28663 676.0 480.0
28675 723.0 501.0
28687 770.0 526.0
28698 817.0 553.0
28710 864.0 586.0
28722 911.0 621.0
28734 958.0 658.0
28745 1005.0 696.0
28757 1052.0 733.0
28769 1101.0 770.0
28781 1151.0 804.0
28793 1201.0 835.0
28805 1249.0 862.0
28816 1296.0 884.0
28828 1339.0 900.0
28840 1381.0 911.0
28852 1421.0 916.0
28864 1459.0 916.0
28875 1496.0 912.0
28887 1531.0 904.0
28899 1565.0 891.0
28911 1595.0 874.0
28923 1624.0 853.0
28934 1650.0 828.0
28946 1673.0 799.0
28958 1691.0 770.0
