1497 1358.0 548.0
1508 1352.0 551.0
1520 1343.0 556.0
1532 1331.0 565.0
1544 1321.0 577.0
1555 1315.0 589.0
1567 1311.0 600.0
1579 1311.0 612.0
1591 1312.0 624.0
1603 1315.0 635.0
1615 1320.0 646.0
1627 1328.0 655.0
1638 1338.0 662.0
1650 1351.0 667.0
1662 1365.0 670.0
1674 1381.0 670.0
1686 1397.0 668.0
1698 1414.0 664.0
1709 1431.0 657.0
1721 1449.0 648.0
1733 1466.0 637.0
1745 1483.0 623.0
1757 1499.0 607.0
1768 1516.0 590.0
1780 1530.0 573.0
1792 1543.0 553.0
1804 1554.0 532.0
1816 1565.0 510.0
1828 1575.0 486.0
1839 1582.0 462.0
1851 1587.0 435.0
1863 1590.0 408.0
1875 1590.0 380.0
1886 1589.0 352.0
1898 1586.0 323.0
1910 1580.0 295.0
1922 1571.0 267.0
1933 1559.0 239.0
1945 1544.0 210.0
1957 1527.0 182.0
1969 1507.0 155.0
1980 1484.0 130.0
1992 1459.0 105.0
2004 1432.0 82.0
2015 1404.0 62.0
2027 1375.0 44.0
2039 1346.0 31.0
2051 1316.0 22.0
2062 1285.0 17.0
2074 1250.0 15.0
2086 1211.0 18.0
2098 1171.0 23.0
2110 1128.0 32.0
2121 1085.0 42.0
2133 1044.0 56.0
2144 1008.0 72.0
2156 978.0 89.0
2168 955.0 107.0
2179 940.0 127.0
2191 930.0 149.0
2203 925.0 172.0
2215 923.0 195.0
2227 926.0 218.0
2238 932.0 241.0
2250 942.0 262.0
2262 955.0 279.0
2273 971.0 293.0
2285 989.0 304.0
2297 1009.0 310.0
2309 1030.0 312.0
2321 1049.0 309.0
2332 1067.0 304.0
2344 1082.0 296.0
2356 1095.0 286.0
2367 1105.0 274.0
2379 1113.0 260.0
2391 1117.0 246.0
2403 1120.0 231.0
2414 1120.0 217.0
2427 1116.0 203.0
2438 1111.0 188.0
2450 1102.0 173.0
2461 1090.0 158.0
2473 1075.0 143.0
2485 1058.0 126.0
2497 1040.0 110.0
2508 1021.0 94.0
2521 1001.0 79.0
2532 980.0 67.0
2543 958.0 56.0
2555 935.0 46.0
2567 911.0 41.0
2579 883.0 40.0
2590 853.0 45.0
2602 821.0 56.0
2614 787.0 73.0
2626 752.0 93.0
2637 717.0 118.0
2649 681.0 145.0
2661 646.0 176.0
2673 612.0 210.0
2684 580.0 247.0
2696 553.0 285.0
2708 529.0 325.0
2720 510.0 365.0
2732 494.0 407.0
2743 482.0 449.0
2755 473.0 489.0
2767 470.0 527.0
2779 474.0 561.0
2791 481.0 591.0
2803 492.0 615.0
2814 508.0 637.0
2826 525.0 654.0
2838 546.0 666.0
2850 569.0 675.0
2862 593.0 678.0
2874 616.0 679.0
2885 638.0 676.0
2898 657.0 670.0
2909 675.0 661.0
2922 691.0 651.0
2933 703.0 639.0
2945 712.0 625.0
2957 717.0 610.0
2969 720.0 597.0
2980 719.0 585.0
2992 716.0 573.0
3004 709.0 562.0
3016 698.0 556.0
3028 684.0 551.0
3040 667.0 547.0
3051 647.0 547.0
3063 623.0 549.0
3075 599.0 552.0
3087 574.0 558.0
3099 550.0 567.0
3111 526.0 578.0
3123 505.0 593.0
3135 485.0 610.0
3146 467.0 630.0
3158 452.0 654.0
3170 440.0 680.0
3182 429.0 709.0
3194 423.0 740.0
3206 419.0 773.0
3218 420.0 808.0
3230 423.0 844.0
3242 430.0 882.0
3253 441.0 920.0
3265 456.0 956.0
3277 475.0 990.0
3289 497.0 1022.0
3301 523.0 1052.0
3313 553.0 1079.0
3325 585.0 1103.0
3337 621.0 1124.0
3349 659.0 1141.0
3360 701.0 1155.0
3373 744.0 1164.0
3384 788.0 1167.0
3396 832.0 1168.0
3408 875.0 1164.0
3420 915.0 1158.0
3432 953.0 1147.0
3444 987.0 1131.0
3456 1019.0 1114.0
3468 1045.0 1094.0
3480 1068.0 1072.0
3492 1087.0 1051.0
3504 1101.0 1032.0
3515 1111.0 1014.0
3527 1116.0 998.0
3539 1118.0 984.0
3551 1116.0 973.0
3564 1112.0 962.0
3575 1104.0 952.0
3587 1094.0 945.0
3599 1080.0 940.0
3611 1064.0 936.0
3623 1048.0 933.0
3635 1032.0 934.0
3647 1017.0 937.0
3659 1003.0 943.0
3670 992.0 950.0
3682 983.0 960.0
3694 977.0 970.0
3706 973.0 984.0
3718 972.0 999.0
3730 975.0 1014.0
3742 980.0 1031.0
3754 990.0 1048.0
3766 1004.0 1066.0
3778 1021.0 1084.0
3790 1043.0 1102.0
3802 1067.0 1120.0
3814 1094.0 1137.0
3826 1126.0 1152.0
3838 1160.0 1164.0
3850 1198.0 1172.0
3861 1238.0 1175.0
3873 1280.0 1173.0
3885 1323.0 1165.0
3897 1364.0 1151.0
3909 1403.0 1133.0
3921 1440.0 1111.0
3933 1471.0 1087.0
3945 1499.0 1063.0
3957 1524.0 1037.0
3969 1546.0 1009.0
3981 1565.0 980.0
3992 1582.0 949.0
4005 1595.0 918.0
4016 1606.0 886.0
4028 1614.0 853.0
4041 1618.0 821.0
4052 1620.0 790.0
4064 1618.0 762.0
4076 1614.0 734.0
4088 1606.0 708.0
4100 1596.0 683.0
4111 1586.0 663.0
4124 1575.0 645.0
4135 1562.0 628.0
4147 1548.0 613.0
4159 1534.0 601.0
4170 1519.0 590.0
4182 1504.0 580.0
4194 1488.0 573.0
4206 1472.0 568.0
4218 1458.0 564.0
4230 1446.0 563.0
4241 1433.0 565.0
4253 1422.0 568.0
4265 1413.0 574.0
4277 1406.0 582.0
4289 1399.0 591.0
4301 1394.0 600.0
4312 1390.0 609.0
4325 1389.0 620.0
4336 1389.0 631.0
4348 1392.0 642.0
4360 1396.0 653.0
4372 1404.0 662.0
4384 1414.0 671.0
4395 1426.0 677.0
4407 1441.0 681.0
4420 1458.0 682.0
4431 1475.0 679.0
4443 1492.0 674.0
4455 1510.0 664.0
4467 1527.0 652.0
4478 1542.0 636.0
4490 1557.0 618.0
4502 1570.0 595.0
4514 1581.0 571.0
4526 1589.0 544.0
4538 1595.0 515.0
4549 1600.0 484.0
4561 1604.0 450.0
4573 1605.0 415.0
4585 1603.0 380.0
4596 1600.0 346.0
4608 1592.0 312.0
4621 1582.0 278.0
4632 1567.0 244.0
4644 1550.0 210.0
4655 1530.0 178.0
4667 1508.0 147.0
4679 1484.0 119.0
4690 1458.0 95.0
4702 1429.0 73.0
4714 1398.0 55.0
4726 1367.0 39.0
4737 1336.0 27.0
4749 1303.0 19.0
4761 1268.0 14.0
4773 1235.0 11.0
4784 1201.0 11.0
4796 1168.0 13.0
4808 1133.0 17.0
4819 1099.0 25.0
4831 1066.0 37.0
4843 1035.0 53.0
4855 1007.0 70.0
4867 983.0 90.0
4878 962.0 109.0
4890 946.0 129.0
4902 935.0 149.0
4913 927.0 168.0
4925 924.0 187.0
4937 924.0 206.0
4949 927.0 224.0
4961 935.0 240.0
4972 946.0 254.0
4984 960.0 267.0
4996 977.0 277.0
5008 994.0 284.0
5019 1012.0 287.0
5031 1030.0 286.0
5043 1047.0 282.0
5054 1063.0 275.0
5066 1077.0 265.0
5078 1090.0 255.0
5090 1101.0 244.0
5102 1109.0 231.0
5113 1114.0 218.0
5125 1117.0 204.0
5137 1116.0 190.0
5149 1113.0 175.0
5160 1109.0 160.0
5172 1101.0 145.0
5184 1091.0 130.0
5195 1077.0 117.0
5207 1062.0 104.0
5219 1045.0 92.0
5231 1026.0 81.0
5243 1003.0 72.0
5254 978.0 66.0
5266 951.0 62.0
5277 922.0 60.0
5289 894.0 62.0
5301 865.0 66.0
5313 836.0 73.0
5325 807.0 82.0
5336 778.0 94.0
5348 749.0 110.0
5359 720.0 128.0
5371 691.0 149.0
5383 663.0 172.0
5395 636.0 198.0
5406 611.0 227.0
5419 589.0 258.0
5430 569.0 290.0
5442 552.0 324.0
5454 538.0 359.0
5465 527.0 396.0
5477 518.0 432.0
5489 513.0 467.0
5501 511.0 501.0
5512 512.0 534.0
5525 516.0 565.0
5536 524.0 592.0
5548 534.0 617.0
5560 546.0 640.0
5572 561.0 658.0
5583 579.0 674.0
5595 599.0 684.0
5607 619.0 691.0
5619 640.0 694.0
5631 660.0 692.0
5643 678.0 688.0
5655 694.0 679.0
5666 708.0 668.0
5678 719.0 655.0
5690 728.0 640.0
5702 732.0 625.0
5714 735.0 610.0
5726 733.0 597.0
5737 730.0 585.0
5749 722.0 574.0
5761 712.0 565.0
5773 697.0 560.0
5784 680.0 556.0
5796 662.0 555.0
5808 642.0 557.0
5820 622.0 561.0
5832 602.0 567.0
5843 583.0 576.0
5855 565.0 586.0
5867 547.0 598.0
5879 530.0 612.0
5891 516.0 629.0
5903 504.0 647.0
5914 492.0 668.0
5926 482.0 691.0
5939 474.0 715.0
5950 468.0 743.0
5962 464.0 773.0
5974 461.0 805.0
5986 460.0 838.0
5998 462.0 872.0
6009 466.0 905.0
6021 474.0 937.0
6034 486.0 968.0
6045 501.0 997.0
6057 518.0 1022.0
6069 540.0 1046.0
6081 566.0 1066.0
6093 596.0 1085.0
6105 629.0 1102.0
6117 668.0 1116.0
6129 709.0 1126.0
6141 753.0 1132.0
6153 798.0 1135.0
6164 844.0 1132.0
6176 888.0 1127.0
6188 930.0 1118.0
6200 968.0 1105.0
6212 1003.0 1089.0
6224 1035.0 1072.0
6236 1064.0 1055.0
6248 1089.0 1037.0
6260 1110.0 1019.0
6272 1126.0 1003.0
6284 1138.0 987.0
6295 1146.0 971.0
6307 1149.0 956.0
6320 1149.0 942.0
6331 1145.0 928.0
6343 1137.0 917.0
6355 1127.0 907.0
6367 1115.0 900.0
6379 1102.0 895.0
6391 1087.0 891.0
6402 1071.0 892.0
6414 1054.0 895.0
6426 1036.0 900.0
6438 1020.0 907.0
6450 1006.0 916.0
6462 994.0 925.0
6474 984.0 936.0
6486 977.0 949.0
6498 973.0 964.0
6509 969.0 980.0
6521 969.0 996.0
6533 971.0 1013.0
6545 974.0 1031.0
6557 981.0 1050.0
6569 991.0 1069.0
6581 1003.0 1088.0
6593 1018.0 1107.0
6605 1036.0 1125.0
6617 1059.0 1140.0
6629 1084.0 1153.0
6641 1114.0 1162.0
6653 1146.0 1166.0
6664 1182.0 1166.0
6676 1220.0 1162.0
6688 1259.0 1151.0
6700 1298.0 1136.0
6712 1338.0 1117.0
6724 1377.0 1092.0
6736 1416.0 1064.0
6748 1455.0 1032.0
6759 1491.0 999.0
6771 1525.0 963.0
6783 1556.0 926.0
6795 1582.0 888.0
6807 1604.0 849.0
6819 1621.0 810.0
6831 1633.0 773.0
6843 1641.0 737.0
6855 1644.0 702.0
6867 1643.0 670.0
6878 1637.0 640.0
6890 1627.0 614.0
6902 1613.0 589.0
6913 1596.0 568.0
6925 1577.0 551.0
6938 1555.0 535.0
6949 1532.0 525.0
6961 1508.0 516.0
6973 1484.0 511.0
6984 1460.0 508.0
6996 1436.0 509.0
7008 1414.0 512.0
7020 1395.0 516.0
7032 1377.0 523.0
7044 1363.0 532.0
7055 1353.0 541.0
7067 1344.0 551.0
7079 1339.0 563.0
7091 1337.0 575.0
7103 1339.0 588.0
7114 1343.0 600.0
7127 1351.0 612.0
7138 1361.0 623.0
7150 1373.0 634.0
7162 1388.0 641.0
7174 1405.0 646.0
7185 1422.0 650.0
7198 1442.0 650.0
7209 1463.0 647.0
7221 1483.0 642.0
7233 1503.0 632.0
7244 1523.0 620.0
7256 1542.0 604.0
7268 1560.0 587.0
7280 1577.0 568.0
7292 1590.0 545.0
7304 1600.0 521.0
7315 1607.0 494.0
7327 1612.0 464.0
7339 1614.0 433.0
7351 1611.0 402.0
7363 1605.0 371.0
7374 1596.0 339.0
7386 1585.0 306.0
7398 1569.0 274.0
7410 1551.0 242.0
7422 1529.0 210.0
7433 1506.0 179.0
7445 1481.0 151.0
7457 1454.0 125.0
7468 1424.0 101.0
7480 1393.0 81.0
7492 1358.0 63.0
7504 1324.0 50.0
7515 1289.0 39.0
7527 1254.0 34.0
7539 1219.0 30.0
7550 1185.0 31.0
7562 1153.0 34.0
7574 1123.0 39.0
7585 1093.0 48.0
7597 1065.0 60.0
7609 1041.0 76.0
7621 1019.0 93.0
7632 1002.0 112.0
7644 986.0 132.0
7656 975.0 153.0
7668 966.0 174.0
7679 960.0 195.0
7691 957.0 215.0
7703 959.0 234.0
7715 962.0 252.0
7727 969.0 268.0
7738 978.0 282.0
7750 988.0 292.0
7762 1000.0 299.0
7773 1013.0 302.0
7786 1025.0 304.0
7797 1037.0 302.0
7809 1049.0 298.0
7821 1060.0 291.0
7832 1069.0 282.0
7844 1076.0 270.0
7856 1082.0 256.0
7868 1087.0 240.0
7880 1089.0 224.0
7892 1088.0 207.0
7903 1085.0 190.0
7915 1079.0 173.0
7927 1069.0 154.0
7938 1059.0 136.0
7950 1044.0 118.0
7962 1027.0 102.0
7974 1009.0 88.0
7985 987.0 77.0
7997 962.0 67.0
8009 935.0 60.0
8020 905.0 57.0
8032 874.0 58.0
8044 841.0 63.0
8055 807.0 74.0
8068 773.0 87.0
8079 739.0 105.0
8091 705.0 125.0
8103 672.0 149.0
8114 640.0 173.0
8126 609.0 201.0
8138 581.0 231.0
8150 557.0 263.0
8162 535.0 297.0
8173 517.0 332.0
8185 502.0 368.0
8197 491.0 403.0
8209 482.0 438.0
8220 478.0 471.0
8232 477.0 502.0
8244 481.0 529.0
8256 489.0 554.0
8268 499.0 577.0
8279 511.0 597.0
8291 527.0 615.0
8303 544.0 631.0
8315 561.0 645.0
8327 579.0 656.0
8339 598.0 665.0
8351 617.0 669.0
8362 636.0 670.0
8374 654.0 667.0
8386 672.0 662.0
8398 686.0 654.0
8410 698.0 645.0
8421 709.0 635.0
8433 717.0 623.0
8445 723.0 612.0
8457 727.0 601.0
8469 728.0 593.0
8481 727.0 584.0
8492 724.0 576.0
8504 719.0 569.0
8516 711.0 564.0
8528 701.0 560.0
8540 689.0 557.0
8551 676.0 557.0
8563 662.0 558.0
8575 648.0 561.0
8587 633.0 566.0
8598 618.0 574.0
8610 602.0 584.0
8622 586.0 595.0
8634 571.0 609.0
8646 556.0 625.0
8658 543.0 642.0
8669 531.0 662.0
8681 520.0 684.0
8693 510.0 708.0
8705 503.0 733.0
8717 498.0 760.0
8729 494.0 790.0
8741 493.0 820.0
8752 494.0 849.0
8764 498.0 877.0
8776 505.0 904.0
8788 516.0 931.0
8800 530.0 957.0
8812 547.0 982.0
8824 567.0 1005.0
8836 591.0 1026.0
8848 616.0 1045.0
8860 645.0 1063.0
8872 676.0 1080.0
8883 709.0 1093.0
8895 746.0 1104.0
8908 783.0 1114.0
8920 820.0 1119.0
8931 857.0 1122.0
8943 893.0 1118.0
8955 927.0 1112.0
8967 959.0 1102.0
8979 987.0 1090.0
8991 1013.0 1076.0
9003 1035.0 1061.0
9015 1053.0 1045.0
9027 1068.0 1030.0
9039 1079.0 1015.0
9051 1086.0 1001.0
9063 1089.0 988.0
9074 1088.0 975.0
9086 1085.0 964.0
9098 1081.0 954.0
9110 1074.0 945.0
9122 1067.0 937.0
9134 1058.0 931.0
9146 1048.0 927.0
9158 1037.0 924.0
9170 1026.0 926.0
9182 1015.0 929.0
9194 1003.0 936.0
9205 992.0 945.0
9217 983.0 955.0
9229 976.0 967.0
9241 971.0 980.0
9253 968.0 994.0
9265 968.0 1009.0
9277 972.0 1026.0
9289 976.0 1043.0
9301 985.0 1060.0
9313 995.0 1078.0
9325 1009.0 1095.0
9337 1026.0 1110.0
9349 1045.0 1124.0
9361 1068.0 1135.0
9373 1093.0 1144.0
9384 1121.0 1149.0
9396 1151.0 1151.0
9408 1183.0 1149.0
9420 1218.0 1143.0
9432 1254.0 1132.0
9444 1290.0 1116.0
9456 1324.0 1097.0
9468 1359.0 1073.0
9480 1392.0 1048.0
9492 1424.0 1019.0
9504 1452.0 988.0
9516 1477.0 956.0
9527 1501.0 921.0
9539 1519.0 884.0
9551 1535.0 847.0
9563 1546.0 810.0
9575 1554.0 774.0
9587 1558.0 739.0
9599 1560.0 705.0
9611 1557.0 672.0
9623 1551.0 641.0
9634 1540.0 613.0
9646 1527.0 588.0
9658 1510.0 565.0
9670 1493.0 547.0
9682 1475.0 532.0
9693 1457.0 521.0
9705 1439.0 513.0
9717 1421.0 509.0
9729 1403.0 507.0
9741 1386.0 510.0
9752 1372.0 513.0
9764 1360.0 521.0
9776 1350.0 530.0
9788 1343.0 540.0
9800 1340.0 552.0
9811 1340.0 565.0
9823 1343.0 579.0
9835 1350.0 592.0
9847 1361.0 605.0
9859 1373.0 616.0
9871 1388.0 627.0
9883 1405.0 634.0
9894 1425.0 639.0
9906 1447.0 642.0
9918 1469.0 642.0
9930 1490.0 638.0
9942 1511.0 632.0
9954 1531.0 622.0
9966 1552.0 609.0
9977 1571.0 592.0
9989 1589.0 574.0
10001 1605.0 553.0
10013 1618.0 530.0
10024 1629.0 506.0
10037 1636.0 480.0
10048 1640.0 451.0
10060 1644.0 420.0
10072 1644.0 389.0
10084 1642.0 357.0
10095 1639.0 325.0
10107 1632.0 293.0
10119 1622.0 262.0
10131 1609.0 233.0
10142 1592.0 206.0
10154 1574.0 179.0
10166 1551.0 154.0
10178 1526.0 131.0
10189 1497.0 111.0
10201 1466.0 93.0
10213 1434.0 77.0
10225 1400.0 65.0
10236 1365.0 55.0
10248 1330.0 49.0
10260 1293.0 45.0
10272 1254.0 45.0
10283 1214.0 48.0
10295 1173.0 53.0
10307 1134.0 60.0
10318 1097.0 69.0
10330 1065.0 80.0
10342 1035.0 94.0
10353 1011.0 109.0
10365 988.0 126.0
10377 971.0 143.0
10389 957.0 161.0
10401 947.0 180.0
10412 942.0 199.0
10424 941.0 218.0
10436 944.0 236.0
10448 950.0 252.0
10459 961.0 267.0
10471 974.0 280.0
10483 990.0 289.0
10494 1006.0 294.0
10507 1023.0 298.0
10519 1040.0 297.0
10530 1056.0 295.0
10542 1071.0 291.0
10553 1085.0 285.0
10565 1097.0 276.0
10577 1108.0 265.0
10589 1115.0 252.0
10600 1120.0 239.0
10612 1124.0 224.0
10624 1125.0 209.0
10635 1123.0 193.0
10648 1119.0 176.0
10659 1111.0 159.0
10671 1102.0 142.0
10682 1091.0 127.0
10694 1076.0 112.0
10706 1060.0 98.0
10718 1043.0 85.0
10729 1022.0 74.0
10741 999.0 64.0
10753 974.0 56.0
10764 945.0 52.0
10776 915.0 50.0
10788 884.0 53.0
10800 853.0 58.0
10811 821.0 68.0
10823 789.0 79.0
10835 758.0 93.0
10847 728.0 110.0
10858 699.0 128.0
10870 671.0 149.0
10882 643.0 173.0
10893 615.0 197.0
10905 590.0 225.0
10917 566.0 254.0
10929 548.0 284.0
10941 532.0 314.0
10952 521.0 344.0
10964 512.0 375.0
10976 507.0 403.0
10988 504.0 431.0
10999 505.0 459.0
11011 508.0 486.0
11024 513.0 513.0
11035 521.0 539.0
11047 531.0 564.0
11059 544.0 589.0
11070 559.0 613.0
11082 576.0 633.0
11094 595.0 651.0
11106 615.0 664.0
11118 635.0 674.0
11129 654.0 678.0
11141 674.0 679.0
11153 694.0 675.0
11165 712.0 669.0
11177 729.0 660.0
11189 743.0 650.0
11200 755.0 638.0
11212 764.0 623.0
11224 769.0 608.0
11236 772.0 591.0
11248 770.0 575.0
11260 766.0 561.0
11271 758.0 549.0
11283 746.0 539.0
11295 729.0 532.0
11307 709.0 529.0
11319 685.0 530.0
11330 661.0 534.0
11342 636.0 541.0
11354 612.0 549.0
11366 588.0 558.0
11378 566.0 568.0
11390 545.0 579.0
11401 525.0 593.0
11413 507.0 608.0
11425 489.0 627.0
11437 474.0 650.0
11449 461.0 675.0
11461 449.0 703.0
11472 438.0 732.0
11484 428.0 762.0
11496 423.0 793.0
11508 420.0 825.0
11520 422.0 858.0
11532 425.0 893.0
11544 434.0 929.0
11556 445.0 964.0
11567 463.0 996.0
11579 484.0 1025.0
11591 510.0 1051.0
11603 541.0 1073.0
11615 574.0 1091.0
11628 611.0 1106.0
11639 649.0 1117.0
11651 689.0 1126.0
11663 731.0 1130.0
11675 774.0 1134.0
11687 817.0 1136.0
11699 860.0 1136.0
11710 902.0 1134.0
11723 942.0 1130.0
11735 981.0 1122.0
11746 1016.0 1112.0
11758 1048.0 1098.0
11770 1077.0 1083.0
11782 1101.0 1067.0
11794 1121.0 1050.0
11806 1136.0 1034.0
11818 1145.0 1020.0
11830 1148.0 1006.0
11842 1146.0 995.0
11854 1137.0 985.0
11865 1121.0 979.0
11878 1100.0 974.0
11890 1076.0 971.0
11901 1049.0 969.0
11913 1021.0 969.0
11925 995.0 971.0
11937 969.0 974.0
11949 945.0 979.0
11961 925.0 987.0
11973 910.0 995.0
11985 899.0 1005.0
11997 893.0 1017.0
12009 892.0 1030.0
12020 895.0 1044.0
12032 901.0 1059.0
12044 912.0 1075.0
12056 927.0 1091.0
12068 944.0 1108.0
12080 963.0 1126.0
12092 984.0 1143.0
12104 1008.0 1159.0
12116 1034.0 1171.0
12128 1065.0 1180.0
12140 1097.0 1184.0
12152 1133.0 1186.0
12163 1171.0 1185.0
12175 1209.0 1182.0
12187 1246.0 1178.0
12199 1283.0 1169.0
12211 1320.0 1157.0
12223 1356.0 1140.0
12235 1392.0 1121.0
12247 1425.0 1099.0
12259 1457.0 1075.0
12271 1486.0 1050.0
12283 1514.0 1022.0
12295 1538.0 992.0
12307 1561.0 961.0
12319 1579.0 926.0
12330 1594.0 890.0
12342 1604.0 853.0
12354 1611.0 816.0
12366 1615.0 779.0
12378 1614.0 744.0
12390 1611.0 713.0
12401 1602.0 684.0
12414 1592.0 658.0
12425 1576.0 634.0
12437 1559.0 612.0
12449 1539.0 591.0
12461 1517.0 573.0
12473 1495.0 557.0
12484 1471.0 545.0
12496 1447.0 536.0
12508 1423.0 532.0
12520 1399.0 532.0
12532 1377.0 535.0
12544 1358.0 541.0
12555 1340.0 550.0
12568 1326.0 562.0
12579 1316.0 576.0
12591 1312.0 591.0
12603 1310.0 606.0
12615 1314.0 621.0
12627 1320.0 635.0
12638 1331.0 648.0
12651 1346.0 660.0
12662 1363.0 670.0
12674 1384.0 677.0
12686 1406.0 681.0
12698 1430.0 683.0
12710 1453.0 681.0
12722 1477.0 678.0
12733 1500.0 670.0
12745 1521.0 660.0
12757 1540.0 647.0
12769 1558.0 631.0
12781 1574.0 614.0
12793 1586.0 594.0
12804 1597.0 572.0
12816 1604.0 548.0
12828 1609.0 523.0
12840 1613.0 496.0
12852 1614.0 467.0
12864 1611.0 437.0
12875 1608.0 406.0
12887 1602.0 375.0
12899 1594.0 344.0
12911 1584.0 312.0
12923 1572.0 280.0
12934 1557.0 248.0
12946 1540.0 216.0
12958 1521.0 184.0
12970 1500.0 152.0
12982 1477.0 121.0
12993 1453.0 92.0
13005 1429.0 65.0
13017 1403.0 41.0
13028 1374.0 25.0
13040 1343.0 16.0
13052 1307.0 13.0
13064 1269.0 13.0
13075 1228.0 16.0
13087 1186.0 20.0
13099 1146.0 29.0
13111 1107.0 40.0
13122 1071.0 57.0
13134 1038.0 76.0
13146 1010.0 96.0
13157 988.0 117.0
13169 972.0 138.0
13181 962.0 159.0
13193 955.0 180.0
13204 951.0 200.0
13216 953.0 218.0
13228 958.0 235.0
13240 967.0 249.0
13252 979.0 259.0
13263 994.0 269.0
13275 1011.0 275.0
13287 1028.0 279.0
13299 1044.0 279.0
13311 1059.0 277.0
13322 1072.0 274.0
13334 1084.0 269.0
13346 1094.0 260.0
13358 1102.0 251.0
13369 1107.0 241.0
13381 1111.0 228.0
13393 1112.0 214.0
13405 1111.0 199.0
13417 1108.0 184.0
13428 1103.0 169.0
13440 1093.0 154.0
13452 1082.0 137.0
13464 1067.0 121.0
13475 1050.0 105.0
13487 1031.0 90.0
13499 1010.0 77.0
13511 987.0 66.0
13522 962.0 57.0
13534 935.0 51.0
13546 906.0 48.0
13558 875.0 50.0
13569 843.0 56.0
13581 808.0 66.0
13593 773.0 79.0
13604 736.0 96.0
13616 700.0 114.0
13628 665.0 135.0
13640 632.0 157.0
13651 600.0 181.0
13664 570.0 207.0
13675 543.0 237.0
13687 519.0 268.0
13699 500.0 301.0
13710 483.0 335.0
13722 472.0 371.0
13734 465.0 407.0
13746 463.0 443.0
13758 466.0 477.0
13770 472.0 510.0
13781 483.0 540.0
13793 497.0 568.0
13805 514.0 592.0
13817 531.0 614.0
13829 552.0 631.0
13841 573.0 644.0
13852 597.0 653.0
13864 620.0 657.0
13876 644.0 659.0
13888 666.0 656.0
13900 687.0 652.0
13912 705.0 645.0
13923 721.0 637.0
13935 733.0 627.0
13947 744.0 617.0
13959 751.0 606.0
13971 755.0 595.0
13983 757.0 585.0
13994 756.0 576.0
14006 752.0 569.0
14018 743.0 563.0
14030 731.0 559.0
14041 714.0 558.0
14053 695.0 558.0
14065 674.0 559.0
14077 651.0 560.0
14089 629.0 563.0
14101 607.0 567.0
14112 586.0 572.0
14124 566.0 580.0
14136 547.0 590.0
14148 529.0 602.0
14160 513.0 617.0
14172 500.0 634.0
14184 489.0 653.0
14195 479.0 676.0
14208 473.0 700.0
14219 469.0 724.0
14231 468.0 752.0
14243 471.0 781.0
14255 476.0 811.0
14267 483.0 841.0
14279 493.0 872.0
14291 503.0 903.0
14303 514.0 934.0
14314 529.0 965.0
14326 546.0 993.0
14338 566.0 1019.0
14350 590.0 1042.0
14362 618.0 1061.0
14374 649.0 1078.0
14386 684.0 1090.0
14398 721.0 1099.0
14410 759.0 1105.0
14422 797.0 1109.0
14434 836.0 1112.0
14446 875.0 1112.0
14458 913.0 1110.0
14470 949.0 1105.0
14482 982.0 1096.0
14494 1014.0 1085.0
14506 1041.0 1071.0
14518 1064.0 1055.0
14529 1082.0 1040.0
14541 1097.0 1025.0
14553 1106.0 1011.0
14565 1111.0 999.0
14577 1113.0 988.0
14589 1112.0 977.0
14601 1109.0 968.0
14613 1101.0 959.0
14625 1091.0 952.0
14637 1078.0 945.0
14648 1062.0 940.0
14661 1045.0 936.0
14673 1028.0 936.0
14684 1011.0 939.0
14696 995.0 943.0
14708 982.0 950.0
14720 971.0 959.0
14732 963.0 969.0
14744 959.0 980.0
14756 957.0 993.0
14767 959.0 1006.0
14779 963.0 1021.0
14792 971.0 1035.0
14803 981.0 1050.0
14815 993.0 1066.0
14827 1008.0 1082.0
14839 1025.0 1097.0
14851 1045.0 1112.0
14863 1067.0 1125.0
14875 1091.0 1137.0
14887 1115.0 1148.0
14899 1140.0 1158.0
14911 1167.0 1165.0
14923 1197.0 1169.0
14934 1228.0 1169.0
14946 1259.0 1166.0
14958 1292.0 1156.0
14971 1324.0 1144.0
14982 1354.0 1127.0
14994 1380.0 1109.0
15006 1405.0 1089.0
15018 1427.0 1068.0
15030 1447.0 1047.0
15042 1466.0 1024.0
15054 1484.0 1000.0
15065 1503.0 972.0
15078 1523.0 940.0
15089 1542.0 904.0
15101 1560.0 864.0
15113 1577.0 823.0
15125 1588.0 784.0
15137 1596.0 749.0
15149 1600.0 719.0
15161 1604.0 694.0
15172 1604.0 671.0
15184 1601.0 650.0
15196 1596.0 630.0
15208 1584.0 607.0
15220 1566.0 583.0
15232 1545.0 563.0
15244 1521.0 548.0
15256 1496.0 538.0
15267 1472.0 534.0
15279 1451.0 532.0
15291 1431.0 533.0
15303 1413.0 536.0
15315 1398.0 540.0
15327 1386.0 547.0
15338 1377.0 556.0
15350 1373.0 566.0
15362 1371.0 576.0
15374 1374.0 588.0
15386 1381.0 599.0
15398 1392.0 610.0
15409 1408.0 621.0
15421 1426.0 632.0
15433 1447.0 639.0
15445 1470.0 644.0
15457 1494.0 648.0
15469 1517.0 648.0
15480 1540.0 645.0
15492 1561.0 640.0
15504 1580.0 631.0
15516 1597.0 620.0
15528 1611.0 607.0
15540 1622.0 592.0
15551 1631.0 575.0
15563 1637.0 554.0
15575 1641.0 530.0
15587 1640.0 506.0
15599 1637.0 480.0
15610 1634.0 451.0
15622 1627.0 422.0
15634 1617.0 391.0
15646 1605.0 360.0
15658 1591.0 328.0
15670 1573.0 296.0
15681 1555.0 265.0
15693 1535.0 233.0
15705 1513.0 203.0
15716 1490.0 173.0
15728 1466.0 145.0
15740 1440.0 118.0
15752 1411.0 92.0
15763 1380.0 67.0
15775 1344.0 48.0
15787 1306.0 33.0
15798 1267.0 26.0
15810 1225.0 24.0
15822 1182.0 28.0
15834 1140.0 35.0
15845 1099.0 46.0
15857 1060.0 62.0
15869 1023.0 80.0
15881 991.0 100.0
15893 962.0 121.0
15904 938.0 142.0
15916 921.0 164.0
15928 910.0 186.0
15939 903.0 207.0
15951 901.0 226.0
15963 904.0 244.0
15974 911.0 261.0
15986 922.0 275.0
15998 937.0 287.0
16010 953.0 297.0
16022 970.0 303.0
16033 987.0 307.0
16045 1004.0 310.0
16057 1020.0 307.0
16069 1033.0 301.0
16080 1046.0 293.0
16092 1057.0 283.0
16104 1067.0 273.0
16116 1075.0 263.0
16127 1082.0 251.0
16139 1087.0 240.0
16151 1091.0 227.0
16163 1092.0 214.0
16174 1092.0 199.0
16186 1089.0 183.0
16198 1086.0 167.0
16210 1081.0 151.0
16221 1074.0 134.0
16233 1065.0 118.0
16245 1054.0 103.0
16256 1040.0 87.0
16268 1023.0 74.0
16280 1005.0 62.0
16292 983.0 53.0
16304 958.0 48.0
16315 930.0 47.0
16327 900.0 51.0
16339 869.0 58.0
16350 836.0 69.0
16362 803.0 84.0
16374 771.0 101.0
16385 739.0 120.0
16397 709.0 141.0
16409 679.0 164.0
16421 649.0 188.0
16432 620.0 217.0
16444 592.0 248.0
16456 567.0 281.0
16468 546.0 317.0
16479 528.0 354.0
16491 515.0 390.0
16503 505.0 425.0
16515 499.0 459.0
16527 495.0 491.0
16539 496.0 522.0
16550 500.0 549.0
16562 508.0 573.0
16574 519.0 593.0
16586 534.0 610.0
16598 551.0 624.0
16609 569.0 634.0
16621 588.0 641.0
16633 607.0 645.0
16645 626.0 645.0
16657 645.0 642.0
16669 663.0 637.0
16680 680.0 628.0
16692 694.0 617.0
16704 707.0 605.0
16716 717.0 593.0
16728 723.0 582.0
16740 725.0 571.0
16751 724.0 561.0
16763 721.0 552.0
16775 713.0 545.0
16787 702.0 539.0
16799 685.0 535.0
16810 668.0 533.0
16822 649.0 535.0
16834 629.0 538.0
16846 610.0 544.0
16858 590.0 551.0
16870 570.0 561.0
16881 551.0 573.0
16894 533.0 588.0
16905 515.0 605.0
16917 501.0 622.0
16929 489.0 642.0
16940 478.0 663.0
16952 472.0 686.0
16964 467.0 710.0
16976 464.0 734.0
16988 464.0 762.0
17000 466.0 791.0
17012 469.0 822.0
17024 475.0 853.0
17035 485.0 884.0
17047 497.0 917.0
17060 514.0 950.0
17072 532.0 982.0
17083 554.0 1012.0
17095 578.0 1040.0
17107 605.0 1067.0
17119 636.0 1092.0
17131 668.0 1116.0
17143 703.0 1136.0
17155 739.0 1154.0
17167 775.0 1166.0
17179 812.0 1175.0
17191 850.0 1178.0
17202 887.0 1178.0
17214 922.0 1175.0
17226 955.0 1168.0
17238 986.0 1158.0
17250 1014.0 1146.0
17262 1038.0 1131.0
17274 1061.0 1115.0
17286 1078.0 1099.0
17298 1092.0 1083.0
17310 1101.0 1068.0
17322 1105.0 1055.0
17334 1106.0 1042.0
17345 1103.0 1030.0
17358 1099.0 1018.0
17369 1091.0 1006.0
17381 1082.0 995.0
17393 1072.0 985.0
17405 1062.0 978.0
17417 1052.0 972.0
17429 1041.0 968.0
17441 1029.0 967.0
17453 1017.0 969.0
17464 1005.0 973.0
17477 994.0 979.0
17488 985.0 988.0
17500 978.0 998.0
17512 973.0 1008.0
17524 970.0 1021.0
17536 971.0 1034.0
17548 974.0 1048.0
17560 981.0 1062.0
17571 992.0 1076.0
17584 1005.0 1091.0
17595 1023.0 1105.0
17607 1044.0 1119.0
17619 1068.0 1131.0
17632 1096.0 1142.0
17643 1127.0 1150.0
17655 1158.0 1155.0
17667 1192.0 1159.0
17679 1228.0 1157.0
17691 1265.0 1152.0
17703 1302.0 1142.0
17715 1340.0 1130.0
17727 1376.0 1112.0
17739 1412.0 1092.0
17751 1445.0 1068.0
17762 1477.0 1043.0
17774 1505.0 1015.0
17787 1530.0 984.0
17798 1552.0 952.0
17810 1570.0 917.0
17822 1585.0 882.0
17834 1596.0 845.0
17845 1603.0 808.0
17858 1607.0 772.0
17869 1606.0 739.0
17881 1603.0 707.0
17893 1596.0 675.0
17905 1586.0 646.0
17917 1575.0 619.0
17928 1559.0 594.0
17941 1542.0 574.0
17952 1524.0 556.0
17964 1505.0 543.0
17976 1485.0 532.0
17988 1465.0 526.0
17999 1446.0 522.0
18012 1428.0 519.0
18023 1411.0 521.0
18035 1397.0 524.0
18047 1386.0 528.0
18059 1378.0 535.0
18070 1373.0 542.0
18083 1370.0 550.0
18094 1370.0 559.0
18106 1373.0 568.0
18118 1377.0 578.0
18130 1384.0 586.0
18141 1394.0 593.0
18153 1404.0 598.0
18165 1417.0 602.0
18177 1431.0 604.0
18189 1445.0 604.0
18200 1460.0 602.0
18212 1475.0 598.0
18224 1490.0 591.0
18236 1505.0 582.0
18248 1520.0 571.0
18259 1533.0 557.0
18271 1545.0 542.0
18283 1556.0 525.0
18296 1567.0 508.0
18307 1575.0 487.0
18319 1580.0 465.0
18330 1584.0 441.0
18342 1585.0 416.0
18354 1585.0 389.0
18366 1583.0 361.0
18377 1580.0 333.0
18389 1574.0 306.0
18401 1564.0 280.0
18413 1552.0 255.0
18425 1535.0 230.0
18436 1517.0 208.0
18448 1495.0 187.0
18460 1471.0 167.0
18472 1444.0 149.0
18484 1415.0 133.0
18495 1385.0 119.0
18507 1354.0 107.0
18518 1322.0 97.0
18530 1290.0 90.0
18542 1258.0 86.0
18554 1224.0 84.0
18565 1190.0 86.0
18577 1156.0 90.0
18589 1124.0 97.0
18601 1092.0 106.0
18612 1063.0 116.0
18624 1039.0 128.0
18636 1019.0 141.0
18648 1003.0 154.0
18659 991.0 166.0
18671 982.0 179.0
18683 977.0 192.0
18695 973.0 205.0
18706 973.0 218.0
18718 976.0 229.0
18730 980.0 240.0
18742 988.0 250.0
18753 998.0 258.0
18765 1009.0 264.0
18777 1021.0 268.0
18789 1032.0 271.0
18800 1044.0 271.0
18812 1055.0 269.0
18824 1066.0 265.0
18836 1074.0 258.0
18848 1082.0 250.0
18859 1089.0 241.0
18871 1094.0 231.0
18883 1098.0 221.0
18894 1100.0 209.0
18906 1098.0 198.0
18918 1094.0 186.0
18930 1087.0 173.0
18941 1077.0 160.0
18953 1066.0 147.0
18965 1051.0 135.0
18977 1034.0 124.0
18989 1014.0 113.0
19000 993.0 103.0
19012 971.0 96.0
19024 948.0 91.0
19035 923.0 88.0
19047 895.0 89.0
19059 864.0 93.0
19070 831.0 100.0
19083 797.0 111.0
19094 765.0 122.0
19106 733.0 137.0
19118 702.0 153.0
19129 673.0 170.0
19141 644.0 190.0
19153 617.0 213.0
19164 592.0 237.0
19176 568.0 265.0
19188 549.0 293.0
19200 533.0 323.0
19212 522.0 352.0
19224 512.0 382.0
19235 507.0 411.0
19247 504.0 440.0
19259 504.0 469.0
19271 507.0 497.0
19282 510.0 524.0
19294 516.0 550.0
19306 526.0 575.0
19318 538.0 595.0
19330 553.0 613.0
19341 569.0 628.0
19353 587.0 639.0
19365 607.0 648.0
19377 627.0 652.0
19389 646.0 655.0
19401 665.0 654.0
19413 683.0 651.0
19424 700.0 645.0
19436 715.0 636.0
19448 727.0 626.0
19460 737.0 615.0
19472 743.0 604.0
19484 747.0 593.0
19495 748.0 583.0
19507 745.0 575.0
19519 740.0 567.0
19531 730.0 561.0
19542 719.0 557.0
19554 705.0 553.0
19566 687.0 552.0
19578 670.0 553.0
19590 650.0 556.0
19602 631.0 560.0
19613 612.0 567.0
19625 593.0 576.0
19637 575.0 586.0
19649 557.0 598.0
19661 540.0 612.0
19673 525.0 629.0
19685 511.0 647.0
19696 500.0 668.0
19708 488.0 690.0
19720 477.0 714.0
19732 470.0 741.0
19744 465.0 771.0
19756 461.0 802.0
19768 461.0 833.0
19780 463.0 865.0
19791 466.0 897.0
19803 473.0 929.0
19815 484.0 961.0
19827 496.0 992.0
19839 513.0 1020.0
19851 532.0 1047.0
19863 555.0 1072.0
19875 580.0 1095.0
19887 609.0 1117.0
19899 640.0 1136.0
19910 675.0 1153.0
19923 713.0 1165.0
19934 751.0 1174.0
19946 790.0 1180.0
19958 830.0 1183.0
19970 870.0 1183.0
19983 909.0 1180.0
19994 944.0 1174.0
20006 976.0 1163.0
20018 1006.0 1149.0
20030 1032.0 1132.0
20042 1057.0 1112.0
20054 1076.0 1092.0
20066 1093.0 1072.0
20077 1104.0 1054.0
20090 1110.0 1036.0
20101 1112.0 1020.0
20113 1110.0 1004.0
20125 1106.0 991.0
20137 1098.0 978.0
20149 1088.0 967.0
20161 1078.0 959.0
20173 1066.0 953.0
20184 1053.0 950.0
20196 1040.0 950.0
20208 1026.0 952.0
20220 1013.0 955.0
20232 1001.0 961.0
20244 990.0 970.0
20256 980.0 979.0
20268 974.0 989.0
20280 970.0 1001.0
20292 970.0 1014.0
20304 973.0 1028.0
20316 978.0 1042.0
20327 986.0 1057.0
20339 996.0 1073.0
20351 1009.0 1089.0
20363 1026.0 1104.0
20375 1046.0 1117.0
20388 1071.0 1129.0
20399 1097.0 1140.0
20411 1127.0 1146.0
20423 1158.0 1150.0
20435 1190.0 1148.0
20447 1224.0 1143.0
20459 1259.0 1133.0
20471 1295.0 1121.0
20483 1330.0 1103.0
20494 1364.0 1083.0
20506 1398.0 1059.0
20519 1431.0 1033.0
20530 1462.0 1005.0
20542 1491.0 975.0
20554 1516.0 944.0
20566 1539.0 911.0
20578 1557.0 876.0
20590 1572.0 840.0
20602 1583.0 804.0
20613 1591.0 769.0
20625 1595.0 736.0
20637 1596.0 704.0
20649 1594.0 673.0
20661 1590.0 645.0
20672 1581.0 620.0
20684 1569.0 596.0
20696 1554.0 577.0
20708 1537.0 560.0
20720 1520.0 547.0
20732 1501.0 536.0
20743 1482.0 528.0
20755 1464.0 524.0
20767 1446.0 522.0
20779 1428.0 524.0
20791 1412.0 527.0
20803 1398.0 533.0
20814 1386.0 541.0
20826 1377.0 549.0
20838 1371.0 558.0
20850 1368.0 568.0
20862 1368.0 578.0
20873 1370.0 587.0
20885 1374.0 596.0
20897 1381.0 603.0
20909 1392.0 611.0
20921 1403.0 617.0
20933 1418.0 622.0
20944 1434.0 625.0
20956 1451.0 625.0
20968 1469.0 622.0
20981 1486.0 617.0
20992 1504.0 609.0
21004 1522.0 599.0
21016 1538.0 586.0
21028 1552.0 570.0
21039 1566.0 553.0
21051 1577.0 535.0
21063 1587.0 515.0
21075 1593.0 492.0
21087 1597.0 468.0
21098 1598.0 441.0
21110 1597.0 413.0
21122 1594.0 384.0
21134 1588.0 356.0
21145 1579.0 328.0
21157 1566.0 301.0
21169 1549.0 275.0
21181 1530.0 249.0
21192 1508.0 224.0
21204 1484.0 200.0
21216 1458.0 178.0
21228 1430.0 157.0
21239 1401.0 136.0
21251 1371.0 116.0
21263 1340.0 98.0
21275 1310.0 81.0
21287 1279.0 68.0
21298 1249.0 57.0
21311 1219.0 47.0
21322 1189.0 41.0
21333 1161.0 38.0
21345 1134.0 40.0
21357 1108.0 43.0
21369 1083.0 49.0
21380 1060.0 58.0
21392 1041.0 68.0
21404 1025.0 79.0
21415 1011.0 94.0
21427 1000.0 110.0
21439 990.0 127.0
21451 983.0 145.0
21463 978.0 164.0
21474 975.0 184.0
21486 975.0 203.0
21498 976.0 221.0
21510 979.0 238.0
21521 983.0 253.0
21533 989.0 266.0
21545 997.0 277.0
21557 1005.0 285.0
21569 1014.0 290.0
21580 1023.0 293.0
21592 1031.0 292.0
21604 1040.0 290.0
21616 1050.0 286.0
21627 1059.0 278.0
21639 1067.0 268.0
21651 1073.0 255.0
21663 1077.0 241.0
21674 1079.0 227.0
21686 1077.0 211.0
21698 1074.0 195.0
21710 1069.0 180.0
21721 1061.0 164.0
21733 1051.0 150.0
21745 1038.0 136.0
21756 1023.0 123.0
21768 1005.0 112.0
21780 985.0 101.0
21792 963.0 93.0
21804 940.0 86.0
21815 916.0 81.0
21827 889.0 78.0
21839 862.0 78.0
21850 832.0 82.0
21862 802.0 87.0
21874 771.0 96.0
21885 741.0 106.0
21897 710.0 119.0
21909 680.0 134.0
21921 651.0 151.0
21933 622.0 171.0
21944 594.0 193.0
21956 567.0 217.0
21968 542.0 244.0
21980 521.0 273.0
21992 502.0 303.0
22003 486.0 333.0
22015 473.0 362.0
22027 463.0 391.0
22038 458.0 420.0
22051 455.0 448.0
22062 455.0 476.0
22074 458.0 502.0
22086 464.0 527.0
22098 474.0 551.0
22109 485.0 571.0
22121 501.0 590.0
22133 518.0 608.0
22145 535.0 623.0
22157 554.0 635.0
22169 574.0 646.0
22180 594.0 653.0
22192 613.0 658.0
22204 632.0 660.0
22216 650.0 658.0
22228 667.0 654.0
22240 681.0 647.0
22251 694.0 639.0
22263 705.0 629.0
22275 714.0 617.0
22287 719.0 605.0
22299 723.0 594.0
22310 723.0 585.0
22322 720.0 575.0
22334 715.0 567.0
22346 705.0 561.0
22358 692.0 556.0
22369 675.0 552.0
22381 658.0 552.0
22393 639.0 553.0
22405 619.0 556.0
22417 600.0 559.0
22428 581.0 565.0
22440 563.0 573.0
22452 545.0 582.0
22464 530.0 593.0
22476 516.0 605.0
22488 505.0 619.0
22499 494.0 635.0
22511 485.0 652.0
22523 478.0 673.0
22535 474.0 695.0
22547 470.0 720.0
22559 470.0 747.0
22571 471.0 776.0
22582 475.0 806.0
22595 482.0 837.0
22606 492.0 868.0
22618 503.0 898.0
22630 517.0 928.0
22642 533.0 957.0
22654 551.0 984.0
22666 573.0 1009.0
22678 597.0 1032.0
22690 626.0 1052.0
22702 657.0 1070.0
22713 689.0 1086.0
22725 724.0 1098.0
22737 759.0 1109.0
22749 795.0 1114.0
22761 832.0 1117.0
22773 868.0 1115.0
22785 902.0 1110.0
22797 933.0 1101.0
22809 961.0 1090.0
22821 987.0 1076.0
22833 1010.0 1060.0
22844 1030.0 1043.0
22857 1048.0 1025.0
22868 1061.0 1008.0
22880 1070.0 991.0
22892 1075.0 975.0
22904 1077.0 960.0
22916 1076.0 947.0
22928 1073.0 934.0
22939 1067.0 922.0
22951 1059.0 912.0
22963 1050.0 906.0
22975 1040.0 902.0
22987 1029.0 898.0
22999 1018.0 898.0
23011 1006.0 900.0
23023 994.0 904.0
23035 983.0 910.0
23047 972.0 919.0
23058 964.0 930.0
23070 956.0 944.0
23082 950.0 958.0
23094 946.0 974.0
23106 944.0 991.0
23118 945.0 1008.0
23130 948.0 1025.0
23142 954.0 1043.0
23154 963.0 1060.0
23165 975.0 1077.0
23177 990.0 1093.0
23190 1008.0 1108.0
23201 1029.0 1123.0
23213 1054.0 1136.0
23225 1080.0 1147.0
23237 1111.0 1155.0
23249 1144.0 1159.0
23261 1180.0 1160.0
23273 1218.0 1156.0
23285 1257.0 1148.0
23297 1297.0 1138.0
23308 1338.0 1123.0
23321 1379.0 1106.0
23333 1420.0 1085.0
23344 1459.0 1060.0
23356 1497.0 1033.0
23368 1533.0 1002.0
23380 1566.0 968.0
23392 1597.0 931.0
23404 1624.0 892.0
23416 1648.0 853.0
23427 1666.0 814.0
23439 1678.0 775.0
23451 1685.0 739.0
23463 1685.0 705.0
23475 1680.0 673.0
23487 1669.0 643.0
23499 1652.0 617.0
23510 1630.0 593.0
23523 1605.0 573.0
23534 1577.0 555.0
23546 1547.0 541.0
23558 1516.0 530.0
23570 1485.0 521.0
23581 1454.0 517.0
23593 1424.0 515.0
23605 1396.0 516.0
23617 1370.0 519.0
23629 1347.0 525.0
23641 1329.0 534.0
23653 1315.0 543.0
23664 1305.0 553.0
23676 1301.0 563.0
23689 1301.0 573.0
23700 1304.0 584.0
23712 1313.0 594.0
23724 1323.0 603.0
23736 1339.0 610.0
23747 1356.0 617.0
23759 1378.0 622.0
23771 1401.0 626.0
23783 1425.0 627.0
23795 1450.0 624.0
23807 1474.0 621.0
23818 1499.0 614.0
23830 1522.0 606.0
23842 1545.0 596.0
23854 1566.0 585.0
23866 1585.0 571.0
23878 1602.0 556.0
23890 1615.0 539.0
23901 1625.0 521.0
23913 1632.0 500.0
23925 1635.0 476.0
23937 1637.0 452.0
23948 1635.0 425.0
23960 1632.0 397.0
23972 1626.0 369.0
23984 1616.0 340.0
23996 1604.0 311.0
24008 1587.0 283.0
24019 1568.0 255.0
24031 1544.0 228.0
24043 1520.0 202.0
24055 1492.0 176.0
24066 1463.0 152.0
24078 1432.0 130.0
24090 1398.0 110.0
24102 1363.0 92.0
24113 1326.0 77.0
24125 1289.0 64.0
24137 1252.0 54.0
24148 1214.0 46.0
24160 1177.0 42.0
24172 1141.0 41.0
24184 1107.0 44.0
24195 1075.0 50.0
24207 1044.0 59.0
24219 1016.0 70.0
24231 991.0 84.0
24242 970.0 99.0
24255 953.0 115.0
24266 941.0 132.0
24278 933.0 149.0
24290 929.0 166.0
24301 927.0 183.0
24313 930.0 200.0
24325 934.0 216.0
24336 941.0 230.0
24348 951.0 242.0
24360 962.0 252.0
24372 976.0 259.0
24383 991.0 263.0
24395 1007.0 265.0
24407 1022.0 263.0
24419 1036.0 259.0
24430 1049.0 251.0
24442 1060.0 241.0
24454 1069.0 231.0
24466 1076.0 217.0
24477 1080.0 202.0
24489 1083.0 185.0
24501 1080.0 168.0
24512 1076.0 150.0
24524 1069.0 132.0
24536 1059.0 114.0
24548 1047.0 97.0
24559 1033.0 81.0
24571 1018.0 66.0
24583 1001.0 52.0
24595 982.0 41.0
24607 961.0 31.0
24618 938.0 25.0
24630 914.0 21.0
24642 888.0 21.0
24653 861.0 25.0
24665 833.0 32.0
24676 804.0 43.0
24689 774.0 59.0
24700 743.0 78.0
24712 712.0 101.0
24723 680.0 126.0
24735 649.0 153.0
24747 622.0 182.0
24759 597.0 212.0
24770 576.0 242.0
24782 558.0 273.0
24794 545.0 305.0
24806 534.0 338.0
24818 527.0 370.0
24829 523.0 401.0
24841 521.0 431.0
24853 523.0 460.0
24865 527.0 487.0
24877 536.0 512.0
24889 546.0 535.0
24900 558.0 556.0
24912 573.0 575.0
24924 590.0 593.0
24936 608.0 607.0
24948 628.0 618.0
24959 648.0 627.0
24971 669.0 631.0
24983 691.0 632.0
24995 711.0 629.0
25007 730.0 624.0
25018 747.0 614.0
25030 760.0 604.0
25042 771.0 594.0
25054 778.0 582.0
25066 782.0 570.0
25077 783.0 559.0
25090 780.0 550.0
25101 775.0 542.0
25113 765.0 536.0
25125 753.0 531.0
25136 738.0 528.0
25148 721.0 526.0
25160 704.0 526.0
25172 685.0 527.0
25183 665.0 530.0
25195 646.0 534.0
25207 628.0 541.0
25219 610.0 549.0
25231 592.0 559.0
25243 575.0 572.0
25254 560.0 586.0
25266 547.0 602.0
25278 536.0 619.0
25290 525.0 637.0
25302 518.0 656.0
25314 512.0 677.0
25325 508.0 700.0
25337 505.0 724.0
25349 504.0 750.0
25361 504.0 778.0
25373 505.0 809.0
25385 508.0 840.0
25397 514.0 873.0
25409 523.0 906.0
25421 534.0 939.0
25432 549.0 971.0
25444 566.0 1003.0
25456 588.0 1030.0
25468 612.0 1056.0
25480 640.0 1080.0
25492 671.0 1100.0
25504 704.0 1118.0
25516 741.0 1131.0
25527 779.0 1142.0
25539 820.0 1147.0
25551 862.0 1150.0
25563 903.0 1148.0
25575 942.0 1144.0
25587 980.0 1135.0
25599 1016.0 1123.0
25611 1049.0 1107.0
25623 1078.0 1089.0
25635 1103.0 1068.0
25647 1124.0 1046.0
25659 1142.0 1024.0
25671 1153.0 1003.0
25682 1160.0 982.0
25694 1162.0 964.0
25707 1159.0 947.0
25718 1153.0 935.0
25730 1143.0 924.0
25742 1130.0 916.0
25754 1114.0 910.0
25766 1097.0 906.0
25778 1080.0 906.0
25789 1062.0 908.0
25802 1045.0 912.0
25813 1029.0 918.0
25825 1014.0 927.0
25837 1001.0 938.0
25849 990.0 951.0
25861 982.0 967.0
25873 978.0 984.0
25884 974.0 1002.0
25897 975.0 1023.0
25908 979.0 1042.0
25920 988.0 1061.0
25932 1001.0 1079.0
25945 1019.0 1097.0
25956 1042.0 1113.0
25968 1067.0 1126.0
25980 1097.0 1137.0
25992 1129.0 1144.0
26004 1165.0 1147.0
26016 1202.0 1147.0
26027 1239.0 1144.0
26040 1276.0 1136.0
26051 1314.0 1124.0
26063 1352.0 1106.0
26075 1389.0 1087.0
26087 1425.0 1063.0
26099 1458.0 1038.0
26111 1490.0 1009.0
26123 1519.0 978.0
26134 1546.0 945.0
26146 1571.0 909.0
26158 1593.0 871.0
26170 1611.0 833.0
26182 1626.0 794.0
26194 1636.0 755.0
26206 1641.0 718.0
26218 1641.0 684.0
26229 1637.0 653.0
26242 1628.0 625.0
26253 1616.0 600.0
26265 1600.0 576.0
26277 1583.0 555.0
26289 1565.0 537.0
26301 1545.0 523.0
26312 1525.0 512.0
26324 1503.0 505.0
26336 1482.0 502.0
26348 1461.0 501.0
26359 1441.0 503.0
26371 1423.0 507.0
26383 1408.0 513.0
26395 1396.0 520.0
26407 1386.0 529.0
26418 1379.0 539.0
26430 1375.0 550.0
26442 1373.0 563.0
26454 1373.0 577.0
26466 1377.0 590.0
26477 1382.0 602.0
26489 1391.0 614.0
26501 1403.0 624.0
26513 1417.0 632.0
26525 1434.0 637.0
26537 1451.0 641.0
26549 1468.0 641.0
26560 1485.0 637.0
26572 1504.0 632.0
26584 1523.0 623.0
26596 1541.0 612.0
26608 1559.0 596.0
26619 1575.0 579.0
26631 1588.0 559.0
26643 1599.0 537.0
26655 1608.0 514.0
26667 1615.0 489.0
26679 1619.0 463.0
26690 1621.0 435.0
26702 1618.0 405.0
26714 1613.0 374.0
26726 1605.0 343.0
26738 1595.0 310.0
26749 1582.0 278.0
26761 1565.0 246.0
26773 1547.0 218.0
26784 1524.0 191.0
26796 1499.0 166.0
26808 1470.0 143.0
26820 1439.0 124.0
26831 1404.0 107.0
26843 1367.0 94.0
26855 1331.0 83.0
26867 1294.0 76.0
26879 1257.0 72.0
26890 1222.0 70.0
26902 1190.0 71.0
26914 1159.0 74.0
26925 1130.0 81.0
26937 1103.0 90.0
26949 1078.0 100.0
26960 1054.0 112.0
26972 1034.0 127.0
26984 1017.0 142.0
26996 1004.0 157.0
27008 993.0 173.0
27019 987.0 189.0
27031 983.0 205.0
27043 983.0 221.0
27054 985.0 236.0
27066 988.0 250.0
27078 993.0 263.0
27090 1000.0 275.0
27102 1009.0 285.0
27113 1018.0 291.0
27125 1027.0 295.0
27137 1036.0 296.0
27149 1045.0 294.0
27160 1054.0 291.0
27172 1062.0 286.0
27184 1068.0 278.0
27196 1072.0 268.0
27208 1077.0 255.0
27219 1081.0 241.0
27231 1084.0 226.0
27243 1084.0 210.0
27255 1082.0 194.0
27266 1079.0 177.0
27278 1072.0 161.0
27290 1064.0 145.0
27301 1053.0 129.0
27313 1039.0 114.0
27325 1023.0 101.0
27337 1006.0 90.0
27348 986.0 81.0
27360 964.0 75.0
27372 942.0 71.0
27383 918.0 69.0
27395 893.0 70.0
27407 866.0 73.0
27419 840.0 78.0
27430 814.0 86.0
27442 787.0 97.0
27454 761.0 111.0
27466 736.0 128.0
27477 709.0 147.0
27489 682.0 169.0
27501 654.0 194.0
27512 628.0 222.0
27524 603.0 253.0
27536 579.0 284.0
27548 559.0 319.0
27560 542.0 355.0
27571 529.0 389.0
27583 518.0 421.0
27595 512.0 452.0
27607 509.0 480.0
27618 509.0 506.0
27630 513.0 529.0
27642 519.0 549.0
27654 530.0 567.0
27666 541.0 583.0
27677 554.0 597.0
27689 568.0 609.0
27702 583.0 619.0
27713 598.0 626.0
27725 613.0 631.0
27737 628.0 633.0
27749 641.0 632.0
27760 655.0 628.0
27772 666.0 621.0
27784 676.0 613.0
27796 683.0 603.0
27807 688.0 593.0
27819 692.0 583.0
27831 694.0 572.0
27843 692.0 561.0
27855 689.0 552.0
27867 684.0 546.0
27878 676.0 540.0
27890 666.0 536.0
27902 653.0 533.0
27914 639.0 533.0
27925 624.0 535.0
27937 608.0 538.0
27949 593.0 542.0
27961 578.0 549.0
27973 564.0 557.0
27984 550.0 567.0
27996 538.0 578.0
28008 526.0 592.0
28020 515.0 608.0
28032 507.0 625.0
28044 501.0 645.0
28055 497.0 667.0
28067 493.0 691.0
28079 489.0 715.0
28091 486.0 742.0
28103 486.0 771.0
28115 487.0 802.0
28127 491.0 833.0
28139 497.0 865.0
28150 505.0 898.0
28162 516.0 930.0
28174 531.0 962.0
28186 549.0 993.0
28198 572.0 1020.0
28210 598.0 1045.0
28222 629.0 1066.0
28233 663.0 1084.0
28245 700.0 1101.0
28258 738.0 1113.0
28269 777.0 1123.0
28281 817.0 1128.0
28293 856.0 1130.0
28305 894.0 1127.0
28317 929.0 1120.0
28329 962.0 1110.0
28341 994.0 1096.0
28353 1021.0 1079.0
28364 1046.0 1063.0
28376 1067.0 1046.0
28389 1084.0 1031.0
28400 1095.0 1017.0
28412 1102.0 1004.0
28424 1104.0 992.0
28436 1101.0 981.0
28448 1096.0 972.0
28460 1087.0 965.0
28471 1077.0 960.0
28483 1067.0 956.0
28495 1057.0 953.0
28507 1046.0 953.0
28519 1035.0 955.0
28531 1026.0 958.0
28543 1018.0 962.0
28555 1010.0 969.0
28567 1003.0 977.0
28578 997.0 987.0
28590 994.0 999.0
28602 994.0 1012.0
28614 998.0 1026.0
28626 1003.0 1039.0
28638 1011.0 1053.0
28650 1021.0 1068.0
28662 1033.0 1083.0
28674 1048.0 1098.0
28686 1065.0 1112.0
28697 1084.0 1124.0
28709 1106.0 1135.0
28721 1130.0 1143.0
28733 1157.0 1146.0
28745 1185.0 1145.0
28757 1215.0 1141.0
28769 1245.0 1133.0
28781 1276.0 1121.0
28793 1307.0 1105.0
28805 1339.0 1086.0
28817 1369.0 1064.0
28828 1399.0 1039.0
28841 1428.0 1011.0
28852 1456.0 980.0
28864 1482.0 948.0
28876 1507.0 914.0
28888 1529.0 880.0
28900 1549.0 845.0
28912 1567.0 810.0
28923 1582.0 777.0
28935 1592.0 745.0
28947 1598.0 714.0
28959 1599.0 688.0
28971 1595.0 663.0
28983 1586.0 642.0
28994 1575.0 623.0
29006 1560.0 605.0
29018 1544.0 592.0
29030 1528.0 580.0
29042 1513.0 569.0
29053 1498.0 561.0
29065 1482.0 557.0
29077 1467.0 554.0
29089 1452.0 554.0
29101 1437.0 557.0
29113 1424.0 561.0
29124 1413.0 567.0
29136 1405.0 574.0
29148 1401.0 581.0
29160 1397.0 589.0
29172 1396.0 597.0
29184 1398.0 604.0
29195 1401.0 611.0
29208 1408.0 617.0
29219 1416.0 622.0
29231 1426.0 625.0
29243 1439.0 625.0
29255 1452.0 622.0
29266 1466.0 618.0
29278 1480.0 611.0
29290 1493.0 602.0
29302 1505.0 591.0
29314 1516.0 577.0
29325 1527.0 561.0
29337 1535.0 544.0
29349 1542.0 523.0
29361 1545.0 501.0
29373 1548.0 478.0
29384 1547.0 453.0
29396 1544.0 426.0
29408 1540.0 398.0
29420 1533.0 369.0
29431 1523.0 339.0
29444 1512.0 310.0
29455 1498.0 281.0
29467 1483.0 253.0
29479 1466.0 225.0
29490 1445.0 198.0
29502 1423.0 173.0
29514 1399.0 149.0
29525 1373.0 129.0
29537 1344.0 110.0
29549 1316.0 93.0
29560 1287.0 79.0
29572 1257.0 68.0
29584 1227.0 59.0
29596 1197.0 54.0
29607 1167.0 50.0
29619 1139.0 50.0
29631 1111.0 54.0
29643 1085.0 59.0
29654 1060.0 69.0
29666 1037.0 81.0
29678 1016.0 95.0
29689 998.0 111.0
29701 983.0 127.0
29713 972.0 144.0
29725 963.0 162.0
29736 958.0 179.0
29748 956.0 196.0
29760 958.0 212.0
29772 961.0 226.0
29783 967.0 239.0
29795 976.0 251.0
29807 986.0 262.0
29819 996.0 271.0
29830 1007.0 277.0
29842 1019.0 281.0
29854 1030.0 283.0
29866 1042.0 282.0
29878 1053.0 279.0
29889 1063.0 276.0
29901 1070.0 271.0
29912 1076.0 263.0
29924 1080.0 253.0
29936 1084.0 243.0
29948 1086.0 233.0
29960 1083.0 222.0
29971 1078.0 210.0
29983 1071.0 198.0
29995 1062.0 186.0
