0 1773.0 444.0
12 1770.0 434.0
24 1761.0 408.0
35 1746.0 371.0
47 1721.0 330.0
59 1688.0 291.0
71 1651.0 262.0
82 1605.0 234.0
94 1552.0 208.0
106 1489.0 186.0
117 1418.0 167.0
129 1341.0 152.0
140 1249.0 138.0
152 1147.0 127.0
164 1046.0 122.0
176 970.0 122.0
187 902.0 124.0
199 836.0 129.0
210 764.0 137.0
222 689.0 148.0
234 616.0 162.0
245 548.0 178.0
257 484.0 198.0
269 425.0 221.0
280 370.0 246.0
292 319.0 275.0
304 273.0 306.0
316 232.0 339.0
327 196.0 374.0
339 169.0 409.0
351 149.0 445.0
362 135.0 480.0
374 126.0 516.0
386 119.0 552.0
398 116.0 590.0
409 116.0 629.0
421 120.0 669.0
433 128.0 707.0
445 144.0 742.0
457 166.0 775.0
468 195.0 805.0
480 230.0 832.0
492 269.0 856.0
504 311.0 879.0
516 356.0 900.0
527 402.0 920.0
539 450.0 938.0
551 501.0 953.0
563 557.0 963.0
575 618.0 970.0
586 683.0 972.0
598 753.0 969.0
610 826.0 963.0
621 902.0 955.0
634 980.0 945.0
645 1059.0 933.0
657 1139.0 919.0
669 1221.0 904.0
681 1301.0 887.0
692 1379.0 869.0
704 1453.0 850.0
716 1521.0 831.0
728 1584.0 810.0
739 1640.0 789.0
751 1690.0 767.0
763 1732.0 744.0
774 1768.0 720.0
786 1797.0 696.0
798 1819.0 671.0
809 1834.0 646.0
821 1842.0 620.0
833 1843.0 593.0
845 1837.0 565.0
857 1824.0 537.0
868 1804.0 507.0
880 1777.0 478.0
892 1744.0 449.0
903 1706.0 420.0
915 1664.0 392.0
927 1617.0 365.0
938 1565.0 340.0
950 1509.0 316.0
962 1449.0 294.0
973 1385.0 274.0
985 1319.0 256.0
997 1250.0 243.0
1008 1180.0 232.0
1020 1107.0 225.0
1032 1034.0 220.0
1043 959.0 219.0
1055 883.0 221.0
1067 807.0 227.0
1078 733.0 235.0
1090 662.0 245.0
1102 594.0 258.0
1113 530.0 274.0
1125 470.0 291.0
1137 413.0 310.0
1149 360.0 332.0
1161 312.0 355.0
1172 270.0 379.0
1184 234.0 406.0
1196 202.0 435.0
1207 176.0 465.0
1219 155.0 497.0
1231 140.0 530.0
1243 130.0 565.0
1254 126.0 601.0
1266 126.0 637.0
1278 132.0 673.0
1290 143.0 709.0
1302 158.0 743.0
1313 176.0 776.0
1325 198.0 807.0
1337 223.0 837.0
1348 251.0 865.0
1361 281.0 890.0
1372 314.0 914.0
1384 352.0 936.0
1396 392.0 956.0
1407 436.0 973.0
1419 482.0 989.0
1431 531.0 1002.0
1443 583.0 1013.0
1455 640.0 1021.0
1467 700.0 1025.0
1478 764.0 1026.0
1490 830.0 1024.0
1502 899.0 1019.0
1514 968.0 1011.0
1526 1038.0 1002.0
1538 1109.0 991.0
1549 1181.0 980.0
1561 1253.0 968.0
1573 1325.0 956.0
1585 1395.0 944.0
1596 1462.0 933.0
1608 1524.0 920.0
1620 1580.0 906.0
1632 1629.0 891.0
1644 1672.0 873.0
1656 1710.0 854.0
1667 1741.0 833.0
1679 1767.0 811.0
1691 1786.0 788.0
1703 1799.0 765.0
1714 1805.0 741.0
1726 1805.0 716.0
1738 1801.0 690.0
1749 1793.0 662.0
1761 1781.0 632.0
1773 1766.0 601.0
1785 1747.0 569.0
1796 1723.0 537.0
1808 1693.0 506.0
1820 1658.0 474.0
1831 1618.0 443.0
1843 1575.0 412.0
1855 1529.0 383.0
1867 1479.0 356.0
1878 1427.0 330.0
1890 1372.0 306.0
1902 1315.0 285.0
1913 1255.0 267.0
1925 1194.0 251.0
1937 1130.0 238.0
1948 1065.0 230.0
1960 999.0 225.0
1972 931.0 224.0
1983 862.0 227.0
1995 793.0 233.0
2007 722.0 243.0
2019 652.0 257.0
2030 584.0 274.0
2042 520.0 293.0
2054 458.0 316.0
2065 401.0 342.0
2077 349.0 371.0
2089 304.0 401.0
2100 264.0 433.0
2112 230.0 466.0
2124 202.0 501.0
2136 179.0 536.0
2147 162.0 572.0
2159 151.0 607.0
2171 146.0 642.0
2183 146.0 676.0
2194 151.0 709.0
2206 161.0 740.0
2218 176.0 770.0
2230 197.0 799.0
2242 222.0 826.0
2254 250.0 853.0
2265 282.0 879.0
2277 318.0 902.0
2289 360.0 923.0
2301 406.0 940.0
2312 456.0 955.0
2324 509.0 967.0
2336 564.0 977.0
2348 622.0 984.0
2359 682.0 989.0
2371 747.0 990.0
2383 815.0 988.0
2395 886.0 983.0
2407 959.0 975.0
2419 1033.0 965.0
2430 1106.0 954.0
2442 1179.0 944.0
2454 1251.0 932.0
2466 1322.0 921.0
2477 1390.0 908.0
2489 1456.0 896.0
2500 1519.0 882.0
2512 1578.0 867.0
2524 1631.0 850.0
2536 1678.0 831.0
2548 1719.0 811.0
2559 1754.0 789.0
2571 1783.0 765.0
2583 1804.0 741.0
2595 1818.0 716.0
2607 1826.0 691.0
2618 1827.0 664.0
2630 1823.0 635.0
2642 1815.0 606.0
2654 1803.0 575.0
2665 1786.0 544.0
2677 1762.0 514.0
2689 1730.0 484.0
2700 1691.0 454.0
2712 1646.0 426.0
2724 1595.0 398.0
2736 1540.0 372.0
2747 1481.0 347.0
2759 1417.0 324.0
2771 1351.0 303.0
2782 1282.0 286.0
2794 1211.0 270.0
2805 1138.0 258.0
2817 1062.0 249.0
2829 985.0 244.0
2840 906.0 243.0
2852 824.0 246.0
2864 729.0 253.0
2875 627.0 268.0
2887 548.0 285.0
2899 481.0 303.0
2911 411.0 326.0
2923 340.0 354.0
2934 273.0 386.0
2946 213.0 420.0
2958 163.0 455.0
2970 121.0 492.0
2981 88.0 528.0
2993 63.0 565.0
3005 47.0 602.0
3017 39.0 639.0
3028 38.0 676.0
3040 44.0 713.0
3052 57.0 749.0
3064 76.0 784.0
3075 101.0 817.0
3087 132.0 847.0
3099 169.0 875.0
3111 212.0 899.0
3123 261.0 919.0
3135 313.0 936.0
3146 369.0 950.0
3158 428.0 962.0
3170 489.0 973.0
3181 553.0 981.0
3193 621.0 987.0
3205 693.0 990.0
3217 768.0 991.0
3229 845.0 991.0
3241 923.0 989.0
3253 1000.0 984.0
3264 1076.0 976.0
3276 1151.0 964.0
3288 1224.0 949.0
3300 1297.0 932.0
3311 1369.0 912.0
3323 1437.0 892.0
3335 1502.0 871.0
3347 1563.0 849.0
3358 1619.0 828.0
3370 1669.0 807.0
3382 1715.0 785.0
3394 1754.0 764.0
3406 1787.0 741.0
3417 1815.0 717.0
3429 1836.0 692.0
3441 1850.0 666.0
3453 1859.0 640.0
3464 1861.0 612.0
3476 1856.0 584.0
3488 1844.0 557.0
3499 1822.0 529.0
3511 1791.0 502.0
3523 1752.0 475.0
3535 1704.0 450.0
3546 1651.0 426.0
3558 1592.0 403.0
3570 1528.0 382.0
3582 1460.0 361.0
3593 1390.0 341.0
3605 1317.0 322.0
3616 1242.0 306.0
3628 1168.0 292.0
3640 1093.0 282.0
3652 1018.0 276.0
3663 941.0 275.0
3675 863.0 278.0
3687 786.0 284.0
3698 709.0 294.0
3710 635.0 309.0
3722 564.0 328.0
3733 495.0 349.0
3745 431.0 374.0
3757 370.0 402.0
3768 314.0 431.0
3780 265.0 462.0
3792 222.0 494.0
3804 187.0 527.0
3815 157.0 560.0
3827 134.0 596.0
3839 117.0 633.0
3851 108.0 671.0
3863 106.0 710.0
3874 109.0 749.0
3886 119.0 787.0
3898 136.0 823.0
3910 161.0 856.0
3922 193.0 888.0
3933 233.0 916.0
3945 278.0 942.0
3957 328.0 964.0
3969 382.0 982.0
3980 439.0 998.0
3993 499.0 1012.0
4004 560.0 1023.0
4016 623.0 1031.0
4028 687.0 1035.0
4040 754.0 1036.0
4051 823.0 1033.0
4063 893.0 1026.0
4075 964.0 1016.0
4087 1035.0 1004.0
4098 1105.0 990.0
4110 1174.0 973.0
4122 1242.0 956.0
4134 1307.0 937.0
4146 1368.0 917.0
4158 1425.0 897.0
4169 1477.0 874.0
4181 1523.0 850.0
4193 1562.0 824.0
4205 1597.0 796.0
4216 1626.0 766.0
4228 1649.0 735.0
4240 1666.0 705.0
4252 1676.0 676.0
4263 1679.0 648.0
4275 1677.0 621.0
4287 1671.0 595.0
4298 1660.0 567.0
4310 1644.0 539.0
4322 1623.0 510.0
4334 1595.0 482.0
4345 1560.0 455.0
4357 1519.0 429.0
4369 1472.0 406.0
4380 1418.0 386.0
4392 1362.0 367.0
4404 1304.0 351.0
4415 1245.0 338.0
4427 1185.0 327.0
4439 1123.0 319.0
4451 1058.0 314.0
4463 991.0 312.0
4474 923.0 314.0
4486 855.0 319.0
4497 788.0 326.0
4509 724.0 335.0
4521 664.0 346.0
4533 606.0 361.0
4544 551.0 378.0
4556 499.0 399.0
4568 451.0 422.0
4579 407.0 447.0
4591 368.0 475.0
4603 335.0 503.0
4615 307.0 532.0
4627 287.0 561.0
4638 272.0 590.0
4650 261.0 617.0
4662 256.0 644.0
4674 255.0 670.0
4686 259.0 696.0
4697 267.0 721.0
4709 280.0 745.0
4721 298.0 768.0
4732 320.0 789.0
4745 348.0 807.0
4756 380.0 824.0
4768 415.0 838.0
4780 452.0 850.0
4792 492.0 861.0
4803 533.0 870.0
4815 576.0 879.0
4827 621.0 889.0
4839 669.0 898.0
4850 719.0 906.0
4862 771.0 912.0
4874 824.0 918.0
4886 879.0 922.0
4898 934.0 926.0
4910 990.0 928.0
4921 1046.0 929.0
4933 1101.0 928.0
4945 1156.0 926.0
4956 1212.0 921.0
4968 1267.0 913.0
4980 1321.0 902.0
4992 1373.0 889.0
5003 1424.0 872.0
5015 1472.0 853.0
5027 1517.0 833.0
5039 1559.0 811.0
5051 1596.0 789.0
5063 1629.0 766.0
5074 1658.0 743.0
5086 1681.0 719.0
5098 1701.0 695.0
5109 1716.0 669.0
5121 1727.0 643.0
5133 1735.0 615.0
5145 1739.0 587.0
5156 1737.0 560.0
5168 1730.0 533.0
5180 1718.0 507.0
5192 1701.0 481.0
5203 1679.0 456.0
5215 1651.0 430.0
5227 1618.0 406.0
5238 1581.0 382.0
5250 1540.0 359.0
5261 1493.0 338.0
5273 1443.0 319.0
5285 1391.0 302.0
5297 1338.0 286.0
5308 1284.0 272.0
5320 1229.0 260.0
5331 1172.0 249.0
5343 1114.0 242.0
5355 1055.0 238.0
5366 995.0 238.0
5378 934.0 242.0
5390 873.0 250.0
5402 813.0 262.0
5413 753.0 277.0
5425 695.0 296.0
5436 638.0 317.0
5448 584.0 341.0
5460 534.0 367.0
5472 488.0 395.0
5483 444.0 426.0
5495 405.0 458.0
5507 369.0 493.0
5519 339.0 528.0
5530 312.0 565.0
5542 291.0 602.0
5554 274.0 640.0
5566 262.0 677.0
5577 255.0 713.0
5589 255.0 748.0
5601 261.0 780.0
5613 273.0 811.0
5625 291.0 839.0
5636 315.0 865.0
5648 345.0 888.0
5660 381.0 909.0
5672 422.0 928.0
5684 469.0 943.0
5696 523.0 955.0
5707 582.0 963.0
5719 646.0 969.0
5731 715.0 972.0
5743 788.0 972.0
5755 864.0 970.0
5767 943.0 965.0
5778 1022.0 958.0
5790 1102.0 948.0
5802 1181.0 936.0
5814 1260.0 919.0
5825 1336.0 898.0
5837 1409.0 874.0
5849 1478.0 847.0
5861 1543.0 818.0
5872 1603.0 790.0
5884 1654.0 762.0
5896 1696.0 735.0
5907 1728.0 709.0
5919 1750.0 681.0
5931 1766.0 652.0
5943 1775.0 620.0
5955 1779.0 587.0
5966 1775.0 554.0
5978 1764.0 519.0
5990 1743.0 483.0
6002 1713.0 448.0
6013 1672.0 415.0
6025 1623.0 384.0
6037 1568.0 355.0
6048 1509.0 330.0
6060 1445.0 308.0
6071 1378.0 289.0
6083 1307.0 272.0
6095 1232.0 258.0
6107 1154.0 246.0
6118 1076.0 238.0
6130 998.0 232.0
6142 921.0 229.0
6153 846.0 229.0
6165 773.0 234.0
6177 701.0 244.0
6188 629.0 259.0
6200 559.0 280.0
6212 493.0 306.0
6223 431.0 336.0
6235 375.0 368.0
6247 326.0 403.0
6259 283.0 440.0
6271 247.0 477.0
6282 218.0 515.0
6294 196.0 554.0
6306 180.0 594.0
6318 171.0 635.0
6329 170.0 676.0
6341 178.0 715.0
6353 196.0 752.0
6364 223.0 786.0
6376 258.0 817.0
6388 299.0 845.0
6400 347.0 871.0
6412 399.0 894.0
6424 457.0 912.0
6435 522.0 925.0
6447 593.0 936.0
6459 669.0 943.0
6471 748.0 947.0
6483 841.0 951.0
6494 942.0 953.0
6506 1041.0 953.0
6518 1135.0 950.0
6529 1227.0 942.0
6541 1320.0 929.0
6553 1392.0 915.0
6565 1465.0 899.0
6577 1535.0 879.0
6589 1601.0 859.0
6600 1659.0 838.0
6612 1711.0 818.0
6624 1760.0 796.0
6636 1804.0 772.0
6647 1840.0 747.0
6659 1866.0 722.0
6671 1882.0 695.0
6683 1891.0 667.0
6694 1893.0 638.0
6706 1890.0 606.0
6718 1881.0 573.0
6730 1863.0 539.0
6741 1839.0 508.0
6753 1808.0 477.0
6765 1768.0 446.0
6776 1720.0 417.0
6788 1664.0 389.0
6800 1602.0 363.0
6811 1534.0 338.0
6823 1463.0 315.0
6835 1389.0 294.0
6847 1312.0 275.0
6858 1221.0 257.0
6870 1119.0 243.0
6882 1016.0 237.0
6893 915.0 237.0
6905 816.0 241.0
6917 720.0 249.0
6928 627.0 262.0
6940 556.0 277.0
6952 481.0 296.0
6964 410.0 318.0
6975 345.0 344.0
6987 284.0 373.0
6999 230.0 403.0
7010 182.0 434.0
7022 136.0 468.0
7034 96.0 505.0
7046 64.0 544.0
7057 42.0 585.0
7069 30.0 625.0
7081 27.0 666.0
7093 33.0 708.0
7105 47.0 749.0
7116 71.0 788.0
7128 106.0 826.0
7140 150.0 861.0
7152 202.0 892.0
7164 262.0 920.0
7176 326.0 944.0
7188 395.0 966.0
7199 467.0 985.0
7211 544.0 999.0
7223 637.0 1011.0
7235 740.0 1018.0
7246 845.0 1019.0
7258 945.0 1016.0
7270 1041.0 1009.0
7282 1134.0 999.0
7294 1225.0 986.0
7306 1294.0 975.0
7317 1366.0 959.0
7329 1435.0 941.0
7341 1498.0 921.0
7353 1553.0 902.0
7364 1601.0 881.0
7376 1641.0 859.0
7388 1678.0 834.0
7399 1711.0 807.0
7411 1737.0 777.0
7423 1755.0 745.0
7435 1766.0 713.0
7446 1769.0 680.0
7458 1765.0 645.0
7470 1753.0 609.0
7482 1732.0 572.0
7493 1703.0 534.0
7505 1667.0 495.0
7517 1624.0 457.0
7529 1575.0 419.0
7540 1521.0 382.0
7552 1460.0 347.0
7564 1395.0 316.0
7576 1325.0 289.0
7587 1252.0 266.0
7599 1174.0 249.0
7610 1081.0 237.0
7622 979.0 232.0
7634 877.0 236.0
7645 779.0 247.0
7657 684.0 265.0
7669 592.0 289.0
7680 524.0 310.0
7692 457.0 336.0
7704 394.0 365.0
7716 339.0 393.0
7728 292.0 422.0
7739 252.0 452.0
7751 215.0 485.0
7763 182.0 522.0
7775 156.0 561.0
7787 138.0 601.0
7798 128.0 642.0
7810 125.0 683.0
7822 132.0 725.0
7833 146.0 767.0
7845 169.0 808.0
7857 198.0 846.0
7869 235.0 883.0
7881 279.0 917.0
7892 328.0 946.0
7904 383.0 970.0
7916 444.0 989.0
7928 511.0 1003.0
7940 582.0 1013.0
7952 657.0 1020.0
7963 737.0 1023.0
7975 818.0 1024.0
7987 901.0 1022.0
7999 982.0 1019.0
8010 1063.0 1013.0
8022 1142.0 1005.0
8034 1220.0 994.0
8046 1296.0 981.0
8058 1369.0 965.0
8070 1439.0 946.0
8081 1506.0 926.0
8093 1569.0 903.0
8105 1624.0 879.0
8117 1672.0 853.0
8128 1711.0 824.0
8140 1744.0 793.0
8152 1771.0 760.0
8164 1794.0 725.0
8176 1814.0 687.0
8187 1829.0 648.0
8199 1837.0 608.0
8211 1835.0 568.0
8222 1823.0 528.0
8234 1802.0 489.0
8246 1771.0 452.0
8257 1731.0 417.0
8269 1683.0 384.0
8281 1625.0 353.0
8292 1559.0 325.0
8304 1474.0 298.0
8316 1373.0 275.0
8328 1268.0 258.0
8339 1161.0 247.0
8351 1056.0 242.0
8363 952.0 239.0
8375 851.0 240.0
8386 752.0 245.0
8398 656.0 256.0
8410 561.0 272.0
8421 473.0 292.0
8433 411.0 311.0
8445 331.0 341.0
8456 273.0 369.0
8468 218.0 399.0
8480 171.0 432.0
8491 133.0 465.0
8503 101.0 497.0
8515 76.0 530.0
8527 60.0 562.0
8538 51.0 594.0
8550 49.0 624.0
8562 54.0 656.0
8574 67.0 689.0
8586 88.0 722.0
8597 116.0 756.0
8609 152.0 788.0
8621 196.0 819.0
8633 247.0 849.0
8645 305.0 877.0
8657 370.0 902.0
8669 440.0 923.0
8680 516.0 941.0
8692 608.0 958.0
8704 710.0 971.0
8716 814.0 979.0
8727 916.0 982.0
8739 1017.0 979.0
8751 1119.0 973.0
8763 1218.0 963.0
8775 1313.0 950.0
8787 1404.0 933.0
8798 1469.0 916.0
8810 1546.0 894.0
8822 1613.0 872.0
8834 1671.0 848.0
8845 1720.0 824.0
8857 1760.0 799.0
8869 1790.0 774.0
8881 1812.0 750.0
8892 1829.0 726.0
8904 1842.0 698.0
8916 1850.0 666.0
8928 1852.0 632.0
8940 1849.0 595.0
8951 1839.0 557.0
8963 1822.0 517.0
8975 1797.0 476.0
8986 1764.0 434.0
8998 1722.0 391.0
9010 1675.0 350.0
9021 1623.0 310.0
9033 1568.0 274.0
9045 1510.0 241.0
9057 1447.0 212.0
9068 1380.0 186.0
9080 1308.0 165.0
9091 1233.0 149.0
9103 1156.0 138.0
9115 1079.0 131.0
9126 1002.0 131.0
9138 926.0 138.0
9150 849.0 150.0
9161 772.0 166.0
9173 698.0 189.0
9185 625.0 216.0
9196 557.0 246.0
9208 492.0 279.0
9220 432.0 316.0
9232 378.0 354.0
9244 330.0 394.0
9255 289.0 435.0
9267 254.0 477.0
9279 224.0 521.0
9291 200.0 568.0
9302 181.0 616.0
9314 169.0 664.0
9326 165.0 711.0
9337 169.0 757.0
9349 181.0 801.0
9361 201.0 843.0
9373 228.0 882.0
9385 262.0 916.0
9397 302.0 946.0
9409 351.0 970.0
9420 407.0 990.0
9432 470.0 1004.0
9444 539.0 1012.0
9456 615.0 1016.0
9468 708.0 1013.0
9479 811.0 1005.0
9491 914.0 994.0
9503 1013.0 979.0
9515 1111.0 961.0
9527 1207.0 937.0
9538 1301.0 911.0
9550 1391.0 883.0
9562 1477.0 852.0
9574 1536.0 827.0
9585 1601.0 797.0
9597 1655.0 768.0
9609 1699.0 740.0
9621 1737.0 711.0
9633 1767.0 682.0
9644 1790.0 653.0
9656 1807.0 625.0
9668 1817.0 599.0
9680 1820.0 570.0
9691 1814.0 540.0
9703 1799.0 509.0
9715 1772.0 478.0
9727 1734.0 447.0
9738 1685.0 416.0
9750 1628.0 387.0
9762 1566.0 360.0
9773 1499.0 334.0
9785 1427.0 310.0
9797 1351.0 288.0
9808 1260.0 267.0
9820 1159.0 250.0
9832 1057.0 239.0
9843 958.0 237.0
9855 860.0 241.0
9867 762.0 250.0
9878 666.0 267.0
9890 572.0 288.0
9902 483.0 313.0
9914 419.0 337.0
9925 347.0 367.0
9937 286.0 397.0
9949 233.0 427.0
9961 189.0 458.0
9972 152.0 487.0
9984 122.0 517.0
9996 100.0 546.0
10007 83.0 575.0
10019 72.0 606.0
10031 67.0 640.0
10043 71.0 676.0
10055 83.0 710.0
10067 105.0 743.0
10078 136.0 773.0
10090 176.0 802.0
10102 223.0 829.0
10114 277.0 854.0
10126 336.0 877.0
10137 400.0 899.0
10149 469.0 918.0
10161 543.0 935.0
10173 631.0 952.0
10185 708.0 964.0
10196 797.0 975.0
10208 897.0 983.0
10220 998.0 986.0
10232 1093.0 983.0
10243 1166.0 978.0
10256 1235.0 969.0
10267 1303.0 958.0
10279 1368.0 945.0
10291 1437.0 927.0
10303 1508.0 904.0
10314 1574.0 879.0
10326 1632.0 852.0
10338 1679.0 824.0
10349 1715.0 795.0
10362 1742.0 766.0
10373 1761.0 734.0
10385 1774.0 700.0
10397 1783.0 663.0
10408 1787.0 625.0
10420 1785.0 586.0
10432 1775.0 547.0
10443 1756.0 509.0
10456 1726.0 471.0
10467 1686.0 434.0
10479 1637.0 399.0
10490 1581.0 366.0
10502 1519.0 337.0
10514 1452.0 312.0
10525 1380.0 289.0
10537 1306.0 269.0
10549 1227.0 252.0
10561 1145.0 238.0
10572 1051.0 227.0
10584 949.0 222.0
10596 869.0 221.0
10607 800.0 225.0
10619 728.0 233.0
10631 652.0 246.0
10642 574.0 263.0
10654 499.0 285.0
10666 430.0 311.0
10678 367.0 338.0
10689 313.0 367.0
10701 266.0 396.0
10713 229.0 425.0
10724 201.0 456.0
10736 181.0 487.0
10748 168.0 519.0
10760 163.0 553.0
10772 164.0 588.0
10783 173.0 625.0
10795 188.0 665.0
10807 209.0 704.0
10819 237.0 743.0
10831 271.0 779.0
10842 312.0 814.0
10854 357.0 846.0
10866 407.0 875.0
10878 461.0 900.0
10889 520.0 919.0
10901 584.0 934.0
10913 651.0 944.0
10925 722.0 950.0
10937 795.0 952.0
10948 870.0 952.0
10960 945.0 950.0
10972 1020.0 947.0
10984 1096.0 941.0
10995 1171.0 932.0
11007 1244.0 921.0
11019 1316.0 907.0
11031 1385.0 890.0
11043 1452.0 870.0
11055 1515.0 848.0
11066 1573.0 824.0
11078 1626.0 798.0
11090 1670.0 773.0
11102 1705.0 746.0
11113 1732.0 718.0
11125 1750.0 689.0
11137 1760.0 659.0
11148 1764.0 626.0
11160 1763.0 591.0
11172 1756.0 554.0
11184 1741.0 515.0
11195 1718.0 476.0
11207 1686.0 436.0
11219 1646.0 399.0
11231 1596.0 364.0
11242 1539.0 334.0
11254 1474.0 307.0
11266 1404.0 284.0
11277 1328.0 265.0
11289 1236.0 248.0
11301 1134.0 234.0
11312 1031.0 225.0
11324 934.0 222.0
11336 860.0 222.0
11347 791.0 224.0
11359 722.0 229.0
11371 654.0 235.0
11383 583.0 244.0
11394 511.0 258.0
11406 442.0 276.0
11417 379.0 298.0
11429 322.0 324.0
11441 273.0 353.0
11453 231.0 385.0
11464 196.0 420.0
11476 170.0 458.0
11488 151.0 498.0
11500 140.0 541.0
11511 136.0 586.0
11523 139.0 632.0
11535 151.0 680.0
11547 170.0 725.0
11559 198.0 769.0
11570 235.0 810.0
11582 280.0 846.0
11594 331.0 877.0
11606 388.0 903.0
11618 450.0 924.0
11629 517.0 940.0
11641 588.0 953.0
11653 662.0 962.0
11665 739.0 968.0
11677 818.0 971.0
11689 899.0 970.0
11701 981.0 966.0
11712 1062.0 958.0
11724 1140.0 948.0
11736 1217.0 936.0
11747 1291.0 920.0
11759 1362.0 900.0
11771 1429.0 878.0
11783 1493.0 852.0
11794 1553.0 823.0
11806 1608.0 792.0
11818 1656.0 758.0
11830 1695.0 724.0
11841 1723.0 689.0
11853 1743.0 654.0
11865 1754.0 618.0
11877 1759.0 582.0
11889 1757.0 546.0
11900 1748.0 510.0
11912 1732.0 473.0
11924 1707.0 436.0
11935 1674.0 399.0
11947 1631.0 365.0
11959 1580.0 333.0
11971 1523.0 302.0
11982 1462.0 273.0
11994 1397.0 247.0
12006 1330.0 223.0
12017 1260.0 204.0
12029 1186.0 188.0
12040 1109.0 178.0
12052 1031.0 173.0
12064 952.0 173.0
12075 873.0 178.0
12087 796.0 188.0
12099 721.0 202.0
12110 648.0 221.0
12122 579.0 244.0
12134 513.0 273.0
12145 453.0 305.0
12157 398.0 340.0
12169 350.0 379.0
12181 308.0 420.0
12193 274.0 464.0
12204 248.0 510.0
12216 227.0 557.0
12228 214.0 604.0
12240 207.0 651.0
12252 208.0 696.0
12263 218.0 740.0
12275 236.0 781.0
12287 262.0 819.0
12299 296.0 855.0
12310 337.0 888.0
12322 383.0 918.0
12334 434.0 945.0
12346 489.0 969.0
12358 549.0 989.0
12370 613.0 1005.0
12381 682.0 1016.0
12393 756.0 1022.0
12405 833.0 1022.0
12417 912.0 1018.0
12429 991.0 1011.0
12441 1069.0 1001.0
12453 1145.0 987.0
12464 1220.0 970.0
12476 1292.0 949.0
12488 1362.0 925.0
12499 1429.0 899.0
12511 1491.0 871.0
12523 1548.0 841.0
12535 1599.0 812.0
12546 1643.0 781.0
12559 1679.0 750.0
12570 1708.0 719.0
12582 1732.0 687.0
12594 1749.0 654.0
12605 1760.0 620.0
12617 1763.0 586.0
12629 1759.0 551.0
12640 1745.0 517.0
12652 1723.0 483.0
12664 1692.0 449.0
12676 1652.0 417.0
12687 1604.0 387.0
12699 1549.0 359.0
12711 1486.0 334.0
12723 1417.0 311.0
12734 1345.0 291.0
12746 1268.0 275.0
12757 1177.0 260.0
12769 1075.0 249.0
12781 975.0 245.0
12793 899.0 246.0
12804 830.0 250.0
12816 763.0 256.0
12828 689.0 265.0
12839 611.0 278.0
12851 533.0 295.0
12863 459.0 317.0
12874 390.0 343.0
12886 328.0 372.0
12898 272.0 405.0
12910 223.0 439.0
12921 183.0 474.0
12933 151.0 510.0
12945 127.0 546.0
12957 110.0 582.0
12968 102.0 617.0
12980 100.0 651.0
12992 105.0 686.0
13004 116.0 722.0
13015 133.0 758.0
13028 158.0 794.0
13039 189.0 828.0
13051 227.0 861.0
13063 271.0 891.0
13075 321.0 919.0
13087 376.0 945.0
13098 435.0 968.0
13110 499.0 988.0
13122 566.0 1004.0
13134 637.0 1016.0
13145 711.0 1022.0
13157 787.0 1023.0
13169 865.0 1019.0
13181 944.0 1010.0
13193 1023.0 997.0
13205 1102.0 979.0
13216 1180.0 958.0
13228 1257.0 934.0
13240 1333.0 907.0
13252 1405.0 878.0
13264 1472.0 848.0
13275 1532.0 819.0
13287 1583.0 789.0
13299 1624.0 761.0
13310 1656.0 734.0
13322 1678.0 707.0
13334 1692.0 681.0
13346 1700.0 654.0
13358 1701.0 626.0
13369 1697.0 597.0
13381 1685.0 567.0
13393 1667.0 535.0
13405 1640.0 503.0
13416 1603.0 471.0
13428 1558.0 439.0
13440 1505.0 408.0
13451 1447.0 379.0
13463 1385.0 352.0
13475 1320.0 328.0
13487 1253.0 307.0
13498 1182.0 290.0
13510 1107.0 278.0
13522 1029.0 270.0
13533 947.0 267.0
13545 864.0 268.0
13557 781.0 274.0
13568 698.0 284.0
13580 617.0 297.0
13592 539.0 315.0
13604 464.0 337.0
13615 392.0 364.0
13627 325.0 393.0
13639 263.0 426.0
13650 207.0 462.0
13663 159.0 500.0
13674 119.0 540.0
13686 88.0 580.0
13698 67.0 619.0
13710 54.0 659.0
13721 50.0 698.0
13733 53.0 737.0
13745 65.0 776.0
13757 84.0 815.0
13768 110.0 852.0
13780 145.0 887.0
13792 187.0 919.0
13804 237.0 946.0
13816 293.0 969.0
13827 356.0 987.0
13839 424.0 1002.0
13851 495.0 1013.0
13863 571.0 1021.0
13875 649.0 1024.0
13887 742.0 1022.0
13898 844.0 1015.0
13910 944.0 1003.0
13922 1018.0 991.0
13934 1083.0 977.0
13946 1146.0 960.0
13957 1213.0 937.0
13969 1284.0 909.0
13981 1355.0 879.0
13993 1422.0 847.0
14004 1485.0 815.0
14016 1542.0 784.0
14028 1592.0 753.0
14040 1634.0 724.0
14051 1667.0 694.0
14063 1692.0 664.0
14075 1708.0 632.0
14087 1717.0 600.0
14098 1718.0 565.0
14110 1713.0 529.0
14122 1702.0 493.0
14134 1682.0 458.0
14145 1654.0 424.0
14157 1615.0 392.0
14169 1566.0 362.0
14181 1507.0 336.0
14192 1441.0 314.0
14204 1368.0 296.0
14215 1292.0 283.0
14227 1200.0 272.0
14239 1097.0 265.0
14251 995.0 263.0
14262 897.0 267.0
14274 802.0 275.0
14286 729.0 283.0
14297 657.0 292.0
14309 585.0 305.0
14321 518.0 321.0
14332 456.0 339.0
14344 392.0 362.0
14356 329.0 389.0
14367 271.0 419.0
14379 222.0 450.0
14391 182.0 484.0
14403 151.0 517.0
14415 128.0 550.0
14426 113.0 584.0
14438 107.0 618.0
14450 108.0 652.0
14462 115.0 686.0
14473 131.0 720.0
14485 154.0 753.0
14497 185.0 784.0
14509 224.0 813.0
14521 269.0 840.0
14532 320.0 865.0
14544 375.0 887.0
14556 434.0 908.0
14568 496.0 926.0
14580 562.0 943.0
14591 630.0 959.0
14604 702.0 972.0
14615 776.0 982.0
14627 852.0 988.0
14639 928.0 992.0
14651 1004.0 992.0
14663 1078.0 987.0
14674 1149.0 978.0
14686 1219.0 962.0
14698 1287.0 943.0
14709 1352.0 920.0
14721 1414.0 894.0
14733 1472.0 867.0
14745 1526.0 836.0
14756 1574.0 805.0
14768 1615.0 774.0
14780 1648.0 742.0
14792 1675.0 710.0
14803 1696.0 678.0
14815 1711.0 646.0
14827 1721.0 614.0
14839 1725.0 581.0
14851 1721.0 547.0
14862 1710.0 511.0
14874 1689.0 475.0
14886 1661.0 438.0
14897 1625.0 402.0
14909 1582.0 367.0
14921 1534.0 334.0
14933 1480.0 305.0
14944 1420.0 278.0
14956 1354.0 256.0
14967 1284.0 238.0
14979 1211.0 224.0
14991 1135.0 213.0
15003 1056.0 207.0
15014 977.0 205.0
15026 897.0 206.0
15038 818.0 211.0
15049 741.0 219.0
15061 665.0 231.0
15073 591.0 246.0
15085 521.0 264.0
15096 455.0 284.0
15108 396.0 307.0
15120 342.0 332.0
15131 296.0 359.0
15143 257.0 388.0
15155 225.0 418.0
15166 199.0 451.0
15178 180.0 484.0
15190 166.0 519.0
15202 159.0 555.0
15214 159.0 591.0
15225 165.0 628.0
15237 177.0 665.0
15249 196.0 700.0
15261 221.0 734.0
15272 253.0 767.0
15285 290.0 799.0
15296 333.0 829.0
15308 382.0 856.0
15320 438.0 879.0
15331 499.0 899.0
15343 565.0 914.0
15355 635.0 926.0
15367 709.0 935.0
15378 784.0 940.0
15390 861.0 942.0
15402 940.0 941.0
15414 1019.0 936.0
15426 1098.0 928.0
15438 1178.0 917.0
15450 1258.0 903.0
15461 1336.0 885.0
15473 1411.0 864.0
15485 1482.0 841.0
15497 1548.0 817.0
15508 1606.0 793.0
15520 1658.0 768.0
15532 1701.0 743.0
15544 1738.0 718.0
15555 1767.0 692.0
15567 1788.0 664.0
15579 1803.0 636.0
15591 1810.0 605.0
15603 1809.0 573.0
15614 1801.0 540.0
15626 1786.0 506.0
15637 1763.0 471.0
15649 1732.0 436.0
15661 1695.0 400.0
15673 1651.0 366.0
15685 1602.0 334.0
15696 1548.0 304.0
15708 1487.0 278.0
15720 1421.0 255.0
15731 1350.0 235.0
15743 1275.0 219.0
15754 1196.0 207.0
15766 1116.0 198.0
15778 1036.0 193.0
15790 955.0 190.0
15801 874.0 191.0
15813 795.0 196.0
15825 716.0 205.0
15836 640.0 218.0
15848 567.0 237.0
15860 500.0 260.0
15871 438.0 287.0
15883 383.0 317.0
15895 335.0 351.0
15907 294.0 386.0
15919 262.0 422.0
15930 237.0 459.0
15942 220.0 497.0
15954 211.0 535.0
15965 210.0 573.0
15977 215.0 612.0
15989 226.0 651.0
16001 242.0 691.0
16012 263.0 733.0
16024 290.0 775.0
16036 321.0 816.0
16048 359.0 856.0
16060 402.0 892.0
16072 451.0 923.0
16084 506.0 949.0
16095 565.0 969.0
16107 629.0 983.0
16119 697.0 991.0
16130 767.0 992.0
16143 840.0 987.0
16154 916.0 976.0
16166 993.0 961.0
16178 1070.0 942.0
16189 1147.0 921.0
16201 1222.0 897.0
16213 1295.0 873.0
16225 1365.0 847.0
16237 1432.0 822.0
16248 1493.0 796.0
16260 1549.0 770.0
16272 1598.0 742.0
16284 1642.0 715.0
16295 1679.0 688.0
16307 1709.0 660.0
16319 1731.0 634.0
16331 1745.0 608.0
16343 1751.0 582.0
16355 1750.0 557.0
16366 1741.0 530.0
16378 1724.0 501.0
16389 1700.0 470.0
16401 1670.0 438.0
16413 1633.0 406.0
16425 1589.0 374.0
16436 1539.0 345.0
16448 1482.0 318.0
16460 1421.0 293.0
16472 1357.0 271.0
16483 1290.0 251.0
16495 1222.0 235.0
16507 1150.0 222.0
16518 1078.0 214.0
16530 1003.0 209.0
16541 925.0 209.0
16553 846.0 214.0
16565 767.0 223.0
16577 690.0 237.0
16588 615.0 254.0
16600 544.0 275.0
16612 479.0 299.0
16624 420.0 325.0
16635 368.0 354.0
16647 322.0 385.0
16658 283.0 418.0
16670 250.0 452.0
16682 225.0 489.0
16694 206.0 526.0
16706 193.0 564.0
16717 186.0 604.0
16729 184.0 645.0
16741 187.0 685.0
16753 196.0 725.0
16764 212.0 764.0
16776 235.0 801.0
16788 266.0 836.0
16800 304.0 867.0
16812 347.0 896.0
16824 396.0 921.0
16835 449.0 942.0
16847 507.0 960.0
16859 569.0 973.0
16871 636.0 982.0
16882 708.0 986.0
16894 782.0 985.0
16906 859.0 981.0
16918 935.0 973.0
16930 1010.0 962.0
16942 1084.0 951.0
16953 1155.0 937.0
16965 1223.0 921.0
16977 1288.0 903.0
16989 1350.0 882.0
17000 1409.0 859.0
17012 1465.0 834.0
17024 1517.0 808.0
17036 1565.0 781.0
17047 1607.0 753.0
17059 1642.0 724.0
17071 1668.0 695.0
17083 1688.0 665.0
17094 1701.0 635.0
17106 1709.0 605.0
17118 1710.0 574.0
17130 1706.0 543.0
17141 1696.0 511.0
17153 1681.0 478.0
17165 1658.0 443.0
17177 1628.0 408.0
17188 1592.0 375.0
17200 1548.0 343.0
17212 1497.0 314.0
17223 1440.0 288.0
17235 1381.0 265.0
17247 1318.0 246.0
17258 1254.0 230.0
17270 1185.0 218.0
17282 1113.0 209.0
17293 1038.0 205.0
17305 959.0 204.0
17317 880.0 207.0
17328 800.0 212.0
17340 722.0 222.0
17352 647.0 235.0
17363 573.0 252.0
17375 504.0 272.0
17387 438.0 296.0
17399 378.0 323.0
17411 325.0 353.0
17422 279.0 386.0
17434 240.0 420.0
17446 210.0 455.0
17457 186.0 491.0
17469 170.0 528.0
17481 161.0 566.0
17493 160.0 605.0
17505 166.0 645.0
17516 179.0 685.0
17528 199.0 726.0
17540 225.0 766.0
17552 258.0 805.0
17563 296.0 844.0
17576 341.0 880.0
17587 392.0 912.0
17599 447.0 942.0
17611 505.0 968.0
17623 567.0 990.0
17634 633.0 1008.0
17646 703.0 1021.0
17658 778.0 1028.0
17670 855.0 1028.0
17682 934.0 1022.0
17693 1013.0 1011.0
17705 1093.0 995.0
17717 1172.0 976.0
17729 1248.0 954.0
17741 1322.0 930.0
17752 1392.0 903.0
17764 1458.0 875.0
17776 1519.0 845.0
17788 1575.0 815.0
17800 1624.0 784.0
17811 1666.0 753.0
17823 1698.0 720.0
17835 1721.0 688.0
17847 1737.0 655.0
17858 1746.0 622.0
17870 1748.0 589.0
17882 1743.0 557.0
17894 1729.0 523.0
17905 1706.0 489.0
17917 1671.0 455.0
17929 1627.0 422.0
17941 1575.0 391.0
17952 1518.0 361.0
17964 1457.0 333.0
17976 1393.0 307.0
17987 1327.0 283.0
17999 1258.0 261.0
18011 1185.0 242.0
18022 1107.0 228.0
18034 1015.0 219.0
18046 914.0 216.0
18057 835.0 221.0
18069 767.0 229.0
18081 696.0 241.0
18092 621.0 258.0
18104 545.0 279.0
18116 474.0 304.0
18128 407.0 331.0
18139 345.0 363.0
18151 289.0 398.0
18163 238.0 435.0
18174 194.0 473.0
18186 158.0 513.0
18198 130.0 552.0
18210 110.0 592.0
18221 98.0 632.0
18234 94.0 672.0
18245 95.0 712.0
18257 103.0 750.0
18269 116.0 788.0
18281 137.0 825.0
18292 165.0 859.0
18304 202.0 889.0
18316 247.0 916.0
18328 300.0 938.0
18340 359.0 958.0
18351 423.0 974.0
18363 490.0 988.0
18375 562.0 999.0
18387 636.0 1008.0
18399 713.0 1013.0
18410 792.0 1016.0
18422 872.0 1015.0
18434 952.0 1011.0
18446 1031.0 1004.0
18458 1108.0 995.0
18470 1183.0 983.0
18481 1257.0 967.0
18493 1327.0 949.0
18505 1395.0 927.0
18517 1459.0 904.0
18529 1518.0 879.0
18540 1570.0 852.0
18552 1615.0 825.0
18564 1650.0 798.0
18575 1677.0 771.0
18588 1695.0 745.0
18599 1706.0 720.0
18611 1710.0 694.0
18623 1707.0 666.0
18634 1697.0 638.0
18646 1682.0 607.0
18658 1660.0 574.0
18670 1632.0 540.0
18681 1598.0 504.0
18693 1558.0 468.0
18705 1511.0 433.0
18717 1460.0 399.0
18728 1405.0 368.0
18740 1348.0 339.0
18752 1288.0 314.0
18763 1225.0 291.0
18775 1160.0 273.0
18786 1093.0 258.0
18798 1024.0 248.0
18810 954.0 243.0
18821 882.0 243.0
18833 810.0 248.0
18845 738.0 257.0
18856 665.0 271.0
18868 594.0 288.0
18880 526.0 309.0
18892 460.0 334.0
18903 400.0 361.0
18915 346.0 390.0
18927 297.0 421.0
18939 255.0 455.0
18951 219.0 489.0
18962 189.0 525.0
18974 164.0 562.0
18986 146.0 600.0
18998 133.0 639.0
19009 127.0 679.0
19021 128.0 718.0
19033 137.0 755.0
19045 152.0 792.0
19057 174.0 828.0
19069 202.0 861.0
19080 236.0 892.0
19092 275.0 920.0
19104 321.0 944.0
19116 372.0 964.0
19128 431.0 979.0
19139 495.0 989.0
19151 565.0 994.0
19163 640.0 996.0
19175 717.0 995.0
19187 796.0 992.0
19199 874.0 988.0
19210 951.0 981.0
19222 1027.0 971.0
19234 1102.0 959.0
19246 1174.0 944.0
19257 1243.0 925.0
19269 1310.0 904.0
19281 1373.0 880.0
19293 1431.0 855.0
19304 1482.0 829.0
19317 1525.0 803.0
19328 1558.0 778.0
19340 1582.0 753.0
19352 1598.0 727.0
19363 1606.0 701.0
19375 1608.0 672.0
19387 1605.0 641.0
19399 1595.0 607.0
19410 1579.0 570.0
19422 1556.0 531.0
19434 1525.0 491.0
19446 1488.0 453.0
19457 1445.0 417.0
19469 1396.0 384.0
19481 1342.0 353.0
19492 1284.0 326.0
19504 1220.0 303.0
19516 1151.0 286.0
19527 1079.0 275.0
19539 1003.0 269.0
19551 924.0 271.0
19563 832.0 281.0
19574 732.0 300.0
19586 635.0 329.0
19598 564.0 357.0
19609 503.0 384.0
19621 446.0 413.0
19633 388.0 447.0
19644 333.0 484.0
19656 284.0 522.0
19668 244.0 559.0
19680 213.0 595.0
19692 190.0 630.0
19704 176.0 665.0
19715 168.0 700.0
19727 167.0 734.0
19739 175.0 767.0
19751 190.0 801.0
19762 213.0 833.0
19774 243.0 863.0
19786 280.0 890.0
19798 322.0 915.0
19809 370.0 937.0
19821 424.0 956.0
19834 483.0 971.0
19845 546.0 983.0
19857 614.0 992.0
19869 686.0 998.0
19881 759.0 1002.0
19892 835.0 1004.0
19904 911.0 1004.0
19916 986.0 1002.0
19928 1059.0 997.0
19940 1133.0 989.0
19952 1205.0 977.0
19963 1276.0 962.0
19975 1346.0 944.0
19987 1413.0 923.0
19999 1476.0 902.0
20010 1534.0 879.0
20022 1587.0 855.0
20034 1632.0 830.0
20046 1671.0 804.0
20058 1703.0 777.0
20070 1727.0 748.0
20081 1745.0 720.0
20093 1755.0 690.0
20105 1759.0 659.0
20117 1757.0 627.0
20128 1748.0 592.0
20140 1733.0 556.0
20152 1712.0 518.0
20163 1683.0 479.0
20175 1648.0 442.0
20187 1607.0 406.0
20198 1559.0 373.0
20210 1506.0 343.0
20222 1447.0 317.0
20234 1382.0 295.0
20245 1313.0 278.0
20257 1238.0 264.0
20269 1160.0 255.0
20280 1067.0 250.0
20292 965.0 252.0
20304 864.0 261.0
20315 767.0 274.0
20327 674.0 290.0
20339 583.0 311.0
20351 514.0 332.0
20362 447.0 356.0
20374 383.0 382.0
20386 325.0 409.0
20397 274.0 437.0
20409 229.0 464.0
20421 187.0 496.0
20433 148.0 530.0
20444 116.0 566.0
20456 91.0 603.0
20468 74.0 640.0
20480 65.0 676.0
20492 65.0 711.0
20504 73.0 744.0
20515 90.0 775.0
20527 115.0 804.0
20539 148.0 832.0
20551 189.0 858.0
20562 235.0 882.0
20575 287.0 904.0
20586 345.0 923.0
20598 409.0 939.0
20610 478.0 951.0
20622 551.0 961.0
20634 625.0 970.0
20645 700.0 978.0
20657 775.0 983.0
20669 851.0 987.0
20681 927.0 987.0
20693 1003.0 984.0
20705 1077.0 976.0
20716 1150.0 964.0
20728 1221.0 947.0
20740 1290.0 927.0
20752 1355.0 902.0
20763 1416.0 875.0
20775 1474.0 846.0
20787 1527.0 815.0
20798 1574.0 784.0
20810 1612.0 752.0
20822 1643.0 720.0
20834 1665.0 689.0
20846 1680.0 657.0
20858 1687.0 625.0
20869 1689.0 592.0
20881 1686.0 558.0
20893 1676.0 524.0
20905 1658.0 490.0
20916 1630.0 456.0
20928 1592.0 422.0
20940 1543.0 391.0
20951 1485.0 360.0
20963 1420.0 333.0
20975 1351.0 307.0
20986 1280.0 285.0
20998 1207.0 265.0
21010 1132.0 249.0
21022 1056.0 238.0
21033 979.0 232.0
21045 900.0 231.0
21057 821.0 237.0
21068 741.0 247.0
21080 662.0 263.0
21092 585.0 285.0
21103 513.0 310.0
21115 444.0 340.0
21127 381.0 372.0
21138 325.0 408.0
21150 275.0 446.0
21162 234.0 483.0
21174 201.0 521.0
21186 175.0 558.0
21197 157.0 596.0
21209 147.0 635.0
21221 142.0 674.0
21233 143.0 714.0
21245 151.0 754.0
21256 167.0 793.0
21268 192.0 830.0
21280 225.0 863.0
21292 265.0 892.0
21304 310.0 918.0
21315 359.0 940.0
21327 413.0 958.0
21339 471.0 974.0
21351 532.0 986.0
21362 598.0 994.0
21375 669.0 999.0
21386 744.0 1000.0
21398 823.0 998.0
21410 904.0 994.0
21422 985.0 987.0
21434 1063.0 976.0
21445 1139.0 963.0
21457 1213.0 947.0
21469 1285.0 928.0
21480 1354.0 907.0
21492 1419.0 885.0
21504 1479.0 861.0
21516 1534.0 835.0
21528 1583.0 808.0
21540 1627.0 780.0
21551 1666.0 750.0
21563 1699.0 720.0
21575 1727.0 689.0
21587 1747.0 658.0
21598 1759.0 626.0
21610 1763.0 593.0
21622 1759.0 558.0
21634 1746.0 521.0
21645 1722.0 482.0
21657 1690.0 444.0
21669 1650.0 406.0
21681 1603.0 371.0
21692 1550.0 339.0
21704 1489.0 310.0
21716 1420.0 284.0
21727 1347.0 263.0
21739 1260.0 243.0
21751 1183.0 230.0
21762 1106.0 221.0
21774 1025.0 217.0
21786 943.0 217.0
21797 860.0 222.0
21809 778.0 232.0
21821 698.0 246.0
21832 620.0 265.0
21844 545.0 287.0
21856 476.0 314.0
21867 413.0 343.0
21879 356.0 374.0
21891 306.0 408.0
21903 264.0 444.0
21915 228.0 480.0
21926 201.0 516.0
21938 181.0 552.0
21950 169.0 587.0
21962 165.0 622.0
21974 168.0 656.0
21985 178.0 690.0
21997 193.0 725.0
22009 212.0 762.0
22021 235.0 799.0
22032 263.0 837.0
22044 296.0 873.0
22056 335.0 908.0
22068 380.0 938.0
22080 432.0 965.0
22092 488.0 986.0
22103 549.0 1003.0
22115 611.0 1017.0
22127 675.0 1027.0
22139 741.0 1034.0
22150 810.0 1036.0
22162 881.0 1036.0
22174 953.0 1033.0
22186 1025.0 1026.0
22198 1096.0 1018.0
22210 1165.0 1007.0
22221 1232.0 995.0
22233 1298.0 980.0
22245 1362.0 961.0
22257 1423.0 937.0
22269 1479.0 908.0
22280 1529.0 876.0
22292 1573.0 840.0
22304 1611.0 804.0
22316 1644.0 768.0
22327 1671.0 732.0
22339 1691.0 698.0
22351 1706.0 665.0
22363 1713.0 632.0
22374 1713.0 600.0
22386 1704.0 567.0
22398 1687.0 535.0
22409 1662.0 502.0
22421 1628.0 470.0
22433 1588.0 439.0
22445 1541.0 411.0
22456 1489.0 385.0
22468 1433.0 361.0
22480 1373.0 341.0
22492 1309.0 323.0
22503 1241.0 308.0
22515 1170.0 297.0
22527 1096.0 290.0
22538 1022.0 287.0
22550 947.0 286.0
22562 873.0 288.0
22573 799.0 294.0
22585 726.0 304.0
22597 656.0 318.0
22608 588.0 335.0
22620 524.0 355.0
22632 465.0 379.0
22644 409.0 405.0
22655 358.0 434.0
22667 311.0 465.0
22679 271.0 498.0
22691 238.0 532.0
22702 211.0 567.0
22714 190.0 603.0
22726 177.0 639.0
22738 170.0 676.0
22750 172.0 712.0
22761 182.0 748.0
22773 198.0 783.0
22785 221.0 817.0
22797 251.0 850.0
22808 288.0 880.0
22820 332.0 906.0
22832 383.0 928.0
22844 440.0 946.0
22856 501.0 961.0
22868 566.0 973.0
22879 634.0 983.0
22891 706.0 991.0
22903 780.0 996.0
22915 855.0 999.0
22927 930.0 999.0
22938 1004.0 998.0
22950 1075.0 992.0
22962 1145.0 984.0
22974 1212.0 972.0
22986 1276.0 958.0
22997 1337.0 942.0
23009 1396.0 923.0
23021 1450.0 902.0
23033 1500.0 879.0
23045 1545.0 854.0
23056 1585.0 826.0
23068 1619.0 797.0
23080 1647.0 766.0
23091 1669.0 734.0
23103 1684.0 702.0
23115 1693.0 669.0
23127 1696.0 636.0
23139 1692.0 604.0
23150 1679.0 572.0
23162 1659.0 540.0
23173 1630.0 509.0
23185 1594.0 479.0
23197 1554.0 449.0
23209 1509.0 421.0
23221 1462.0 394.0
23232 1410.0 368.0
23244 1355.0 344.0
23255 1298.0 323.0
23267 1238.0 305.0
23279 1174.0 291.0
23290 1108.0 280.0
23302 1042.0 274.0
23314 976.0 271.0
23325 911.0 272.0
23337 845.0 276.0
23349 781.0 284.0
23361 718.0 295.0
23372 657.0 309.0
23384 599.0 328.0
23395 543.0 351.0
23407 490.0 376.0
23419 441.0 404.0
23431 397.0 434.0
23442 357.0 467.0
23454 323.0 503.0
23466 292.0 540.0
23478 267.0 579.0
23489 247.0 618.0
23501 235.0 656.0
23513 230.0 693.0
23525 231.0 728.0
23537 239.0 763.0
23548 252.0 796.0
23560 271.0 829.0
23572 296.0 861.0
23584 326.0 892.0
23595 363.0 919.0
23607 406.0 943.0
23619 454.0 963.0
23631 507.0 980.0
23643 564.0 994.0
23655 624.0 1005.0
23666 688.0 1012.0
23678 754.0 1017.0
23690 824.0 1020.0
23702 895.0 1019.0
23714 968.0 1015.0
23725 1040.0 1008.0
23737 1112.0 997.0
23749 1181.0 983.0
23761 1249.0 965.0
23772 1313.0 945.0
23784 1375.0 922.0
23796 1434.0 896.0
23808 1488.0 869.0
23820 1538.0 840.0
23831 1583.0 810.0
23843 1623.0 779.0
23855 1657.0 745.0
23867 1683.0 711.0
23878 1702.0 675.0
23890 1713.0 640.0
23902 1715.0 604.0
23913 1709.0 567.0
23925 1697.0 530.0
23937 1678.0 494.0
23948 1654.0 458.0
23960 1624.0 423.0
23972 1588.0 391.0
23984 1545.0 361.0
23995 1494.0 335.0
24007 1435.0 313.0
24019 1372.0 293.0
24031 1305.0 274.0
24042 1234.0 256.0
24054 1161.0 240.0
24065 1087.0 225.0
24077 1013.0 213.0
24089 938.0 204.0
24100 864.0 199.0
24112 790.0 197.0
24124 716.0 201.0
24136 644.0 210.0
24147 574.0 227.0
24159 507.0 250.0
24171 446.0 281.0
24182 391.0 316.0
24194 342.0 356.0
24205 301.0 398.0
24218 268.0 439.0
24229 242.0 480.0
24241 222.0 518.0
24253 208.0 556.0
24264 200.0 592.0
24276 197.0 628.0
24288 199.0 666.0
24300 206.0 704.0
24311 219.0 742.0
24323 239.0 778.0
24335 266.0 813.0
24347 300.0 845.0
24358 339.0 875.0
24371 384.0 901.0
24382 435.0 924.0
24394 490.0 944.0
24406 548.0 961.0
24418 610.0 975.0
24429 676.0 985.0
24441 745.0 992.0
24453 817.0 994.0
24465 893.0 991.0
24477 970.0 985.0
24488 1049.0 977.0
24500 1127.0 966.0
24512 1205.0 954.0
24524 1281.0 939.0
24536 1355.0 922.0
24547 1426.0 902.0
24559 1493.0 879.0
24571 1556.0 853.0
24583 1614.0 826.0
24595 1666.0 798.0
24606 1711.0 771.0
24618 1748.0 744.0
24630 1777.0 717.0
24642 1798.0 691.0
24654 1809.0 666.0
24665 1811.0 640.0
24677 1804.0 613.0
24689 1789.0 584.0
24701 1765.0 554.0
24712 1733.0 523.0
24724 1694.0 491.0
24736 1649.0 460.0
24747 1599.0 430.0
24759 1543.0 402.0
24771 1481.0 376.0
24783 1413.0 353.0
24794 1341.0 332.0
24806 1264.0 314.0
24818 1184.0 299.0
24829 1089.0 287.0
24841 987.0 280.0
24853 884.0 279.0
24865 786.0 283.0
24876 690.0 292.0
24888 595.0 307.0
24900 525.0 325.0
24911 457.0 347.0
24923 391.0 372.0
24935 332.0 400.0
24947 280.0 429.0
24958 234.0 460.0
24970 192.0 494.0
24982 154.0 530.0
24994 126.0 566.0
25006 107.0 601.0
25017 99.0 634.0
25029 100.0 667.0
25041 109.0 697.0
25053 128.0 726.0
25064 156.0 754.0
25076 193.0 780.0
25088 239.0 804.0
25100 293.0 826.0
25111 353.0 847.0
25124 419.0 866.0
25135 487.0 885.0
25147 558.0 903.0
25159 630.0 920.0
25171 704.0 937.0
25182 779.0 951.0
25194 856.0 963.0
25206 935.0 971.0
25218 1014.0 974.0
25229 1094.0 973.0
25241 1172.0 967.0
25253 1248.0 957.0
25265 1322.0 944.0
25277 1393.0 928.0
25289 1460.0 909.0
25300 1524.0 887.0
25312 1585.0 863.0
25324 1642.0 838.0
25336 1692.0 812.0
25347 1735.0 784.0
25359 1770.0 754.0
25371 1799.0 723.0
25383 1822.0 690.0
25394 1836.0 656.0
25406 1843.0 621.0
25418 1840.0 586.0
25430 1830.0 551.0
25442 1810.0 517.0
25453 1782.0 483.0
25465 1744.0 448.0
25477 1697.0 414.0
25489 1643.0 380.0
25500 1584.0 348.0
25512 1521.0 319.0
25524 1455.0 291.0
25535 1386.0 267.0
25547 1316.0 246.0
25559 1243.0 227.0
25570 1168.0 213.0
25582 1091.0 203.0
25594 1014.0 198.0
25605 936.0 197.0
25617 857.0 202.0
25628 778.0 210.0
25640 701.0 223.0
25652 626.0 239.0
25663 555.0 259.0
25675 487.0 283.0
25687 424.0 309.0
25699 368.0 338.0
25710 319.0 369.0
25722 278.0 402.0
25734 244.0 437.0
25746 218.0 472.0
25758 198.0 510.0
25769 186.0 549.0
25781 182.0 589.0
25793 183.0 632.0
25805 190.0 675.0
25816 204.0 719.0
25828 224.0 762.0
25840 251.0 805.0
25852 285.0 845.0
25864 327.0 883.0
25875 375.0 917.0
25887 430.0 946.0
25899 490.0 970.0
25911 554.0 991.0
25923 622.0 1006.0
25934 693.0 1018.0
25946 766.0 1026.0
25958 840.0 1031.0
25970 916.0 1032.0
25982 993.0 1030.0
25994 1073.0 1026.0
26006 1153.0 1019.0
26017 1233.0 1009.0
26029 1312.0 997.0
26041 1387.0 984.0
26053 1458.0 967.0
26065 1524.0 947.0
26076 1586.0 923.0
26088 1643.0 896.0
26100 1695.0 867.0
26112 1738.0 838.0
26124 1773.0 808.0
26135 1798.0 779.0
26147 1815.0 748.0
26159 1824.0 717.0
26170 1826.0 683.0
26182 1821.0 648.0
26194 1810.0 609.0
26206 1792.0 567.0
26217 1767.0 523.0
26229 1732.0 478.0
26241 1689.0 435.0
26253 1639.0 394.0
26264 1582.0 357.0
26276 1520.0 324.0
26288 1453.0 295.0
26299 1384.0 270.0
26311 1313.0 248.0
26323 1238.0 230.0
26334 1161.0 216.0
26346 1082.0 207.0
26358 1002.0 202.0
26369 921.0 203.0
26381 838.0 208.0
26393 757.0 217.0
26405 678.0 230.0
26416 603.0 246.0
26428 532.0 266.0
26440 467.0 288.0
26451 408.0 314.0
26463 356.0 344.0
26475 310.0 377.0
26487 272.0 413.0
26498 242.0 450.0
26510 219.0 489.0
26522 205.0 528.0
26534 198.0 567.0
26546 198.0 608.0
26558 203.0 650.0
26569 214.0 693.0
26581 231.0 736.0
26593 253.0 780.0
26605 281.0 823.0
26616 317.0 863.0
26628 360.0 898.0
26640 412.0 929.0
26652 471.0 954.0
26664 534.0 974.0
26675 602.0 990.0
26687 674.0 1002.0
26699 748.0 1011.0
26711 824.0 1016.0
26723 903.0 1016.0
26735 983.0 1011.0
26746 1063.0 1002.0
26758 1142.0 987.0
26770 1218.0 968.0
26782 1293.0 945.0
26794 1365.0 918.0
26805 1433.0 887.0
26817 1498.0 854.0
26829 1558.0 820.0
26841 1611.0 788.0
26852 1655.0 758.0
26864 1688.0 730.0
26876 1712.0 703.0
26888 1729.0 675.0
26900 1740.0 647.0
26912 1746.0 617.0
26923 1748.0 584.0
26935 1746.0 550.0
26947 1737.0 514.0
26958 1721.0 478.0
26970 1694.0 442.0
26982 1657.0 407.0
26994 1611.0 375.0
27005 1556.0 347.0
27017 1494.0 323.0
27029 1426.0 301.0
27040 1354.0 282.0
27052 1279.0 266.0
27064 1201.0 252.0
27075 1121.0 241.0
27087 1028.0 234.0
27099 925.0 234.0
27111 821.0 240.0
27122 722.0 253.0
27134 629.0 273.0
27146 561.0 293.0
27157 498.0 313.0
27169 439.0 337.0
27181 387.0 362.0
27193 342.0 390.0
27204 300.0 422.0
27216 263.0 459.0
27228 232.0 497.0
27239 208.0 536.0
27251 194.0 575.0
27263 187.0 613.0
27275 188.0 650.0
27286 196.0 686.0
27298 212.0 722.0
27310 236.0 757.0
27322 267.0 790.0
27334 303.0 823.0
27345 346.0 853.0
27357 395.0 882.0
27369 449.0 907.0
27381 508.0 929.0
27393 571.0 947.0
27404 637.0 961.0
27416 706.0 971.0
27428 778.0 978.0
27439 851.0 981.0
27452 925.0 980.0
27463 1000.0 976.0
27475 1074.0 968.0
27487 1148.0 958.0
27499 1222.0 944.0
27511 1294.0 927.0
27522 1365.0 908.0
27534 1432.0 887.0
27546 1494.0 863.0
27558 1550.0 838.0
27569 1600.0 812.0
27581 1643.0 784.0
27593 1678.0 755.0
27605 1705.0 727.0
27617 1726.0 697.0
27628 1740.0 667.0
27640 1749.0 636.0
27652 1751.0 604.0
27664 1746.0 571.0
27676 1735.0 537.0
27687 1716.0 503.0
27699 1689.0 468.0
27711 1654.0 434.0
27722 1613.0 401.0
27734 1565.0 371.0
27746 1513.0 343.0
27757 1455.0 318.0
27769 1394.0 295.0
27781 1331.0 273.0
27793 1266.0 252.0
27804 1199.0 233.0
27816 1130.0 217.0
27828 1060.0 206.0
27839 988.0 200.0
27851 914.0 199.0
27863 839.0 204.0
27874 763.0 215.0
27886 688.0 232.0
27898 612.0 255.0
27909 539.0 282.0
27921 471.0 315.0
27933 407.0 351.0
27945 351.0 389.0
27956 301.0 428.0
27968 260.0 468.0
27980 227.0 508.0
27992 201.0 549.0
28003 183.0 589.0
28015 172.0 629.0
28027 167.0 669.0
28039 169.0 710.0
28051 180.0 750.0
28063 199.0 789.0
28074 228.0 824.0
28086 268.0 857.0
28098 317.0 886.0
28109 375.0 911.0
28122 440.0 932.0
28133 509.0 949.0
28145 581.0 963.0
28157 655.0 973.0
28169 732.0 981.0
28180 811.0 985.0
28192 890.0 985.0
28204 970.0 982.0
28216 1048.0 976.0
28228 1125.0 968.0
28240 1199.0 958.0
28252 1272.0 945.0
28263 1342.0 930.0
28275 1410.0 912.0
28287 1474.0 892.0
28299 1533.0 868.0
28310 1587.0 842.0
28322 1633.0 816.0
28334 1669.0 789.0
28346 1694.0 764.0
28357 1710.0 738.0
28369 1717.0 712.0
28381 1718.0 685.0
28393 1714.0 655.0
28404 1707.0 624.0
28416 1696.0 590.0
28428 1681.0 555.0
28440 1660.0 519.0
28452 1633.0 482.0
28463 1599.0 446.0
28475 1559.0 412.0
28487 1513.0 380.0
28498 1463.0 349.0
28510 1410.0 320.0
28522 1353.0 293.0
28534 1294.0 270.0
28545 1232.0 251.0
28557 1165.0 234.0
28568 1094.0 220.0
28580 1021.0 211.0
28592 947.0 205.0
28604 873.0 202.0
28615 801.0 202.0
28627 730.0 207.0
28638 661.0 218.0
28650 591.0 235.0
28662 522.0 258.0
28674 455.0 287.0
28685 392.0 322.0
28697 332.0 361.0
28709 278.0 402.0
28721 232.0 444.0
28732 194.0 485.0
28744 164.0 526.0
28756 141.0 566.0
28768 125.0 607.0
28779 116.0 648.0
28791 113.0 689.0
28803 117.0 730.0
28815 128.0 771.0
28827 146.0 812.0
28838 170.0 851.0
28850 203.0 889.0
28862 244.0 922.0
28874 292.0 950.0
28886 347.0 973.0
28898 408.0 992.0
28909 475.0 1006.0
28921 548.0 1017.0
28933 626.0 1022.0
28945 719.0 1022.0
28957 821.0 1014.0
28969 901.0 1005.0
28980 970.0 995.0
28992 1041.0 982.0
29004 1116.0 966.0
29016 1190.0 947.0
29027 1262.0 926.0
29039 1330.0 902.0
29051 1394.0 878.0
29063 1454.0 853.0
29075 1509.0 829.0
29087 1558.0 804.0
29098 1600.0 780.0
29110 1633.0 755.0
29122 1656.0 728.0
29134 1671.0 700.0
