0 1001.0 123.0
12 997.0 127.0
23 989.0 136.0
35 980.0 149.0
46 972.0 167.0
58 967.0 187.0
70 965.0 205.0
81 965.0 226.0
93 967.0 247.0
105 970.0 268.0
116 973.0 288.0
128 978.0 306.0
140 984.0 321.0
151 992.0 331.0
163 1002.0 334.0
175 1013.0 333.0
186 1024.0 327.0
198 1033.0 316.0
210 1040.0 305.0
222 1044.0 291.0
233 1047.0 275.0
245 1047.0 258.0
257 1046.0 239.0
268 1047.0 218.0
280 1047.0 196.0
292 1046.0 174.0
303 1043.0 152.0
315 1039.0 132.0
326 1032.0 113.0
338 1022.0 95.0
349 1010.0 82.0
361 994.0 71.0
373 977.0 66.0
384 956.0 64.0
396 933.0 66.0
408 908.0 72.0
419 881.0 82.0
431 852.0 96.0
442 821.0 114.0
454 789.0 136.0
466 756.0 160.0
477 721.0 189.0
490 687.0 221.0
501 653.0 257.0
512 619.0 296.0
525 587.0 339.0
536 557.0 384.0
548 531.0 429.0
559 510.0 475.0
571 493.0 517.0
583 483.0 555.0
595 481.0 590.0
607 485.0 618.0
618 496.0 641.0
630 512.0 658.0
642 530.0 670.0
653 550.0 679.0
665 572.0 683.0
677 595.0 685.0
689 619.0 681.0
700 643.0 674.0
712 668.0 664.0
724 692.0 650.0
736 713.0 635.0
747 730.0 618.0
759 740.0 602.0
771 746.0 586.0
782 747.0 573.0
794 743.0 562.0
806 733.0 554.0
817 720.0 550.0
829 703.0 546.0
841 683.0 546.0
853 660.0 548.0
865 636.0 552.0
876 612.0 560.0
888 588.0 570.0
900 567.0 583.0
912 547.0 598.0
924 529.0 616.0
935 514.0 639.0
947 500.0 664.0
959 489.0 694.0
970 479.0 726.0
982 472.0 762.0
994 468.0 801.0
1005 465.0 844.0
1017 467.0 888.0
1029 471.0 932.0
1041 481.0 973.0
1053 496.0 1012.0
1064 515.0 1047.0
1076 540.0 1076.0
1088 571.0 1098.0
1100 606.0 1115.0
1112 646.0 1125.0
1124 690.0 1129.0
1135 735.0 1129.0
1147 780.0 1126.0
1159 826.0 1121.0
1171 870.0 1111.0
1183 911.0 1099.0
1195 950.0 1083.0
1206 987.0 1065.0
1218 1018.0 1044.0
1230 1047.0 1022.0
1242 1070.0 1000.0
1253 1087.0 979.0
1265 1097.0 961.0
1277 1102.0 945.0
1289 1102.0 933.0
1301 1097.0 922.0
1312 1087.0 915.0
1324 1075.0 911.0
1336 1060.0 909.0
1348 1044.0 912.0
1360 1028.0 916.0
1371 1012.0 925.0
1383 999.0 935.0
1395 988.0 949.0
1407 979.0 963.0
1418 975.0 980.0
1430 974.0 997.0
1442 976.0 1015.0
1454 982.0 1035.0
1466 992.0 1055.0
1477 1005.0 1075.0
1489 1023.0 1095.0
1501 1043.0 1113.0
1513 1068.0 1130.0
1525 1096.0 1144.0
1537 1128.0 1154.0
1548 1163.0 1160.0
1560 1199.0 1162.0
1572 1236.0 1158.0
1584 1274.0 1149.0
1596 1311.0 1134.0
1608 1347.0 1114.0
1619 1382.0 1089.0
1631 1415.0 1061.0
1643 1447.0 1030.0
1655 1476.0 997.0
1667 1502.0 961.0
1678 1525.0 923.0
1690 1544.0 885.0
1702 1561.0 845.0
1714 1573.0 806.0
1726 1581.0 771.0
1737 1584.0 738.0
1749 1582.0 705.0
1761 1578.0 673.0
1772 1569.0 642.0
1784 1558.0 614.0
1796 1544.0 590.0
1808 1527.0 571.0
1819 1510.0 556.0
1831 1491.0 546.0
1843 1471.0 541.0
1855 1451.0 540.0
1866 1432.0 543.0
1878 1414.0 547.0
1890 1398.0 555.0
1902 1386.0 565.0
1913 1376.0 575.0
1925 1372.0 587.0
1937 1370.0 600.0
1948 1372.0 612.0
1960 1377.0 626.0
1972 1385.0 638.0
1984 1396.0 649.0
1995 1410.0 658.0
2007 1425.0 663.0
2019 1442.0 666.0
2031 1459.0 665.0
2043 1476.0 661.0
2054 1493.0 654.0
2066 1511.0 643.0
2077 1527.0 630.0
2090 1541.0 612.0
2101 1552.0 591.0
2113 1562.0 567.0
2125 1568.0 542.0
2136 1571.0 514.0
2148 1571.0 483.0
2160 1569.0 451.0
2171 1566.0 416.0
2183 1560.0 379.0
2195 1551.0 342.0
2206 1541.0 304.0
2218 1528.0 266.0
2230 1510.0 227.0
2241 1489.0 192.0
2253 1465.0 161.0
2265 1439.0 132.0
2276 1411.0 108.0
2288 1382.0 86.0
2300 1354.0 70.0
2311 1324.0 59.0
2323 1293.0 53.0
2335 1259.0 52.0
2346 1224.0 56.0
2358 1188.0 65.0
2370 1153.0 79.0
2381 1119.0 96.0
2393 1086.0 115.0
2405 1055.0 137.0
2416 1026.0 159.0
2428 1002.0 181.0
2439 983.0 202.0
2451 969.0 223.0
2463 960.0 242.0
2474 957.0 261.0
2486 956.0 278.0
2498 958.0 293.0
2510 961.0 305.0
2521 968.0 316.0
2533 976.0 325.0
2545 986.0 330.0
2556 997.0 333.0
2568 1010.0 333.0
2580 1024.0 329.0
2591 1036.0 323.0
2603 1049.0 312.0
2615 1060.0 299.0
2626 1070.0 283.0
2638 1077.0 265.0
2650 1082.0 244.0
2661 1085.0 222.0
2673 1085.0 201.0
2685 1084.0 180.0
2697 1081.0 159.0
2708 1077.0 139.0
2720 1069.0 120.0
2731 1059.0 102.0
2743 1045.0 86.0
2755 1027.0 74.0
2766 1007.0 65.0
2778 982.0 62.0
2789 955.0 62.0
2801 924.0 68.0
2813 892.0 79.0
2824 858.0 97.0
2836 822.0 117.0
2848 786.0 141.0
2859 751.0 167.0
2871 717.0 197.0
2883 683.0 229.0
2894 650.0 266.0
2906 618.0 304.0
2918 591.0 343.0
2930 568.0 383.0
2941 551.0 423.0
2953 540.0 462.0
2965 533.0 501.0
2976 531.0 537.0
2988 534.0 570.0
3000 542.0 599.0
3012 554.0 622.0
3024 572.0 639.0
3035 594.0 653.0
3047 619.0 662.0
3059 646.0 666.0
3071 673.0 668.0
3082 698.0 665.0
3094 721.0 661.0
3106 739.0 654.0
3118 753.0 645.0
3130 763.0 635.0
3141 767.0 625.0
3153 768.0 614.0
3165 764.0 603.0
3176 757.0 594.0
3188 745.0 586.0
3200 728.0 579.0
3212 707.0 574.0
3224 682.0 572.0
3235 652.0 574.0
3247 621.0 579.0
3259 590.0 589.0
3271 559.0 599.0
3282 531.0 614.0
3294 507.0 631.0
3306 486.0 651.0
3318 470.0 673.0
3329 458.0 698.0
3341 448.0 726.0
3353 441.0 758.0
3364 438.0 791.0
3376 437.0 826.0
3388 440.0 863.0
3400 447.0 901.0
3412 460.0 938.0
3424 478.0 975.0
3435 500.0 1011.0
3447 526.0 1043.0
3459 557.0 1074.0
3471 588.0 1100.0
3483 623.0 1123.0
3495 659.0 1140.0
3506 697.0 1150.0
3518 738.0 1155.0
3530 782.0 1154.0
3542 827.0 1147.0
3554 872.0 1136.0
3566 915.0 1120.0
3577 954.0 1103.0
3589 989.0 1086.0
3601 1020.0 1068.0
3613 1045.0 1051.0
3625 1066.0 1033.0
3636 1080.0 1017.0
3648 1089.0 1002.0
3660 1092.0 989.0
3672 1090.0 977.0
3684 1083.0 965.0
3695 1074.0 954.0
3707 1064.0 945.0
3719 1054.0 937.0
3731 1043.0 932.0
3743 1032.0 929.0
3755 1023.0 929.0
3766 1014.0 932.0
3778 1005.0 937.0
3790 996.0 946.0
3802 989.0 956.0
3813 984.0 970.0
3825 981.0 986.0
3837 981.0 1003.0
3849 984.0 1022.0
3860 990.0 1042.0
3872 1000.0 1062.0
3884 1011.0 1083.0
3896 1026.0 1104.0
3908 1043.0 1123.0
3920 1063.0 1141.0
3932 1086.0 1156.0
3943 1110.0 1166.0
3955 1138.0 1174.0
3967 1168.0 1177.0
3979 1199.0 1176.0
3991 1232.0 1173.0
4002 1266.0 1164.0
4014 1300.0 1152.0
4026 1332.0 1134.0
4038 1362.0 1113.0
4050 1390.0 1089.0
4062 1417.0 1063.0
4073 1443.0 1035.0
4085 1468.0 1005.0
4097 1490.0 975.0
4109 1509.0 944.0
4121 1527.0 912.0
4132 1542.0 880.0
4144 1554.0 846.0
4156 1565.0 811.0
4168 1570.0 776.0
4179 1572.0 741.0
4191 1568.0 706.0
4203 1561.0 673.0
4215 1551.0 641.0
4227 1539.0 609.0
4238 1524.0 582.0
4250 1509.0 557.0
4262 1492.0 536.0
4274 1475.0 519.0
4285 1456.0 508.0
4297 1437.0 501.0
4309 1417.0 499.0
4321 1397.0 503.0
4332 1378.0 509.0
4344 1360.0 519.0
4356 1345.0 531.0
4367 1334.0 545.0
4379 1326.0 560.0
4391 1323.0 575.0
4403 1323.0 589.0
4415 1326.0 601.0
4426 1333.0 613.0
4438 1343.0 624.0
4450 1355.0 633.0
4462 1369.0 639.0
4473 1385.0 643.0
4485 1402.0 642.0
4497 1420.0 639.0
4509 1439.0 633.0
4520 1457.0 623.0
4532 1475.0 611.0
4544 1490.0 595.0
4556 1503.0 578.0
4567 1514.0 558.0
4579 1522.0 535.0
4591 1529.0 511.0
4603 1534.0 484.0
4614 1538.0 453.0
4626 1538.0 422.0
4638 1537.0 389.0
4649 1533.0 356.0
4661 1525.0 321.0
4673 1515.0 287.0
4684 1501.0 254.0
4696 1485.0 221.0
4708 1467.0 189.0
4719 1446.0 157.0
4731 1423.0 129.0
4743 1399.0 102.0
4754 1374.0 77.0
4766 1346.0 58.0
4777 1315.0 44.0
4789 1281.0 35.0
4801 1244.0 33.0
4812 1205.0 37.0
4824 1165.0 46.0
4836 1124.0 58.0
4847 1085.0 73.0
4859 1051.0 90.0
4871 1022.0 108.0
4882 999.0 126.0
4894 982.0 145.0
4906 971.0 164.0
4917 962.0 183.0
4929 958.0 203.0
4941 955.0 222.0
4952 957.0 240.0
4964 961.0 258.0
4975 968.0 272.0
4987 979.0 283.0
4999 990.0 291.0
5011 1004.0 295.0
5022 1018.0 296.0
5034 1031.0 294.0
5045 1042.0 290.0
5057 1053.0 282.0
5069 1063.0 272.0
5080 1071.0 261.0
5092 1077.0 247.0
5104 1082.0 232.0
5115 1085.0 217.0
5127 1084.0 200.0
5139 1081.0 183.0
5150 1076.0 166.0
5162 1069.0 147.0
5174 1058.0 129.0
5185 1046.0 112.0
5197 1032.0 97.0
5209 1014.0 85.0
5221 996.0 76.0
5232 973.0 72.0
5244 948.0 70.0
5255 919.0 74.0
5267 888.0 83.0
5279 854.0 95.0
5290 819.0 112.0
5302 784.0 130.0
5314 750.0 152.0
5325 717.0 176.0
5337 685.0 200.0
5349 655.0 227.0
5361 629.0 255.0
5372 605.0 285.0
5384 585.0 316.0
5396 567.0 349.0
5407 554.0 384.0
5419 543.0 419.0
5431 536.0 454.0
5443 533.0 489.0
5454 533.0 521.0
5466 536.0 552.0
5478 543.0 578.0
5490 554.0 602.0
5501 567.0 621.0
5513 583.0 637.0
5525 600.0 649.0
5536 617.0 659.0
5548 635.0 665.0
5560 654.0 667.0
5572 672.0 666.0
5583 691.0 663.0
5595 709.0 656.0
5607 724.0 647.0
5619 735.0 637.0
5631 744.0 627.0
5642 749.0 616.0
5654 751.0 607.0
5666 750.0 599.0
5677 746.0 593.0
5689 739.0 587.0
5701 729.0 583.0
5713 717.0 579.0
5724 699.0 577.0
5736 681.0 578.0
5748 660.0 581.0
5760 639.0 586.0
5771 618.0 594.0
5783 599.0 604.0
5795 581.0 615.0
5807 567.0 629.0
5818 555.0 646.0
5830 544.0 664.0
5842 534.0 685.0
5854 527.0 710.0
5865 520.0 735.0
5877 515.0 763.0
5889 511.0 794.0
5901 511.0 825.0
5913 513.0 857.0
5925 518.0 890.0
5936 527.0 923.0
5948 539.0 955.0
5960 555.0 985.0
5972 575.0 1013.0
5984 599.0 1039.0
5995 625.0 1062.0
6007 656.0 1082.0
6019 688.0 1100.0
6031 723.0 1115.0
6043 761.0 1126.0
6055 800.0 1134.0
6066 843.0 1137.0
6078 887.0 1137.0
6090 931.0 1134.0
6102 974.0 1126.0
6114 1013.0 1115.0
6126 1050.0 1100.0
6138 1081.0 1084.0
6149 1108.0 1067.0
6161 1130.0 1051.0
6173 1147.0 1037.0
6184 1157.0 1023.0
6196 1162.0 1010.0
6208 1163.0 999.0
6220 1159.0 988.0
6232 1151.0 978.0
6244 1141.0 971.0
6255 1126.0 964.0
6267 1110.0 959.0
6279 1093.0 955.0
6291 1076.0 955.0
6303 1058.0 957.0
6314 1040.0 961.0
6326 1024.0 968.0
6338 1010.0 977.0
6350 1000.0 986.0
6362 991.0 996.0
6373 986.0 1008.0
6385 983.0 1021.0
6397 983.0 1036.0
6409 986.0 1052.0
6421 991.0 1068.0
6433 1000.0 1085.0
6445 1011.0 1102.0
6456 1026.0 1118.0
6468 1043.0 1132.0
6480 1063.0 1144.0
6492 1086.0 1153.0
6504 1110.0 1159.0
6516 1136.0 1161.0
6527 1163.0 1159.0
6539 1191.0 1153.0
6551 1220.0 1142.0
6563 1251.0 1129.0
6574 1281.0 1111.0
6586 1309.0 1092.0
6598 1337.0 1071.0
6610 1363.0 1048.0
6622 1388.0 1024.0
6634 1413.0 996.0
6646 1436.0 965.0
6657 1458.0 933.0
6669 1477.0 899.0
6681 1493.0 864.0
6693 1504.0 829.0
6704 1512.0 794.0
6716 1517.0 760.0
6728 1521.0 728.0
6739 1520.0 697.0
6751 1517.0 667.0
6763 1512.0 639.0
6775 1503.0 612.0
6786 1491.0 586.0
6798 1475.0 562.0
6810 1457.0 542.0
6822 1439.0 525.0
6833 1420.0 514.0
6845 1401.0 507.0
6857 1382.0 504.0
6869 1364.0 506.0
6881 1346.0 510.0
6892 1330.0 518.0
6904 1316.0 528.0
6915 1305.0 541.0
6928 1296.0 555.0
6939 1292.0 570.0
6951 1292.0 586.0
6963 1295.0 602.0
6974 1304.0 618.0
6986 1314.0 633.0
6998 1328.0 645.0
7009 1346.0 656.0
7021 1364.0 662.0
7033 1384.0 666.0
7045 1406.0 665.0
7056 1427.0 661.0
7068 1449.0 652.0
7080 1469.0 640.0
7092 1487.0 625.0
7103 1505.0 608.0
7116 1519.0 589.0
7127 1531.0 566.0
7139 1542.0 540.0
7151 1548.0 511.0
7162 1553.0 480.0
7174 1555.0 446.0
7186 1553.0 412.0
7197 1548.0 378.0
7209 1540.0 343.0
7221 1530.0 307.0
7232 1515.0 270.0
7244 1498.0 234.0
7256 1480.0 199.0
7268 1459.0 167.0
7279 1436.0 136.0
7291 1412.0 108.0
7302 1386.0 84.0
7314 1357.0 66.0
7326 1326.0 52.0
7337 1291.0 43.0
7349 1254.0 39.0
7360 1216.0 39.0
7372 1178.0 44.0
7384 1139.0 53.0
7395 1103.0 64.0
7407 1070.0 80.0
7419 1038.0 97.0
7431 1009.0 116.0
7442 984.0 135.0
7454 964.0 155.0
7466 949.0 173.0
7477 939.0 191.0
7489 933.0 207.0
7501 930.0 221.0
7512 932.0 233.0
7524 936.0 244.0
7535 942.0 252.0
7547 950.0 258.0
7559 959.0 263.0
7571 969.0 267.0
7582 978.0 267.0
7594 987.0 263.0
7606 995.0 259.0
7617 1003.0 251.0
7629 1011.0 241.0
7641 1017.0 230.0
7652 1021.0 217.0
7664 1024.0 203.0
7675 1024.0 188.0
7687 1022.0 173.0
7699 1019.0 158.0
7710 1013.0 143.0
7722 1006.0 130.0
7734 998.0 117.0
7745 989.0 105.0
7757 979.0 94.0
7769 966.0 85.0
7780 949.0 80.0
7792 929.0 78.0
7803 906.0 79.0
7815 881.0 84.0
7827 852.0 95.0
7839 822.0 108.0
7850 790.0 125.0
7862 756.0 145.0
7874 722.0 169.0
7885 688.0 193.0
7897 656.0 221.0
7908 625.0 251.0
7920 597.0 282.0
7932 573.0 316.0
7944 552.0 351.0
7955 536.0 385.0
7967 526.0 419.0
7979 519.0 453.0
7991 517.0 486.0
8002 520.0 518.0
8014 527.0 545.0
8026 539.0 568.0
8038 555.0 586.0
8049 574.0 600.0
8061 596.0 609.0
8073 618.0 613.0
8084 641.0 614.0
8096 663.0 610.0
8108 684.0 605.0
8119 702.0 596.0
8131 719.0 586.0
8143 731.0 576.0
8155 740.0 565.0
8167 744.0 557.0
8178 746.0 552.0
8190 742.0 548.0
8202 736.0 545.0
8213 724.0 543.0
8225 706.0 543.0
8237 685.0 545.0
8248 661.0 549.0
8261 637.0 556.0
8272 612.0 567.0
8284 587.0 580.0
8295 565.0 596.0
8307 546.0 614.0
8319 528.0 636.0
8331 515.0 659.0
8343 504.0 685.0
8354 495.0 713.0
8366 489.0 745.0
8378 485.0 777.0
8390 486.0 811.0
8401 489.0 845.0
8413 498.0 881.0
8425 511.0 915.0
8437 529.0 949.0
8449 551.0 981.0
8461 577.0 1011.0
8473 606.0 1037.0
8484 637.0 1061.0
8496 669.0 1079.0
8508 703.0 1096.0
8520 738.0 1107.0
8531 773.0 1115.0
8543 809.0 1118.0
8555 844.0 1114.0
8567 877.0 1107.0
8579 908.0 1095.0
8590 935.0 1080.0
8602 960.0 1064.0
8614 980.0 1047.0
8626 998.0 1032.0
8638 1011.0 1018.0
8649 1022.0 1006.0
8661 1027.0 995.0
8673 1031.0 984.0
8685 1031.0 975.0
8697 1028.0 966.0
8708 1024.0 959.0
8720 1017.0 953.0
8732 1008.0 949.0
8744 997.0 949.0
8756 985.0 950.0
8768 973.0 953.0
8779 962.0 960.0
8791 953.0 970.0
8803 947.0 980.0
8815 943.0 993.0
8826 943.0 1008.0
8838 945.0 1024.0
8850 950.0 1041.0
8862 959.0 1059.0
8874 971.0 1079.0
8886 989.0 1099.0
8897 1011.0 1118.0
8909 1037.0 1136.0
8921 1067.0 1150.0
8933 1099.0 1160.0
8944 1135.0 1167.0
8957 1172.0 1170.0
8968 1209.0 1167.0
8980 1247.0 1161.0
8992 1285.0 1148.0
9004 1321.0 1130.0
9015 1357.0 1106.0
9027 1392.0 1081.0
9039 1424.0 1053.0
9051 1455.0 1023.0
9063 1482.0 992.0
9074 1507.0 958.0
9086 1530.0 922.0
9098 1548.0 884.0
9110 1563.0 846.0
9122 1574.0 807.0
9133 1580.0 768.0
9145 1582.0 732.0
9157 1577.0 698.0
9169 1568.0 666.0
9180 1555.0 639.0
9192 1539.0 614.0
9204 1521.0 592.0
9216 1501.0 575.0
9227 1479.0 563.0
9239 1457.0 555.0
9251 1434.0 552.0
9263 1413.0 552.0
9274 1393.0 556.0
9286 1375.0 563.0
9298 1362.0 571.0
9310 1352.0 581.0
9321 1346.0 591.0
9333 1344.0 599.0
9345 1347.0 607.0
9357 1353.0 615.0
9368 1363.0 623.0
9380 1375.0 629.0
9392 1389.0 633.0
9404 1406.0 634.0
9415 1423.0 630.0
9427 1441.0 625.0
9439 1459.0 616.0
9451 1477.0 606.0
9462 1495.0 592.0
9474 1510.0 576.0
9486 1523.0 558.0
9498 1534.0 537.0
9510 1542.0 513.0
9521 1548.0 488.0
9533 1552.0 462.0
9545 1553.0 434.0
9557 1552.0 404.0
9568 1548.0 373.0
9580 1539.0 341.0
9592 1528.0 307.0
9603 1511.0 273.0
9615 1492.0 240.0
9626 1469.0 208.0
9638 1443.0 178.0
9650 1413.0 152.0
9661 1382.0 128.0
9673 1347.0 108.0
9685 1311.0 90.0
9696 1273.0 75.0
9708 1234.0 65.0
9720 1195.0 58.0
9731 1156.0 57.0
9743 1119.0 61.0
9754 1082.0 69.0
9766 1045.0 83.0
9778 1009.0 102.0
9790 976.0 125.0
9801 948.0 150.0
9813 924.0 176.0
9825 907.0 202.0
9836 897.0 229.0
9848 893.0 255.0
9860 894.0 280.0
9871 899.0 305.0
9883 910.0 327.0
9895 926.0 346.0
9906 945.0 361.0
9918 968.0 371.0
9930 994.0 377.0
9941 1024.0 377.0
9953 1054.0 371.0
9965 1082.0 360.0
9976 1106.0 346.0
9988 1124.0 329.0
10000 1137.0 309.0
10012 1144.0 288.0
10023 1147.0 265.0
10035 1143.0 243.0
10047 1136.0 220.0
10058 1124.0 197.0
10070 1108.0 174.0
10082 1090.0 153.0
10093 1067.0 134.0
10105 1041.0 117.0
10117 1010.0 104.0
10128 977.0 94.0
10140 941.0 88.0
10152 905.0 85.0
10163 870.0 86.0
10175 834.0 90.0
10186 798.0 99.0
10198 762.0 111.0
10210 726.0 127.0
10221 690.0 147.0
10233 653.0 172.0
10245 616.0 202.0
10257 580.0 235.0
10268 546.0 274.0
10280 514.0 315.0
10292 485.0 359.0
10303 461.0 402.0
10315 444.0 444.0
10327 434.0 483.0
10338 431.0 520.0
10350 434.0 551.0
10362 442.0 578.0
10374 455.0 600.0
10386 471.0 617.0
10397 488.0 631.0
10409 507.0 641.0
10421 528.0 647.0
10433 550.0 651.0
10445 573.0 651.0
10456 596.0 649.0
10468 617.0 644.0
10479 636.0 636.0
10491 653.0 626.0
10503 665.0 612.0
10515 674.0 599.0
10527 677.0 587.0
10538 677.0 575.0
10550 674.0 564.0
10562 668.0 555.0
10574 660.0 548.0
10585 650.0 541.0
10597 638.0 536.0
10609 621.0 532.0
10620 600.0 532.0
10632 576.0 535.0
10644 551.0 540.0
10655 525.0 551.0
10667 500.0 564.0
10679 475.0 581.0
10691 453.0 600.0
10703 433.0 622.0
10715 416.0 646.0
10726 404.0 673.0
10738 393.0 703.0
10750 388.0 734.0
10762 386.0 766.0
10773 388.0 800.0
10785 395.0 835.0
10797 405.0 869.0
10809 421.0 902.0
10820 440.0 935.0
10832 465.0 968.0
10844 495.0 1000.0
10856 528.0 1030.0
10868 567.0 1057.0
10880 608.0 1082.0
10892 653.0 1100.0
10903 700.0 1115.0
10915 749.0 1124.0
10927 800.0 1127.0
10939 851.0 1123.0
10951 900.0 1114.0
10962 945.0 1099.0
10974 985.0 1081.0
10986 1020.0 1059.0
10998 1048.0 1037.0
11010 1070.0 1015.0
11021 1085.0 994.0
11033 1093.0 975.0
11045 1094.0 957.0
11057 1089.0 941.0
11068 1078.0 929.0
11080 1061.0 918.0
11092 1041.0 911.0
11104 1018.0 908.0
11116 995.0 910.0
11127 975.0 913.0
11139 957.0 921.0
11151 942.0 932.0
11163 932.0 945.0
11175 926.0 960.0
11186 924.0 976.0
11198 928.0 993.0
11210 934.0 1012.0
11222 945.0 1033.0
11234 958.0 1054.0
11245 975.0 1076.0
11257 994.0 1097.0
11269 1017.0 1117.0
11281 1043.0 1135.0
11293 1074.0 1149.0
11304 1108.0 1159.0
11316 1147.0 1166.0
11328 1190.0 1169.0
11340 1234.0 1165.0
11352 1278.0 1158.0
11364 1320.0 1144.0
11375 1360.0 1123.0
11387 1399.0 1097.0
11399 1435.0 1067.0
11411 1468.0 1036.0
11423 1498.0 1003.0
11435 1522.0 970.0
11446 1542.0 937.0
11458 1559.0 905.0
11470 1572.0 872.0
11481 1582.0 839.0
11493 1587.0 807.0
11505 1589.0 775.0
11517 1585.0 745.0
11529 1576.0 717.0
11541 1563.0 691.0
11552 1546.0 668.0
11564 1528.0 648.0
11576 1508.0 630.0
11588 1487.0 617.0
11599 1465.0 606.0
11611 1444.0 600.0
11623 1421.0 598.0
11635 1399.0 600.0
11646 1377.0 605.0
11658 1357.0 613.0
11670 1339.0 623.0
11681 1328.0 633.0
11693 1321.0 644.0
11705 1318.0 656.0
11717 1320.0 669.0
11728 1324.0 683.0
11740 1333.0 697.0
11752 1344.0 711.0
11764 1361.0 723.0
11775 1380.0 733.0
11787 1405.0 740.0
11799 1433.0 743.0
11811 1461.0 740.0
11823 1489.0 734.0
11834 1514.0 722.0
11846 1538.0 705.0
11858 1558.0 686.0
11870 1576.0 663.0
11881 1591.0 638.0
11893 1603.0 609.0
11905 1614.0 578.0
11917 1622.0 544.0
11928 1625.0 506.0
11940 1623.0 467.0
11952 1618.0 426.0
11964 1608.0 384.0
11975 1596.0 343.0
11987 1579.0 303.0
11999 1561.0 264.0
12011 1538.0 224.0
12022 1514.0 185.0
12034 1485.0 150.0
12045 1454.0 119.0
12057 1417.0 91.0
12069 1377.0 69.0
12080 1331.0 54.0
12092 1282.0 47.0
12104 1230.0 48.0
12115 1177.0 56.0
12127 1125.0 69.0
12139 1078.0 86.0
12151 1036.0 105.0
12162 1002.0 126.0
12174 975.0 147.0
12185 956.0 168.0
12197 944.0 189.0
12209 937.0 209.0
12221 935.0 229.0
12232 939.0 247.0
12244 946.0 265.0
12255 957.0 280.0
12267 973.0 292.0
12279 992.0 301.0
12290 1013.0 304.0
12302 1035.0 304.0
12314 1057.0 301.0
12325 1076.0 292.0
12337 1093.0 281.0
12349 1105.0 266.0
12360 1114.0 250.0
12372 1119.0 234.0
12383 1122.0 217.0
12395 1122.0 200.0
12407 1118.0 183.0
12419 1112.0 164.0
12430 1101.0 144.0
12442 1086.0 123.0
12453 1067.0 103.0
12465 1043.0 85.0
12477 1015.0 68.0
12488 984.0 54.0
12500 952.0 44.0
12511 918.0 36.0
12523 884.0 33.0
12535 849.0 33.0
12546 812.0 38.0
12558 775.0 49.0
12570 737.0 66.0
12581 697.0 88.0
12593 658.0 114.0
12605 619.0 146.0
12617 582.0 180.0
12628 551.0 218.0
12640 524.0 256.0
12652 504.0 296.0
12663 489.0 337.0
12675 480.0 377.0
12687 477.0 417.0
12698 478.0 457.0
12710 483.0 496.0
12722 494.0 535.0
12733 508.0 569.0
12745 525.0 598.0
12757 548.0 621.0
12769 574.0 637.0
12780 603.0 646.0
12792 634.0 647.0
12804 662.0 643.0
12816 689.0 635.0
12827 712.0 623.0
12839 731.0 609.0
12851 746.0 594.0
12862 756.0 580.0
12874 762.0 566.0
12886 763.0 555.0
12898 759.0 546.0
12909 749.0 538.0
12921 732.0 531.0
12933 705.0 528.0
12944 673.0 529.0
12956 639.0 535.0
12968 604.0 543.0
12980 571.0 553.0
12992 539.0 563.0
13003 511.0 576.0
13015 485.0 592.0
13027 461.0 611.0
13038 440.0 635.0
13050 423.0 661.0
13062 409.0 691.0
13074 400.0 722.0
13086 396.0 757.0
13097 396.0 794.0
13109 400.0 833.0
13121 408.0 875.0
13133 418.0 918.0
13145 430.0 963.0
13157 448.0 1007.0
13168 471.0 1049.0
13180 500.0 1087.0
13192 535.0 1121.0
13204 576.0 1148.0
13215 622.0 1169.0
13227 671.0 1181.0
13239 721.0 1186.0
13251 772.0 1186.0
13263 823.0 1181.0
13275 874.0 1171.0
13286 924.0 1156.0
13298 973.0 1137.0
13310 1019.0 1112.0
13322 1062.0 1087.0
13334 1098.0 1061.0
13346 1126.0 1036.0
13357 1145.0 1013.0
13369 1156.0 991.0
13381 1158.0 971.0
13393 1152.0 953.0
13405 1138.0 936.0
13416 1118.0 922.0
13428 1093.0 912.0
13440 1064.0 905.0
13452 1033.0 901.0
13463 1002.0 903.0
13475 970.0 908.0
13487 944.0 917.0
13499 922.0 928.0
13511 906.0 941.0
13522 897.0 957.0
13534 893.0 974.0
13546 894.0 993.0
13558 899.0 1016.0
13569 910.0 1040.0
13581 927.0 1064.0
13593 951.0 1089.0
13605 982.0 1114.0
13617 1019.0 1134.0
13629 1063.0 1151.0
13641 1111.0 1161.0
13652 1162.0 1166.0
13664 1213.0 1166.0
13676 1264.0 1160.0
13688 1312.0 1147.0
13700 1358.0 1127.0
13712 1401.0 1103.0
13724 1442.0 1077.0
13735 1480.0 1047.0
13747 1511.0 1016.0
13759 1538.0 982.0
13771 1561.0 945.0
13782 1579.0 908.0
13794 1593.0 870.0
13806 1602.0 832.0
13818 1604.0 796.0
13830 1601.0 760.0
13842 1593.0 727.0
13853 1581.0 695.0
13865 1564.0 666.0
13877 1544.0 641.0
13889 1522.0 619.0
13900 1500.0 602.0
13912 1476.0 588.0
13924 1452.0 577.0
13935 1428.0 571.0
13947 1404.0 569.0
13959 1381.0 572.0
13971 1359.0 577.0
13982 1341.0 586.0
13994 1325.0 595.0
14006 1315.0 605.0
14018 1309.0 617.0
14029 1308.0 628.0
14041 1312.0 639.0
14053 1323.0 647.0
14065 1337.0 653.0
14077 1357.0 657.0
14088 1382.0 658.0
14100 1408.0 654.0
14112 1437.0 646.0
14123 1466.0 634.0
14135 1494.0 616.0
14147 1519.0 596.0
14159 1543.0 572.0
14170 1564.0 546.0
14182 1582.0 516.0
14194 1598.0 485.0
14205 1610.0 452.0
14217 1619.0 418.0
14229 1623.0 382.0
14241 1622.0 346.0
14252 1616.0 310.0
14264 1605.0 276.0
14276 1589.0 243.0
14287 1571.0 212.0
14299 1548.0 182.0
14311 1524.0 153.0
14322 1498.0 126.0
14334 1469.0 101.0
14345 1438.0 79.0
14357 1403.0 61.0
14369 1366.0 46.0
14381 1328.0 35.0
14392 1289.0 27.0
14404 1249.0 24.0
14415 1208.0 28.0
14427 1167.0 35.0
14438 1128.0 46.0
14450 1091.0 62.0
14462 1059.0 80.0
14473 1031.0 100.0
14485 1008.0 121.0
14497 990.0 142.0
14509 977.0 162.0
14520 967.0 181.0
14532 962.0 199.0
14544 961.0 216.0
14555 965.0 230.0
14567 974.0 242.0
14578 986.0 252.0
14590 1002.0 257.0
14602 1019.0 261.0
14613 1037.0 260.0
14625 1055.0 257.0
14637 1072.0 249.0
14648 1087.0 239.0
14660 1098.0 225.0
14672 1108.0 210.0
14683 1112.0 193.0
14695 1115.0 175.0
14707 1114.0 155.0
14718 1110.0 135.0
14730 1100.0 113.0
14742 1086.0 90.0
14753 1066.0 68.0
14765 1041.0 49.0
14776 1012.0 32.0
14788 980.0 22.0
14800 946.0 15.0
14811 910.0 14.0
14823 872.0 17.0
14834 834.0 24.0
14846 795.0 35.0
14858 756.0 52.0
14869 717.0 74.0
14881 679.0 100.0
14893 640.0 132.0
14904 602.0 166.0
14916 565.0 205.0
14928 532.0 246.0
14939 503.0 291.0
14951 479.0 336.0
14963 460.0 381.0
14975 446.0 425.0
14986 437.0 468.0
14998 435.0 510.0
15010 438.0 548.0
15022 447.0 583.0
15034 461.0 612.0
15045 480.0 635.0
15057 505.0 652.0
15069 532.0 662.0
15081 562.0 668.0
15093 594.0 668.0
15104 627.0 665.0
15116 660.0 656.0
15128 691.0 645.0
15139 718.0 631.0
15151 740.0 617.0
15163 756.0 604.0
15175 764.0 592.0
15186 767.0 581.0
15198 765.0 570.0
15210 759.0 561.0
15222 748.0 553.0
15233 728.0 547.0
15245 700.0 543.0
15257 668.0 541.0
15268 635.0 542.0
15280 601.0 546.0
15292 567.0 552.0
15304 534.0 561.0
15315 503.0 571.0
15327 476.0 585.0
15339 451.0 600.0
15351 430.0 618.0
15363 412.0 640.0
15374 396.0 665.0
15386 385.0 693.0
15398 378.0 725.0
15410 375.0 757.0
15421 377.0 793.0
15433 380.0 830.0
15445 389.0 868.0
15457 401.0 906.0
15469 419.0 944.0
15481 442.0 980.0
15492 469.0 1015.0
15504 501.0 1047.0
15516 536.0 1077.0
15528 573.0 1104.0
15540 612.0 1129.0
15551 654.0 1150.0
15563 698.0 1166.0
15575 745.0 1175.0
15587 796.0 1177.0
15599 848.0 1173.0
15611 901.0 1163.0
15622 953.0 1149.0
15634 1000.0 1130.0
15646 1041.0 1109.0
15658 1076.0 1086.0
15670 1104.0 1064.0
15682 1126.0 1043.0
15693 1141.0 1024.0
15705 1151.0 1005.0
15717 1154.0 987.0
15729 1153.0 972.0
15741 1144.0 958.0
15752 1129.0 947.0
15764 1109.0 937.0
15776 1084.0 931.0
15788 1056.0 928.0
15800 1030.0 929.0
15812 1005.0 932.0
15823 983.0 939.0
15835 966.0 946.0
15847 955.0 956.0
15859 947.0 966.0
15871 944.0 978.0
15883 945.0 993.0
15894 949.0 1009.0
15906 957.0 1026.0
15918 968.0 1045.0
15930 982.0 1065.0
15942 1000.0 1085.0
15953 1020.0 1104.0
15965 1043.0 1122.0
15977 1069.0 1138.0
15989 1099.0 1151.0
16001 1132.0 1162.0
16013 1168.0 1166.0
16025 1206.0 1166.0
16036 1247.0 1161.0
16048 1289.0 1150.0
16060 1331.0 1134.0
16072 1372.0 1114.0
16084 1411.0 1089.0
16096 1446.0 1061.0
16107 1477.0 1030.0
16119 1503.0 999.0
16131 1524.0 966.0
16143 1542.0 932.0
16155 1559.0 897.0
16167 1572.0 861.0
16178 1583.0 823.0
16190 1590.0 785.0
16202 1593.0 746.0
16213 1590.0 706.0
16225 1582.0 668.0
16237 1570.0 633.0
16249 1554.0 602.0
16261 1537.0 572.0
16272 1518.0 548.0
16284 1498.0 527.0
16296 1478.0 511.0
16307 1457.0 501.0
16319 1437.0 496.0
16331 1416.0 496.0
16343 1396.0 500.0
16354 1377.0 509.0
16366 1360.0 519.0
16378 1348.0 531.0
16390 1338.0 545.0
16402 1334.0 558.0
16413 1333.0 571.0
16425 1337.0 583.0
16437 1347.0 594.0
16448 1358.0 604.0
16460 1373.0 612.0
16472 1390.0 618.0
16484 1409.0 622.0
16496 1430.0 623.0
16508 1450.0 621.0
16519 1470.0 617.0
16531 1490.0 610.0
16543 1509.0 600.0
16555 1527.0 590.0
16566 1542.0 575.0
16578 1554.0 559.0
16590 1564.0 540.0
16602 1570.0 518.0
16613 1574.0 491.0
16625 1574.0 460.0
16637 1570.0 428.0
16648 1565.0 393.0
16660 1557.0 356.0
16672 1547.0 319.0
16684 1534.0 284.0
16695 1516.0 250.0
16707 1496.0 218.0
16718 1471.0 186.0
16730 1441.0 155.0
16742 1408.0 129.0
16754 1371.0 105.0
16765 1331.0 86.0
16777 1288.0 70.0
16789 1243.0 60.0
16800 1200.0 56.0
16812 1157.0 57.0
16823 1117.0 62.0
16835 1078.0 73.0
16846 1044.0 87.0
16858 1015.0 103.0
16870 991.0 120.0
16882 975.0 138.0
16893 964.0 155.0
16905 958.0 173.0
16917 956.0 189.0
16928 960.0 204.0
16940 966.0 218.0
16952 977.0 229.0
16963 988.0 239.0
16975 1001.0 246.0
16986 1015.0 250.0
16998 1029.0 253.0
17010 1043.0 252.0
17022 1056.0 249.0
17034 1068.0 243.0
17045 1078.0 235.0
17057 1084.0 225.0
17068 1088.0 215.0
17080 1090.0 204.0
17092 1087.0 193.0
17103 1082.0 181.0
17115 1072.0 168.0
17127 1057.0 155.0
17138 1039.0 142.0
17150 1014.0 130.0
17161 988.0 118.0
17173 958.0 108.0
17185 927.0 100.0
17196 895.0 94.0
17208 862.0 90.0
17220 828.0 91.0
17231 793.0 95.0
17243 756.0 105.0
17255 719.0 120.0
17267 682.0 138.0
17278 645.0 163.0
17290 611.0 190.0
17301 579.0 221.0
17313 551.0 253.0
17325 526.0 288.0
17336 508.0 323.0
17348 493.0 358.0
17360 484.0 392.0
17372 480.0 425.0
17383 480.0 457.0
17395 484.0 489.0
17407 493.0 519.0
17418 505.0 544.0
17430 522.0 567.0
17442 540.0 584.0
17454 563.0 598.0
17465 587.0 608.0
17477 613.0 614.0
17489 639.0 616.0
17501 665.0 614.0
17513 690.0 608.0
17525 711.0 599.0
17536 728.0 590.0
17548 738.0 580.0
17559 743.0 573.0
17571 744.0 567.0
17583 740.0 563.0
17595 734.0 560.0
17607 724.0 560.0
17618 709.0 562.0
17630 689.0 567.0
17642 665.0 576.0
17653 639.0 587.0
17665 612.0 600.0
17677 587.0 615.0
17688 563.0 631.0
17700 544.0 648.0
17712 527.0 666.0
17724 515.0 685.0
17735 504.0 708.0
17747 498.0 732.0
17759 494.0 758.0
17771 491.0 788.0
17782 493.0 818.0
17794 499.0 849.0
17806 509.0 880.0
17818 524.0 914.0
17830 544.0 947.0
17841 569.0 981.0
17853 598.0 1013.0
17865 630.0 1043.0
17877 667.0 1069.0
17889 708.0 1093.0
17901 752.0 1111.0
17913 797.0 1126.0
17924 844.0 1134.0
17936 890.0 1136.0
17948 933.0 1132.0
17960 972.0 1121.0
17972 1009.0 1106.0
17983 1040.0 1089.0
17995 1067.0 1069.0
18007 1089.0 1050.0
18019 1105.0 1032.0
18031 1115.0 1015.0
18043 1118.0 1000.0
18054 1118.0 987.0
18066 1114.0 976.0
18078 1105.0 966.0
18090 1093.0 958.0
18102 1076.0 952.0
18113 1058.0 948.0
18125 1039.0 948.0
18137 1020.0 950.0
18149 1004.0 953.0
18161 991.0 959.0
18173 981.0 968.0
18184 975.0 977.0
18196 971.0 988.0
18208 971.0 1001.0
18220 974.0 1018.0
18232 980.0 1036.0
18244 991.0 1057.0
18255 1008.0 1078.0
18267 1029.0 1099.0
18279 1055.0 1118.0
18291 1085.0 1135.0
18302 1116.0 1147.0
18314 1149.0 1157.0
18326 1183.0 1161.0
18338 1220.0 1160.0
18350 1257.0 1155.0
18362 1293.0 1144.0
18374 1327.0 1131.0
18385 1361.0 1115.0
18397 1393.0 1095.0
18409 1424.0 1070.0
18421 1453.0 1043.0
18432 1479.0 1010.0
18444 1504.0 973.0
18456 1524.0 935.0
18468 1542.0 896.0
18480 1557.0 857.0
18491 1569.0 819.0
18503 1578.0 782.0
18515 1584.0 746.0
18527 1587.0 711.0
18539 1585.0 679.0
18550 1580.0 649.0
18562 1570.0 623.0
18574 1557.0 599.0
18585 1540.0 579.0
18597 1522.0 563.0
18609 1502.0 551.0
18621 1481.0 542.0
18632 1460.0 538.0
18644 1441.0 536.0
18656 1422.0 538.0
18668 1406.0 542.0
18679 1393.0 549.0
18691 1382.0 557.0
18703 1375.0 565.0
18715 1371.0 575.0
18726 1370.0 585.0
18738 1372.0 596.0
18750 1377.0 607.0
18762 1385.0 619.0
18773 1396.0 632.0
18785 1411.0 643.0
18797 1427.0 651.0
18809 1444.0 657.0
18820 1461.0 660.0
18832 1479.0 658.0
18844 1496.0 653.0
18856 1512.0 645.0
18867 1526.0 633.0
18879 1539.0 618.0
18891 1550.0 601.0
18903 1561.0 580.0
18914 1568.0 556.0
18926 1574.0 532.0
18938 1577.0 505.0
18949 1577.0 477.0
18962 1574.0 448.0
18973 1568.0 417.0
18985 1559.0 385.0
18996 1548.0 350.0
19008 1533.0 315.0
19020 1516.0 280.0
19031 1494.0 248.0
19043 1470.0 220.0
19055 1442.0 196.0
19066 1411.0 173.0
19078 1378.0 153.0
19090 1342.0 135.0
19101 1304.0 120.0
19113 1266.0 108.0
19125 1227.0 98.0
19136 1188.0 90.0
19148 1151.0 86.0
19160 1117.0 85.0
19171 1084.0 89.0
19183 1052.0 96.0
19195 1023.0 107.0
19206 999.0 120.0
19218 980.0 136.0
19230 965.0 153.0
19241 956.0 169.0
19253 951.0 185.0
19265 950.0 201.0
19276 953.0 215.0
19288 958.0 227.0
19300 967.0 238.0
19312 976.0 247.0
19323 986.0 252.0
19335 997.0 255.0
19347 1007.0 254.0
19358 1017.0 251.0
19370 1025.0 244.0
19382 1031.0 234.0
19393 1035.0 223.0
19405 1039.0 211.0
19416 1041.0 198.0
19428 1039.0 186.0
19440 1035.0 173.0
19451 1028.0 161.0
19463 1016.0 149.0
19475 999.0 137.0
19486 979.0 126.0
19498 954.0 119.0
19510 928.0 115.0
19521 899.0 112.0
19533 870.0 112.0
19545 839.0 116.0
19556 809.0 121.0
19568 779.0 131.0
19580 748.0 145.0
19591 717.0 162.0
19603 687.0 184.0
19615 657.0 209.0
19626 628.0 238.0
19638 601.0 270.0
19650 576.0 304.0
19661 556.0 339.0
19673 541.0 373.0
19685 531.0 406.0
19696 527.0 439.0
19708 528.0 470.0
19720 534.0 499.0
19732 544.0 527.0
19743 558.0 552.0
19755 575.0 577.0
19767 597.0 597.0
19779 620.0 615.0
19790 644.0 627.0
19802 668.0 636.0
19814 691.0 639.0
19826 711.0 637.0
19837 728.0 632.0
19849 740.0 623.0
19861 748.0 613.0
19872 751.0 603.0
19884 751.0 592.0
19896 748.0 582.0
19908 742.0 573.0
19919 732.0 565.0
19931 720.0 559.0
19943 702.0 555.0
19954 680.0 552.0
19966 656.0 553.0
19978 631.0 556.0
19990 606.0 561.0
20001 582.0 569.0
20013 561.0 579.0
20025 542.0 591.0
20037 524.0 606.0
20049 509.0 623.0
20060 497.0 642.0
20072 486.0 665.0
20084 476.0 690.0
20095 469.0 719.0
20107 465.0 750.0
20119 463.0 781.0
20131 466.0 813.0
20143 472.0 847.0
20155 483.0 882.0
20166 497.0 916.0
20178 515.0 951.0
20190 537.0 984.0
20202 563.0 1015.0
20213 594.0 1041.0
20225 627.0 1064.0
20237 665.0 1083.0
20249 704.0 1097.0
20261 746.0 1108.0
20273 790.0 1113.0
20284 833.0 1113.0
20296 874.0 1106.0
20308 913.0 1095.0
20320 946.0 1079.0
20332 975.0 1061.0
20344 999.0 1041.0
20356 1017.0 1022.0
20367 1029.0 1004.0
20379 1036.0 986.0
20391 1038.0 973.0
20403 1036.0 962.0
20415 1032.0 952.0
20426 1025.0 945.0
20438 1014.0 940.0
20450 1001.0 936.0
20462 985.0 935.0
20473 968.0 937.0
20485 953.0 940.0
20497 941.0 947.0
20509 931.0 955.0
20521 926.0 965.0
20532 922.0 978.0
20544 923.0 992.0
20556 926.0 1007.0
20568 934.0 1024.0
20580 944.0 1041.0
20591 956.0 1059.0
20603 973.0 1077.0
20615 992.0 1095.0
20627 1017.0 1113.0
20639 1044.0 1129.0
20651 1074.0 1142.0
20662 1106.0 1153.0
20674 1140.0 1158.0
20686 1176.0 1160.0
20698 1212.0 1156.0
20710 1248.0 1149.0
20721 1284.0 1138.0
20734 1320.0 1122.0
20745 1356.0 1104.0
20757 1392.0 1083.0
20769 1425.0 1059.0
20780 1457.0 1034.0
20792 1486.0 1005.0
20804 1512.0 974.0
20816 1536.0 940.0
20828 1556.0 905.0
20840 1574.0 870.0
20852 1586.0 835.0
20863 1595.0 799.0
20875 1599.0 765.0
20887 1599.0 732.0
20898 1595.0 700.0
20910 1587.0 672.0
20922 1577.0 647.0
20934 1562.0 624.0
20946 1545.0 605.0
20958 1527.0 590.0
20969 1505.0 578.0
20981 1482.0 570.0
20993 1458.0 566.0
21004 1435.0 566.0
21016 1414.0 569.0
21028 1396.0 575.0
21040 1380.0 582.0
21052 1370.0 590.0
21063 1364.0 597.0
21075 1360.0 605.0
21087 1361.0 612.0
21098 1364.0 621.0
21110 1369.0 629.0
21122 1378.0 637.0
21134 1390.0 645.0
21145 1405.0 652.0
21157 1422.0 657.0
21169 1441.0 660.0
21181 1459.0 659.0
21192 1477.0 656.0
21204 1492.0 649.0
21216 1507.0 640.0
21228 1519.0 630.0
21239 1530.0 617.0
21251 1539.0 601.0
21263 1545.0 583.0
21274 1550.0 561.0
21286 1554.0 537.0
21298 1554.0 509.0
21310 1552.0 478.0
21321 1549.0 447.0
21333 1542.0 416.0
21345 1532.0 384.0
21357 1518.0 353.0
21368 1500.0 319.0
21380 1478.0 284.0
21392 1453.0 251.0
21403 1425.0 219.0
21415 1397.0 189.0
21427 1367.0 163.0
21438 1338.0 139.0
21450 1308.0 119.0
21461 1278.0 101.0
21473 1247.0 88.0
21485 1215.0 78.0
21496 1180.0 74.0
21508 1145.0 75.0
21520 1110.0 82.0
21531 1078.0 93.0
21543 1048.0 108.0
21555 1023.0 125.0
21566 1002.0 142.0
21578 986.0 159.0
21590 975.0 176.0
21601 967.0 191.0
21613 963.0 205.0
21625 963.0 217.0
21636 966.0 228.0
21648 974.0 237.0
21659 983.0 244.0
21671 993.0 250.0
21683 1006.0 254.0
21695 1020.0 256.0
21706 1032.0 256.0
21718 1043.0 253.0
21730 1054.0 250.0
21742 1062.0 243.0
21753 1068.0 234.0
21764 1072.0 225.0
21776 1073.0 215.0
21788 1072.0 205.0
21799 1069.0 193.0
21811 1062.0 180.0
21823 1052.0 166.0
21835 1040.0 153.0
21846 1026.0 139.0
21858 1009.0 127.0
21869 992.0 115.0
21881 972.0 105.0
21893 950.0 99.0
21905 926.0 95.0
21916 900.0 94.0
21928 871.0 98.0
21940 839.0 106.0
21951 803.0 118.0
21963 765.0 136.0
21975 727.0 158.0
21986 685.0 183.0
21998 644.0 213.0
22010 604.0 245.0
22021 567.0 281.0
22033 537.0 317.0
22044 513.0 354.0
22056 496.0 388.0
22068 483.0 421.0
22079 475.0 453.0
22092 473.0 486.0
22103 477.0 518.0
22115 485.0 549.0
22126 497.0 577.0
22138 513.0 602.0
22150 531.0 626.0
22162 552.0 645.0
22173 575.0 663.0
22185 598.0 675.0
22197 621.0 683.0
22209 644.0 686.0
22221 664.0 686.0
22232 682.0 681.0
22244 697.0 672.0
22256 708.0 661.0
22267 717.0 649.0
22279 721.0 638.0
22291 724.0 627.0
22303 722.0 616.0
22314 718.0 607.0
22326 708.0 600.0
22338 695.0 594.0
22349 677.0 589.0
22361 657.0 585.0
22373 634.0 583.0
22385 611.0 584.0
22396 589.0 588.0
22408 567.0 595.0
22420 547.0 605.0
22432 529.0 615.0
22444 511.0 630.0
22455 496.0 647.0
22467 482.0 665.0
22478 471.0 686.0
22490 462.0 709.0
22502 457.0 734.0
22514 453.0 761.0
22526 453.0 790.0
22537 456.0 821.0
22549 461.0 852.0
22561 469.0 886.0
22573 481.0 920.0
22584 498.0 954.0
22596 519.0 987.0
22608 545.0 1019.0
22620 578.0 1047.0
22632 617.0 1071.0
22644 658.0 1093.0
22656 701.0 1111.0
22667 745.0 1124.0
22679 788.0 1133.0
22691 830.0 1135.0
22703 872.0 1131.0
22715 911.0 1123.0
22727 949.0 1111.0
22738 983.0 1094.0
22750 1015.0 1075.0
22762 1044.0 1054.0
22774 1066.0 1032.0
22786 1081.0 1013.0
22797 1090.0 995.0
22809 1092.0 982.0
22821 1089.0 971.0
22833 1083.0 962.0
22845 1074.0 955.0
22856 1064.0 950.0
22868 1052.0 946.0
22880 1041.0 946.0
22892 1030.0 948.0
22903 1020.0 952.0
22915 1012.0 960.0
22927 1005.0 970.0
22939 999.0 984.0
22951 996.0 1001.0
22962 996.0 1019.0
22974 1000.0 1038.0
22986 1006.0 1058.0
22998 1017.0 1077.0
23010 1031.0 1095.0
23022 1049.0 1112.0
23033 1071.0 1125.0
23045 1096.0 1136.0
23057 1125.0 1145.0
23069 1156.0 1150.0
23081 1188.0 1151.0
23093 1223.0 1147.0
23105 1261.0 1140.0
23116 1299.0 1128.0
23128 1336.0 1111.0
23140 1372.0 1091.0
23152 1407.0 1068.0
23164 1440.0 1043.0
23176 1470.0 1014.0
23187 1496.0 983.0
23199 1521.0 949.0
23211 1541.0 914.0
23223 1559.0 879.0
23235 1576.0 844.0
23247 1589.0 810.0
23258 1598.0 777.0
23270 1601.0 744.0
23282 1601.0 712.0
23294 1595.0 683.0
23305 1583.0 656.0
23317 1565.0 631.0
23329 1544.0 610.0
23341 1520.0 593.0
23352 1495.0 580.0
23364 1471.0 570.0
23376 1448.0 564.0
23387 1426.0 560.0
23399 1406.0 560.0
23411 1388.0 563.0
23423 1372.0 568.0
23434 1361.0 575.0
23446 1352.0 583.0
23458 1348.0 592.0
23470 1346.0 601.0
23482 1348.0 610.0
23493 1353.0 620.0
23505 1362.0 631.0
23517 1373.0 641.0
23528 1389.0 649.0
23540 1406.0 654.0
23552 1424.0 656.0
23564 1442.0 655.0
23576 1459.0 651.0
23587 1475.0 644.0
23599 1490.0 634.0
23611 1503.0 623.0
23623 1516.0 608.0
23634 1528.0 591.0
23646 1539.0 573.0
23658 1547.0 551.0
23670 1553.0 528.0
23681 1557.0 502.0
23693 1557.0 474.0
23705 1553.0 444.0
23717 1547.0 413.0
23728 1537.0 381.0
23740 1525.0 349.0
23751 1509.0 317.0
23763 1492.0 285.0
23775 1470.0 251.0
23787 1444.0 217.0
23798 1414.0 184.0
23810 1382.0 152.0
23822 1348.0 123.0
23833 1313.0 99.0
23845 1279.0 78.0
23856 1243.0 62.0
23868 1206.0 51.0
23880 1168.0 44.0
23892 1130.0 44.0
23903 1090.0 50.0
23915 1052.0 63.0
23926 1020.0 81.0
23938 994.0 102.0
23950 973.0 125.0
23961 958.0 147.0
23973 949.0 169.0
23985 946.0 190.0
23996 946.0 210.0
24008 950.0 228.0
24020 958.0 246.0
24031 968.0 261.0
24043 982.0 273.0
24054 998.0 284.0
24066 1015.0 290.0
24078 1033.0 293.0
24090 1051.0 291.0
24101 1068.0 288.0
24113 1082.0 280.0
24125 1094.0 270.0
24136 1104.0 257.0
24148 1110.0 243.0
24160 1114.0 229.0
24171 1113.0 213.0
24183 1110.0 196.0
24195 1105.0 178.0
24206 1094.0 158.0
24218 1081.0 137.0
24230 1063.0 117.0
24241 1040.0 98.0
24253 1016.0 81.0
24264 988.0 68.0
24276 959.0 57.0
24288 928.0 51.0
24299 895.0 47.0
24311 859.0 49.0
24323 821.0 57.0
24334 779.0 72.0
24346 734.0 93.0
24358 689.0 120.0
24369 641.0 152.0
24381 595.0 187.0
24393 551.0 225.0
24405 513.0 265.0
24416 481.0 305.0
24428 457.0 343.0
24439 441.0 379.0
24451 434.0 414.0
24463 433.0 450.0
24475 438.0 484.0
24486 449.0 515.0
24498 465.0 543.0
24510 484.0 567.0
24522 509.0 588.0
24533 535.0 606.0
24545 563.0 618.0
24557 593.0 627.0
24568 622.0 631.0
24580 649.0 631.0
24592 674.0 627.0
24604 694.0 617.0
24615 711.0 607.0
24627 722.0 596.0
24639 730.0 584.0
24651 733.0 573.0
24662 732.0 562.0
24674 728.0 554.0
24686 718.0 546.0
24697 704.0 540.0
24709 686.0 536.0
24721 662.0 534.0
24733 636.0 537.0
24744 607.0 543.0
24756 577.0 553.0
24768 550.0 566.0
24780 524.0 581.0
24791 501.0 598.0
24803 482.0 617.0
24815 464.0 638.0
24826 450.0 662.0
24838 439.0 688.0
24850 429.0 718.0
24862 425.0 750.0
24874 423.0 785.0
24885 426.0 820.0
24897 433.0 855.0
24909 445.0 891.0
24921 463.0 927.0
24933 483.0 962.0
24944 507.0 995.0
24956 532.0 1027.0
24968 561.0 1055.0
24980 592.0 1079.0
24992 626.0 1100.0
25004 664.0 1117.0
25015 702.0 1128.0
25027 742.0 1135.0
25039 782.0 1138.0
25051 822.0 1137.0
25063 861.0 1132.0
25075 899.0 1122.0
25086 936.0 1108.0
25098 971.0 1091.0
25110 1003.0 1071.0
25122 1031.0 1050.0
25134 1053.0 1031.0
25145 1068.0 1013.0
25157 1077.0 999.0
25169 1080.0 988.0
25181 1079.0 980.0
25192 1076.0 974.0
25204 1070.0 969.0
25216 1063.0 965.0
25228 1053.0 963.0
25240 1043.0 963.0
25252 1032.0 966.0
25264 1021.0 971.0
25275 1010.0 980.0
25287 999.0 990.0
25299 990.0 1002.0
25311 985.0 1016.0
25323 982.0 1031.0
25335 984.0 1047.0
25346 987.0 1063.0
25358 995.0 1080.0
25370 1007.0 1095.0
25382 1024.0 1110.0
25393 1045.0 1124.0
25405 1071.0 1135.0
25417 1102.0 1145.0
25429 1137.0 1150.0
25441 1175.0 1153.0
25453 1217.0 1150.0
25465 1260.0 1144.0
25476 1303.0 1133.0
25488 1345.0 1119.0
25500 1386.0 1100.0
25512 1425.0 1078.0
25524 1461.0 1053.0
25536 1492.0 1025.0
25548 1520.0 994.0
25559 1545.0 962.0
25571 1566.0 927.0
25583 1583.0 890.0
25595 1598.0 853.0
25607 1608.0 817.0
25619 1613.0 782.0
25630 1614.0 748.0
25642 1610.0 716.0
25654 1601.0 686.0
25666 1589.0 660.0
25677 1572.0 636.0
25689 1554.0 617.0
25701 1531.0 600.0
25713 1508.0 588.0
25724 1484.0 578.0
25736 1460.0 573.0
25748 1437.0 571.0
25759 1416.0 573.0
25771 1398.0 576.0
25783 1382.0 584.0
25795 1370.0 592.0
25806 1362.0 600.0
25818 1358.0 609.0
25830 1357.0 619.0
25842 1361.0 629.0
25854 1366.0 638.0
25865 1374.0 647.0
25877 1385.0 654.0
25889 1400.0 659.0
25900 1416.0 662.0
25912 1433.0 661.0
25924 1450.0 658.0
25936 1468.0 650.0
25948 1485.0 640.0
25959 1500.0 625.0
25971 1514.0 608.0
25983 1527.0 587.0
25994 1538.0 562.0
26006 1547.0 535.0
26018 1554.0 504.0
26030 1559.0 472.0
26042 1561.0 438.0
26053 1560.0 403.0
26065 1556.0 368.0
26077 1548.0 335.0
26088 1538.0 302.0
26100 1523.0 269.0
26112 1506.0 235.0
26123 1485.0 203.0
26135 1461.0 174.0
26147 1435.0 149.0
26158 1406.0 125.0
26170 1376.0 106.0
26181 1345.0 88.0
26193 1311.0 76.0
26205 1275.0 67.0
26216 1238.0 64.0
26228 1201.0 65.0
26240 1163.0 69.0
26252 1127.0 77.0
26263 1094.0 87.0
26275 1063.0 100.0
26286 1038.0 115.0
26298 1016.0 130.0
26310 999.0 146.0
26321 987.0 163.0
26333 979.0 180.0
26345 976.0 198.0
26356 976.0 216.0
26368 979.0 234.0
26379 985.0 249.0
26391 994.0 262.0
26403 1005.0 273.0
26414 1018.0 281.0
26426 1032.0 286.0
26438 1045.0 288.0
26450 1057.0 286.0
26461 1068.0 282.0
26473 1075.0 273.0
26485 1080.0 263.0
26496 1084.0 252.0
26508 1087.0 238.0
26520 1087.0 223.0
26531 1086.0 207.0
26543 1083.0 190.0
26555 1077.0 172.0
26566 1068.0 154.0
26578 1056.0 135.0
26590 1040.0 116.0
26601 1021.0 98.0
26613 999.0 83.0
26625 975.0 72.0
26636 947.0 63.0
26648 917.0 60.0
26659 884.0 63.0
26671 847.0 70.0
26682 809.0 82.0
26694 769.0 100.0
26706 729.0 121.0
26717 690.0 146.0
26729 654.0 176.0
26741 621.0 207.0
26753 591.0 243.0
26764 566.0 280.0
26776 545.0 319.0
26788 529.0 358.0
26799 518.0 398.0
26811 512.0 437.0
26823 510.0 475.0
26835 514.0 512.0
26846 524.0 546.0
26858 536.0 577.0
26870 553.0 602.0
26881 571.0 624.0
26893 591.0 641.0
26905 612.0 654.0
26917 634.0 663.0
26929 655.0 666.0
26941 674.0 665.0
26952 693.0 660.0
26964 711.0 650.0
26976 726.0 640.0
26988 737.0 627.0
26999 744.0 614.0
27011 747.0 602.0
27023 746.0 591.0
27034 742.0 580.0
27046 733.0 571.0
27058 721.0 564.0
27069 706.0 559.0
27081 688.0 556.0
27093 667.0 556.0
27105 645.0 559.0
27116 624.0 563.0
27128 603.0 572.0
27140 582.0 583.0
27152 563.0 597.0
27163 545.0 615.0
27175 527.0 636.0
27187 514.0 661.0
27199 503.0 690.0
27211 493.0 721.0
27222 487.0 754.0
27234 484.0 790.0
27246 487.0 825.0
27258 492.0 860.0
27269 501.0 896.0
27281 512.0 932.0
27293 527.0 969.0
27305 544.0 1005.0
27316 565.0 1040.0
27328 589.0 1071.0
27340 620.0 1099.0
27352 654.0 1121.0
27364 693.0 1138.0
27376 736.0 1148.0
27388 779.0 1151.0
27399 822.0 1150.0
27412 862.0 1143.0
27423 901.0 1132.0
27435 936.0 1116.0
27447 968.0 1097.0
27459 998.0 1075.0
27470 1023.0 1051.0
27482 1045.0 1029.0
27494 1061.0 1008.0
27506 1071.0 990.0
27517 1076.0 973.0
27529 1077.0 960.0
27541 1074.0 949.0
27553 1069.0 942.0
27565 1061.0 936.0
27577 1051.0 932.0
27588 1039.0 931.0
27600 1026.0 934.0
27612 1013.0 941.0
27624 999.0 951.0
27636 988.0 963.0
27647 979.0 978.0
27659 974.0 995.0
27671 973.0 1013.0
27683 977.0 1034.0
27695 985.0 1055.0
27707 998.0 1076.0
27718 1017.0 1095.0
27731 1042.0 1112.0
27742 1070.0 1124.0
27754 1101.0 1132.0
27766 1137.0 1134.0
27778 1175.0 1130.0
27789 1214.0 1121.0
27801 1254.0 1108.0
27813 1294.0 1090.0
27825 1333.0 1070.0
27837 1372.0 1046.0
27849 1409.0 1019.0
27861 1444.0 989.0
27872 1477.0 958.0
27884 1506.0 923.0
27896 1531.0 886.0
27908 1552.0 848.0
27920 1570.0 808.0
27931 1583.0 768.0
27943 1592.0 729.0
27955 1595.0 691.0
27966 1594.0 657.0
27978 1587.0 625.0
27990 1574.0 598.0
28002 1556.0 573.0
28014 1535.0 554.0
28025 1511.0 539.0
28037 1484.0 529.0
28049 1458.0 524.0
28061 1433.0 524.0
28072 1409.0 528.0
28084 1391.0 536.0
28096 1377.0 546.0
28107 1368.0 557.0
28119 1365.0 568.0
28131 1366.0 580.0
28143 1371.0 591.0
28155 1381.0 601.0
28166 1394.0 611.0
28178 1412.0 619.0
28190 1433.0 626.0
28201 1457.0 629.0
28213 1484.0 629.0
28225 1510.0 626.0
28237 1535.0 618.0
28248 1556.0 608.0
28260 1573.0 595.0
28272 1587.0 578.0
28284 1597.0 560.0
28295 1602.0 538.0
28307 1604.0 513.0
28319 1601.0 484.0
28331 1595.0 452.0
28343 1585.0 416.0
28354 1571.0 378.0
28366 1553.0 339.0
28377 1531.0 301.0
28389 1508.0 266.0
28401 1483.0 232.0
28413 1455.0 200.0
28424 1424.0 169.0
28436 1391.0 143.0
28448 1353.0 119.0
28459 1314.0 100.0
28471 1270.0 85.0
28482 1225.0 76.0
28494 1181.0 73.0
28506 1140.0 77.0
