0 1131.0 929.0
11 1119.0 930.0
24 1088.0 932.0
35 1040.0 934.0
47 984.0 936.0
59 926.0 935.0
71 878.0 932.0
82 832.0 928.0
94 786.0 922.0
106 741.0 915.0
118 696.0 906.0
129 650.0 895.0
141 605.0 880.0
153 560.0 864.0
165 518.0 847.0
176 478.0 829.0
188 442.0 810.0
200 409.0 792.0
212 379.0 773.0
224 352.0 754.0
236 327.0 737.0
248 304.0 722.0
259 283.0 709.0
271 264.0 696.0
283 246.0 683.0
295 231.0 670.0
306 218.0 656.0
318 208.0 642.0
330 200.0 628.0
342 193.0 613.0
353 187.0 601.0
365 182.0 588.0
377 178.0 575.0
389 175.0 562.0
400 174.0 547.0
412 175.0 532.0
424 177.0 515.0
435 182.0 498.0
447 188.0 481.0
459 196.0 465.0
471 204.0 449.0
482 214.0 435.0
494 226.0 421.0
506 240.0 408.0
518 256.0 394.0
529 275.0 379.0
541 297.0 364.0
553 321.0 349.0
565 347.0 336.0
576 376.0 324.0
588 406.0 314.0
600 437.0 305.0
611 470.0 298.0
623 503.0 292.0
635 539.0 286.0
646 576.0 281.0
658 615.0 276.0
670 655.0 270.0
681 695.0 264.0
693 735.0 260.0
705 774.0 256.0
717 814.0 254.0
728 854.0 253.0
740 894.0 252.0
751 933.0 253.0
763 971.0 255.0
775 1009.0 258.0
786 1044.0 261.0
798 1077.0 264.0
809 1110.0 268.0
821 1142.0 271.0
833 1172.0 275.0
845 1201.0 278.0
856 1228.0 282.0
868 1253.0 286.0
880 1277.0 289.0
891 1300.0 293.0
903 1321.0 297.0
914 1340.0 301.0
926 1360.0 305.0
938 1379.0 309.0
949 1397.0 313.0
961 1413.0 316.0
973 1429.0 318.0
985 1444.0 321.0
996 1458.0 324.0
1008 1472.0 326.0
1020 1486.0 329.0
1031 1499.0 331.0
1043 1512.0 334.0
1055 1523.0 336.0
1066 1535.0 339.0
1078 1546.0 342.0
1089 1556.0 345.0
1101 1568.0 348.0
1113 1581.0 351.0
1125 1592.0 355.0
1136 1604.0 360.0
1148 1617.0 365.0
1160 1628.0 370.0
1171 1639.0 375.0
1183 1650.0 380.0
1195 1661.0 386.0
1206 1671.0 391.0
1218 1680.0 397.0
1230 1689.0 404.0
1241 1699.0 410.0
1253 1708.0 416.0
1265 1716.0 422.0
1277 1723.0 427.0
1288 1731.0 433.0
1300 1738.0 439.0
1311 1746.0 447.0
1323 1753.0 455.0
1335 1759.0 463.0
1347 1766.0 471.0
1358 1774.0 480.0
1370 1782.0 490.0
1382 1790.0 500.0
1393 1796.0 512.0
1405 1801.0 526.0
1417 1805.0 542.0
1429 1807.0 559.0
1440 1806.0 577.0
1452 1804.0 598.0
1464 1801.0 619.0
1476 1796.0 641.0
1488 1788.0 664.0
1499 1778.0 688.0
1511 1768.0 710.0
1523 1757.0 732.0
1535 1744.0 753.0
1546 1730.0 774.0
1558 1714.0 793.0
1570 1697.0 811.0
1582 1680.0 829.0
1593 1660.0 847.0
1605 1640.0 865.0
1617 1621.0 881.0
1629 1603.0 897.0
1640 1585.0 911.0
1652 1567.0 925.0
1664 1549.0 938.0
1676 1530.0 949.0
1688 1511.0 959.0
1699 1490.0 967.0
1711 1470.0 974.0
1723 1448.0 979.0
1735 1426.0 983.0
1747 1404.0 986.0
1758 1383.0 988.0
1770 1362.0 990.0
1782 1341.0 992.0
1794 1321.0 993.0
1806 1301.0 995.0
1817 1280.0 996.0
1829 1260.0 996.0
1841 1240.0 996.0
1852 1221.0 996.0
1865 1202.0 995.0
1876 1183.0 995.0
1888 1165.0 994.0
1899 1145.0 994.0
1911 1126.0 994.0
1923 1106.0 994.0
1935 1086.0 994.0
1947 1066.0 994.0
1959 1047.0 994.0
1970 1028.0 995.0
1982 1009.0 995.0
1994 989.0 996.0
2006 970.0 996.0
2017 950.0 996.0
2029 930.0 996.0
2041 909.0 996.0
2053 889.0 995.0
2065 869.0 995.0
2076 848.0 994.0
2088 826.0 993.0
2100 804.0 993.0
2112 782.0 992.0
2124 759.0 991.0
2135 736.0 990.0
2147 714.0 989.0
2159 691.0 988.0
2170 669.0 987.0
2182 647.0 984.0
2194 625.0 981.0
2206 602.0 978.0
2218 580.0 974.0
2230 557.0 969.0
2241 535.0 963.0
2253 513.0 957.0
2265 491.0 950.0
2277 469.0 943.0
2288 447.0 934.0
2300 425.0 925.0
2312 404.0 915.0
2324 384.0 905.0
2335 364.0 894.0
2347 344.0 881.0
2359 325.0 866.0
2371 306.0 850.0
2383 289.0 833.0
2394 274.0 815.0
2406 260.0 795.0
2418 249.0 774.0
2430 240.0 753.0
2441 233.0 730.0
2453 226.0 708.0
2465 220.0 684.0
2477 215.0 660.0
2488 211.0 635.0
2500 209.0 609.0
2512 209.0 583.0
2524 211.0 557.0
2535 214.0 532.0
2547 220.0 509.0
2559 228.0 488.0
2570 236.0 470.0
2582 245.0 452.0
2594 254.0 434.0
2606 264.0 418.0
2617 275.0 403.0
2629 287.0 389.0
2640 299.0 375.0
2652 312.0 361.0
2664 325.0 349.0
2676 338.0 337.0
2687 352.0 325.0
2699 367.0 314.0
2711 383.0 303.0
2722 400.0 292.0
2734 417.0 284.0
2746 436.0 276.0
2758 456.0 269.0
2769 475.0 262.0
2781 495.0 256.0
2792 514.0 252.0
2804 533.0 248.0
2816 551.0 244.0
2827 569.0 240.0
2839 587.0 236.0
2851 606.0 233.0
2862 625.0 229.0
2874 644.0 226.0
2886 663.0 223.0
2897 682.0 221.0
2909 702.0 219.0
2921 721.0 218.0
2932 739.0 216.0
2944 758.0 214.0
2956 777.0 213.0
2967 796.0 212.0
2979 815.0 211.0
2990 834.0 211.0
3002 853.0 211.0
3014 872.0 211.0
3025 891.0 211.0
3037 910.0 212.0
3049 929.0 212.0
3060 947.0 213.0
3072 966.0 214.0
3084 984.0 215.0
3095 1001.0 216.0
3107 1019.0 216.0
3119 1037.0 217.0
3130 1055.0 218.0
3142 1073.0 219.0
3154 1091.0 219.0
3165 1109.0 220.0
3177 1127.0 221.0
3188 1145.0 222.0
3200 1163.0 224.0
3212 1181.0 225.0
3224 1198.0 226.0
3235 1216.0 226.0
3247 1234.0 228.0
3259 1252.0 230.0
3270 1269.0 232.0
3282 1287.0 234.0
3294 1304.0 237.0
3305 1320.0 239.0
3317 1336.0 242.0
3329 1353.0 244.0
3340 1370.0 246.0
3352 1386.0 249.0
3363 1403.0 252.0
3375 1419.0 255.0
3387 1435.0 260.0
3398 1451.0 266.0
3410 1467.0 273.0
3422 1483.0 280.0
3433 1499.0 286.0
3445 1515.0 293.0
3457 1532.0 301.0
3469 1549.0 311.0
3480 1567.0 321.0
3492 1586.0 334.0
3504 1606.0 347.0
3515 1625.0 363.0
3527 1645.0 380.0
3539 1664.0 400.0
3550 1682.0 424.0
3562 1700.0 449.0
3574 1717.0 477.0
3586 1731.0 507.0
3597 1742.0 536.0
3609 1752.0 565.0
3621 1757.0 592.0
3632 1759.0 617.0
3644 1759.0 640.0
3656 1758.0 660.0
3668 1757.0 679.0
3679 1756.0 697.0
3691 1754.0 714.0
3703 1752.0 729.0
3715 1749.0 745.0
3727 1745.0 760.0
3738 1740.0 775.0
3750 1733.0 787.0
3762 1726.0 799.0
3774 1719.0 810.0
3785 1711.0 820.0
3797 1704.0 828.0
3809 1695.0 836.0
3820 1686.0 844.0
3832 1676.0 852.0
3844 1667.0 859.0
3856 1656.0 866.0
3867 1643.0 874.0
3879 1627.0 883.0
3891 1611.0 891.0
3903 1594.0 899.0
3915 1575.0 905.0
3927 1556.0 911.0
3938 1537.0 917.0
3950 1516.0 923.0
3962 1495.0 930.0
3974 1472.0 936.0
3985 1449.0 941.0
3997 1425.0 947.0
4009 1400.0 952.0
4021 1375.0 957.0
4032 1348.0 963.0
4044 1323.0 969.0
4056 1297.0 975.0
4068 1272.0 981.0
4079 1245.0 986.0
4091 1219.0 991.0
4103 1192.0 995.0
4115 1165.0 999.0
4127 1139.0 1003.0
4138 1113.0 1005.0
4150 1087.0 1007.0
4162 1062.0 1008.0
4174 1037.0 1009.0
4186 1013.0 1009.0
4198 988.0 1009.0
4209 964.0 1010.0
4221 940.0 1010.0
4233 916.0 1010.0
4245 893.0 1009.0
4256 869.0 1009.0
4268 847.0 1007.0
4280 825.0 1005.0
4292 803.0 1002.0
4304 782.0 999.0
4316 762.0 996.0
4327 741.0 993.0
4339 721.0 990.0
4351 700.0 987.0
4363 678.0 981.0
4375 657.0 975.0
4386 635.0 968.0
4398 614.0 961.0
4410 592.0 954.0
4422 571.0 946.0
4434 548.0 939.0
4446 525.0 931.0
4457 502.0 921.0
4469 478.0 911.0
4481 453.0 902.0
4492 429.0 892.0
4504 404.0 880.0
4516 379.0 868.0
4528 354.0 856.0
4539 331.0 843.0
4551 308.0 829.0
4563 286.0 814.0
4575 265.0 798.0
4586 245.0 782.0
4598 227.0 767.0
4610 210.0 751.0
4622 196.0 735.0
4634 184.0 719.0
4645 173.0 702.0
4657 165.0 685.0
4669 162.0 666.0
4680 159.0 646.0
4692 161.0 626.0
4704 164.0 607.0
4716 169.0 588.0
4727 177.0 570.0
4739 185.0 553.0
4751 195.0 537.0
4763 205.0 522.0
4774 215.0 506.0
4786 227.0 491.0
4798 241.0 477.0
4809 256.0 463.0
4821 271.0 449.0
4833 287.0 435.0
4845 303.0 423.0
4856 320.0 411.0
4868 337.0 399.0
4879 356.0 388.0
4891 377.0 377.0
4903 399.0 367.0
4915 422.0 356.0
4926 445.0 347.0
4938 467.0 339.0
4950 489.0 333.0
4961 511.0 326.0
4973 532.0 320.0
4985 554.0 314.0
4996 576.0 309.0
5008 598.0 304.0
5020 620.0 300.0
5031 642.0 296.0
5043 664.0 293.0
5055 685.0 291.0
5067 706.0 289.0
5078 726.0 286.0
5090 746.0 284.0
5102 765.0 282.0
5114 785.0 280.0
5125 805.0 278.0
5137 824.0 277.0
5148 844.0 276.0
5160 864.0 275.0
5172 883.0 274.0
5184 901.0 273.0
5195 919.0 273.0
5207 937.0 273.0
5219 955.0 272.0
5230 973.0 272.0
5242 991.0 272.0
5254 1009.0 271.0
5265 1027.0 271.0
5277 1044.0 271.0
5289 1061.0 271.0
5300 1079.0 272.0
5312 1096.0 273.0
5324 1113.0 273.0
5336 1130.0 274.0
5347 1148.0 275.0
5359 1166.0 276.0
5370 1183.0 277.0
5382 1201.0 279.0
5394 1218.0 281.0
5405 1235.0 283.0
5417 1251.0 285.0
5429 1268.0 287.0
5440 1284.0 288.0
5452 1301.0 290.0
5464 1318.0 292.0
5475 1335.0 295.0
5487 1352.0 298.0
5499 1370.0 301.0
5510 1387.0 304.0
5522 1405.0 308.0
5534 1422.0 313.0
5546 1439.0 318.0
5557 1457.0 323.0
5569 1474.0 328.0
5580 1492.0 334.0
5592 1510.0 339.0
5604 1528.0 345.0
5616 1546.0 352.0
5627 1565.0 360.0
5639 1584.0 369.0
5651 1602.0 379.0
5662 1621.0 388.0
5674 1639.0 398.0
5686 1657.0 409.0
5697 1675.0 420.0
5709 1692.0 433.0
5721 1707.0 448.0
5733 1722.0 464.0
5745 1735.0 481.0
5756 1747.0 498.0
5768 1757.0 516.0
5779 1764.0 534.0
5791 1770.0 552.0
5803 1774.0 570.0
5815 1777.0 588.0
5826 1779.0 604.0
5838 1781.0 620.0
5850 1783.0 637.0
5862 1783.0 654.0
5873 1781.0 671.0
5886 1779.0 687.0
5897 1776.0 704.0
5909 1771.0 720.0
5920 1766.0 735.0
5932 1760.0 750.0
5944 1753.0 765.0
5956 1744.0 779.0
5968 1734.0 791.0
5979 1724.0 804.0
5991 1713.0 815.0
6003 1701.0 827.0
6015 1687.0 838.0
6026 1672.0 849.0
6038 1657.0 860.0
6050 1640.0 871.0
6062 1623.0 882.0
6074 1604.0 892.0
6086 1583.0 903.0
6097 1562.0 912.0
6109 1540.0 921.0
6121 1517.0 929.0
6132 1493.0 937.0
6144 1469.0 945.0
6156 1444.0 951.0
6168 1420.0 958.0
6180 1395.0 964.0
6191 1369.0 970.0
6203 1344.0 975.0
6215 1319.0 979.0
6227 1294.0 983.0
6239 1270.0 987.0
6250 1246.0 990.0
6262 1222.0 992.0
6274 1200.0 995.0
6286 1178.0 997.0
6298 1156.0 999.0
6309 1135.0 1001.0
6321 1112.0 1002.0
6333 1090.0 1003.0
6345 1068.0 1005.0
6357 1045.0 1006.0
6368 1023.0 1006.0
6380 1002.0 1005.0
6392 981.0 1005.0
6404 961.0 1005.0
6415 941.0 1004.0
6427 922.0 1004.0
6439 902.0 1004.0
6451 882.0 1004.0
6462 862.0 1004.0
6474 843.0 1004.0
6486 824.0 1003.0
6498 805.0 1002.0
6510 787.0 1000.0
6521 768.0 999.0
6534 749.0 997.0
6545 731.0 995.0
6557 711.0 993.0
6569 690.0 991.0
6580 669.0 989.0
6592 649.0 986.0
6604 628.0 983.0
6616 606.0 980.0
6628 585.0 977.0
6639 563.0 972.0
6651 541.0 966.0
6663 518.0 959.0
6675 496.0 952.0
6687 473.0 943.0
6698 450.0 933.0
6710 428.0 923.0
6722 407.0 911.0
6734 386.0 898.0
6745 365.0 884.0
6757 344.0 869.0
6769 324.0 854.0
6780 305.0 838.0
6792 286.0 821.0
6804 268.0 804.0
6816 251.0 786.0
6828 236.0 769.0
6839 221.0 750.0
6851 209.0 731.0
6863 198.0 712.0
6875 188.0 692.0
6886 180.0 673.0
6898 172.0 655.0
6910 167.0 637.0
6921 163.0 619.0
6933 163.0 602.0
6945 164.0 584.0
6957 166.0 567.0
6968 170.0 551.0
6980 175.0 535.0
6992 182.0 520.0
7004 190.0 505.0
7015 198.0 492.0
7027 207.0 479.0
7039 217.0 466.0
7050 230.0 454.0
7062 243.0 441.0
7074 258.0 430.0
7086 274.0 419.0
7097 290.0 409.0
7109 307.0 399.0
7121 324.0 391.0
7132 341.0 382.0
7144 361.0 374.0
7156 381.0 366.0
7168 401.0 358.0
7179 422.0 351.0
7191 443.0 344.0
7202 463.0 339.0
7214 484.0 334.0
7226 504.0 329.0
7238 525.0 324.0
7249 546.0 319.0
7261 567.0 314.0
7273 588.0 309.0
7285 609.0 305.0
7296 630.0 301.0
7308 651.0 298.0
7319 671.0 295.0
7331 691.0 293.0
7343 711.0 290.0
7355 731.0 288.0
7366 751.0 286.0
7378 771.0 284.0
7389 791.0 282.0
7401 811.0 280.0
7413 831.0 278.0
7425 850.0 276.0
7436 870.0 274.0
7448 889.0 272.0
7460 908.0 270.0
7471 927.0 268.0
7483 946.0 266.0
7495 965.0 265.0
7506 983.0 264.0
7518 1001.0 264.0
7530 1019.0 264.0
7541 1037.0 264.0
7553 1054.0 264.0
7565 1071.0 265.0
7577 1088.0 266.0
7588 1106.0 267.0
7600 1122.0 269.0
7611 1139.0 270.0
7623 1156.0 272.0
7635 1173.0 274.0
7647 1190.0 276.0
7658 1207.0 278.0
7670 1225.0 281.0
7681 1244.0 284.0
7693 1262.0 287.0
7705 1280.0 290.0
7716 1299.0 293.0
7728 1318.0 296.0
7740 1338.0 300.0
7751 1359.0 305.0
7763 1380.0 312.0
7775 1402.0 319.0
7786 1424.0 326.0
7798 1446.0 334.0
7810 1469.0 341.0
7821 1491.0 349.0
7833 1514.0 358.0
7845 1537.0 368.0
7857 1559.0 379.0
7868 1582.0 390.0
7880 1604.0 403.0
7892 1626.0 417.0
7904 1648.0 433.0
7915 1669.0 450.0
7927 1689.0 470.0
7939 1707.0 493.0
7950 1723.0 517.0
7962 1735.0 544.0
7974 1744.0 571.0
7986 1748.0 598.0
7997 1750.0 623.0
8009 1749.0 646.0
8021 1747.0 668.0
8032 1744.0 687.0
8045 1740.0 705.0
8056 1735.0 722.0
8068 1731.0 738.0
8080 1727.0 754.0
8091 1723.0 770.0
8103 1719.0 785.0
8115 1714.0 800.0
8127 1709.0 814.0
8139 1703.0 828.0
8150 1696.0 840.0
8162 1689.0 852.0
8174 1681.0 863.0
8186 1674.0 872.0
8198 1666.0 881.0
8209 1657.0 890.0
8221 1647.0 897.0
8233 1635.0 904.0
8245 1622.0 911.0
8256 1609.0 918.0
8268 1594.0 927.0
8280 1579.0 937.0
8292 1562.0 946.0
8304 1545.0 955.0
8315 1525.0 964.0
8327 1505.0 974.0
8339 1483.0 982.0
8351 1461.0 990.0
8362 1438.0 995.0
8375 1414.0 1000.0
8386 1390.0 1005.0
8398 1366.0 1010.0
8410 1341.0 1014.0
8422 1316.0 1018.0
8433 1290.0 1021.0
8445 1265.0 1024.0
8457 1239.0 1026.0
8469 1213.0 1028.0
8480 1188.0 1028.0
8492 1164.0 1029.0
8504 1141.0 1029.0
8516 1119.0 1029.0
8528 1097.0 1028.0
8539 1075.0 1027.0
8551 1053.0 1026.0
8563 1030.0 1026.0
8575 1008.0 1026.0
8587 985.0 1026.0
8599 962.0 1027.0
8610 939.0 1026.0
8622 917.0 1026.0
8634 896.0 1025.0
8646 876.0 1024.0
8657 857.0 1022.0
8669 837.0 1020.0
8681 817.0 1018.0
8693 797.0 1015.0
8705 775.0 1012.0
8717 753.0 1009.0
8728 730.0 1005.0
8740 706.0 1003.0
8752 681.0 1000.0
8764 657.0 998.0
8776 632.0 995.0
8787 607.0 992.0
8799 583.0 989.0
8811 559.0 983.0
8823 536.0 977.0
8835 512.0 970.0
8847 489.0 962.0
8858 467.0 954.0
8870 446.0 945.0
8882 425.0 935.0
8894 404.0 925.0
8905 384.0 914.0
8917 365.0 903.0
8929 346.0 891.0
8941 327.0 877.0
8953 309.0 864.0
8965 292.0 850.0
8976 276.0 835.0
8988 262.0 818.0
9000 250.0 801.0
9011 239.0 784.0
9023 228.0 768.0
9035 217.0 751.0
9047 207.0 733.0
9058 198.0 714.0
9070 189.0 690.0
9082 181.0 664.0
9094 174.0 635.0
9106 170.0 607.0
9118 168.0 581.0
9129 169.0 557.0
9141 172.0 537.0
9152 176.0 518.0
9164 184.0 500.0
9176 193.0 482.0
9188 204.0 465.0
9199 219.0 448.0
9211 236.0 431.0
9223 255.0 415.0
9235 275.0 401.0
9246 296.0 389.0
9258 317.0 378.0
9269 339.0 368.0
9281 360.0 359.0
9293 382.0 352.0
9304 404.0 345.0
9316 425.0 339.0
9328 447.0 333.0
9339 469.0 327.0
9351 491.0 321.0
9363 513.0 315.0
9375 535.0 310.0
9386 557.0 306.0
9398 579.0 303.0
9410 602.0 301.0
9421 624.0 299.0
9433 646.0 296.0
9444 668.0 294.0
9456 690.0 292.0
9468 712.0 291.0
9479 734.0 289.0
9491 755.0 289.0
9503 777.0 288.0
9515 798.0 288.0
9526 819.0 288.0
9538 840.0 288.0
9549 861.0 288.0
9561 882.0 288.0
9573 903.0 288.0
9585 924.0 288.0
9596 945.0 288.0
9608 966.0 288.0
9620 987.0 288.0
9631 1007.0 288.0
9643 1028.0 288.0
9655 1048.0 289.0
9666 1068.0 290.0
9678 1088.0 291.0
9689 1108.0 293.0
9701 1127.0 295.0
9713 1146.0 297.0
9724 1165.0 299.0
9736 1184.0 301.0
9748 1204.0 303.0
9759 1224.0 305.0
9771 1243.0 308.0
9783 1263.0 310.0
9795 1283.0 313.0
9806 1303.0 316.0
9818 1322.0 319.0
9830 1341.0 323.0
9841 1361.0 326.0
9853 1380.0 330.0
9865 1398.0 334.0
9876 1417.0 338.0
9888 1436.0 343.0
9900 1454.0 347.0
9911 1473.0 353.0
9923 1491.0 359.0
9935 1509.0 366.0
9947 1527.0 372.0
9958 1545.0 379.0
9970 1563.0 385.0
9982 1581.0 392.0
9993 1598.0 400.0
10005 1615.0 409.0
10017 1632.0 417.0
10029 1648.0 425.0
10040 1664.0 433.0
10052 1679.0 443.0
10064 1694.0 453.0
10075 1709.0 464.0
10087 1723.0 474.0
10099 1737.0 484.0
10110 1749.0 494.0
10122 1760.0 505.0
10134 1771.0 516.0
10146 1781.0 527.0
10157 1791.0 540.0
10169 1799.0 553.0
10181 1807.0 569.0
10193 1812.0 587.0
10205 1816.0 607.0
10216 1815.0 630.0
10228 1811.0 655.0
10240 1802.0 682.0
10251 1788.0 710.0
10263 1771.0 739.0
10275 1751.0 765.0
10287 1729.0 788.0
10298 1706.0 808.0
10310 1684.0 825.0
10322 1662.0 841.0
10334 1640.0 855.0
10346 1618.0 870.0
10357 1597.0 885.0
10369 1576.0 900.0
10381 1557.0 914.0
10393 1539.0 926.0
10405 1523.0 938.0
10416 1509.0 949.0
10428 1496.0 958.0
10440 1484.0 966.0
10452 1471.0 972.0
10464 1460.0 977.0
10475 1450.0 982.0
10487 1439.0 986.0
10499 1428.0 989.0
10511 1417.0 992.0
10522 1404.0 995.0
10534 1391.0 997.0
10546 1376.0 999.0
10558 1361.0 1002.0
10569 1345.0 1005.0
10581 1329.0 1007.0
10593 1313.0 1010.0
10605 1296.0 1013.0
10617 1277.0 1016.0
10629 1257.0 1020.0
10640 1236.0 1024.0
10652 1214.0 1028.0
10664 1191.0 1032.0
10676 1169.0 1035.0
10688 1148.0 1037.0
10699 1126.0 1039.0
10711 1103.0 1041.0
10723 1081.0 1043.0
10735 1058.0 1046.0
10747 1034.0 1049.0
10759 1010.0 1052.0
10770 986.0 1054.0
10782 962.0 1056.0
10794 939.0 1058.0
10806 916.0 1060.0
10818 893.0 1061.0
10830 870.0 1062.0
10841 848.0 1063.0
10854 825.0 1063.0
10865 803.0 1064.0
10877 781.0 1063.0
10889 761.0 1062.0
10901 741.0 1060.0
10912 723.0 1058.0
10924 704.0 1055.0
10936 685.0 1051.0
10948 666.0 1048.0
10960 647.0 1044.0
10971 627.0 1040.0
10984 608.0 1036.0
10995 589.0 1033.0
11007 570.0 1027.0
11019 551.0 1021.0
11030 531.0 1013.0
11042 511.0 1006.0
11054 491.0 999.0
11066 470.0 992.0
11078 449.0 985.0
11089 428.0 978.0
11101 405.0 970.0
11113 382.0 960.0
11125 360.0 950.0
11137 337.0 940.0
11148 314.0 926.0
11160 291.0 911.0
11172 269.0 894.0
11184 250.0 876.0
11196 232.0 857.0
11207 217.0 837.0
11219 204.0 816.0
11231 193.0 795.0
11242 182.0 773.0
11255 171.0 751.0
11266 163.0 727.0
11278 158.0 704.0
11290 154.0 680.0
11301 153.0 656.0
11313 153.0 633.0
11325 155.0 612.0
11337 157.0 593.0
11348 160.0 575.0
11360 163.0 560.0
11372 167.0 546.0
11383 173.0 533.0
11395 181.0 521.0
11407 190.0 510.0
11418 199.0 501.0
11430 207.0 492.0
11442 216.0 483.0
11454 226.0 475.0
11465 237.0 467.0
11477 251.0 458.0
11489 268.0 448.0
11500 285.0 438.0
11512 304.0 429.0
11524 324.0 421.0
11536 346.0 413.0
11547 369.0 404.0
11559 392.0 395.0
11571 415.0 387.0
11582 439.0 379.0
11594 463.0 371.0
11606 487.0 363.0
11617 512.0 356.0
11629 537.0 350.0
11641 562.0 344.0
11652 587.0 339.0
11664 612.0 335.0
11676 636.0 330.0
11687 661.0 325.0
11699 685.0 320.0
11711 709.0 316.0
11722 733.0 312.0
11734 756.0 308.0
11746 779.0 305.0
11758 802.0 303.0
11769 824.0 301.0
11781 846.0 300.0
11792 868.0 299.0
11804 888.0 297.0
11816 908.0 296.0
11827 926.0 295.0
11839 944.0 294.0
11850 962.0 294.0
11862 979.0 294.0
11874 996.0 294.0
11886 1013.0 294.0
11897 1030.0 295.0
11909 1047.0 296.0
11921 1063.0 297.0
11932 1079.0 298.0
11944 1095.0 299.0
11956 1110.0 299.0
11967 1125.0 299.0
11979 1140.0 300.0
11991 1155.0 301.0
12002 1171.0 302.0
12014 1187.0 303.0
12026 1203.0 304.0
12037 1220.0 306.0
12049 1237.0 308.0
12061 1254.0 311.0
12072 1271.0 314.0
12084 1288.0 318.0
12096 1305.0 321.0
12107 1323.0 325.0
12119 1340.0 329.0
12131 1359.0 333.0
12142 1379.0 338.0
12154 1399.0 344.0
12166 1418.0 351.0
12178 1439.0 359.0
12189 1459.0 367.0
12201 1480.0 376.0
12213 1501.0 386.0
12225 1522.0 396.0
12236 1543.0 406.0
12248 1564.0 417.0
12259 1585.0 427.0
12271 1605.0 438.0
12283 1625.0 450.0
12295 1644.0 463.0
12306 1663.0 476.0
12318 1681.0 490.0
12330 1698.0 505.0
12342 1713.0 521.0
12353 1726.0 538.0
12365 1737.0 555.0
12377 1746.0 576.0
12389 1751.0 598.0
12400 1753.0 622.0
12412 1751.0 646.0
12424 1746.0 670.0
12436 1737.0 694.0
12447 1727.0 716.0
12459 1716.0 736.0
12471 1706.0 755.0
12483 1696.0 773.0
12495 1685.0 790.0
12506 1675.0 805.0
12518 1666.0 821.0
12530 1657.0 836.0
12541 1648.0 850.0
12553 1639.0 863.0
12565 1631.0 876.0
12577 1623.0 888.0
12589 1616.0 899.0
12601 1608.0 908.0
12612 1600.0 916.0
12624 1592.0 923.0
12636 1584.0 931.0
12648 1574.0 938.0
12659 1563.0 946.0
12671 1550.0 952.0
12683 1536.0 960.0
12695 1520.0 967.0
12707 1502.0 975.0
12719 1481.0 982.0
12730 1459.0 990.0
12742 1435.0 996.0
12754 1409.0 1003.0
12766 1383.0 1010.0
12778 1356.0 1016.0
12789 1331.0 1022.0
12801 1306.0 1026.0
12813 1281.0 1030.0
12825 1256.0 1033.0
12836 1232.0 1035.0
12848 1209.0 1036.0
12860 1186.0 1038.0
12872 1163.0 1039.0
12884 1142.0 1039.0
12896 1121.0 1040.0
12907 1100.0 1039.0
12919 1081.0 1039.0
12931 1061.0 1038.0
12942 1041.0 1037.0
12954 1020.0 1036.0
12966 1000.0 1034.0
12978 979.0 1032.0
12990 957.0 1030.0
13001 936.0 1028.0
13014 914.0 1025.0
13025 891.0 1023.0
13037 868.0 1022.0
13049 845.0 1020.0
13060 822.0 1018.0
13072 800.0 1016.0
13084 778.0 1013.0
13096 756.0 1011.0
13108 735.0 1008.0
13119 715.0 1006.0
13131 694.0 1003.0
13143 672.0 1000.0
13155 651.0 997.0
13167 630.0 993.0
13178 610.0 990.0
13190 590.0 986.0
13202 570.0 981.0
13214 551.0 975.0
13226 532.0 968.0
13237 512.0 961.0
13249 492.0 954.0
13261 472.0 947.0
13273 452.0 939.0
13285 432.0 929.0
13296 411.0 919.0
13308 390.0 909.0
13320 370.0 898.0
13331 351.0 886.0
13344 332.0 872.0
13355 314.0 857.0
13367 296.0 841.0
13379 280.0 825.0
13390 265.0 808.0
13402 251.0 791.0
13414 240.0 774.0
13426 229.0 755.0
13437 219.0 735.0
13449 212.0 714.0
13461 207.0 693.0
13472 203.0 671.0
13485 203.0 650.0
13496 204.0 629.0
13508 206.0 609.0
13520 209.0 590.0
13531 215.0 572.0
13543 222.0 554.0
13555 232.0 536.0
13567 242.0 518.0
13578 253.0 500.0
13590 266.0 483.0
13601 280.0 467.0
13614 294.0 453.0
13625 309.0 440.0
13637 323.0 429.0
13649 339.0 419.0
13660 355.0 410.0
13672 372.0 401.0
13684 389.0 393.0
13695 406.0 386.0
13707 425.0 379.0
13719 444.0 373.0
13730 463.0 367.0
13742 481.0 361.0
13754 499.0 356.0
13766 518.0 351.0
13777 536.0 347.0
13789 554.0 343.0
13800 573.0 339.0
13812 591.0 336.0
13824 609.0 332.0
13836 628.0 329.0
13847 647.0 326.0
13859 666.0 323.0
13871 685.0 319.0
13882 703.0 316.0
13894 722.0 312.0
13905 740.0 310.0
13917 759.0 308.0
13929 778.0 306.0
13940 797.0 305.0
13952 817.0 304.0
13964 836.0 303.0
13976 855.0 302.0
13987 874.0 301.0
13999 893.0 300.0
14010 911.0 299.0
14022 930.0 298.0
14034 949.0 296.0
14045 968.0 295.0
14057 988.0 294.0
14069 1008.0 293.0
14080 1028.0 292.0
14092 1048.0 291.0
14104 1067.0 291.0
14115 1088.0 290.0
14127 1109.0 290.0
14139 1130.0 289.0
14150 1150.0 288.0
14162 1171.0 288.0
14174 1191.0 288.0
14186 1212.0 289.0
14197 1233.0 290.0
14209 1254.0 291.0
14220 1274.0 292.0
14232 1294.0 295.0
14244 1314.0 297.0
14256 1333.0 300.0
14267 1352.0 304.0
14279 1371.0 307.0
14290 1390.0 311.0
14302 1409.0 316.0
14314 1428.0 321.0
14326 1446.0 326.0
14337 1465.0 332.0
14349 1483.0 337.0
14361 1502.0 343.0
14372 1521.0 350.0
14384 1539.0 358.0
14396 1557.0 366.0
14407 1575.0 375.0
14419 1593.0 383.0
14431 1610.0 392.0
14442 1626.0 402.0
14454 1642.0 412.0
14466 1658.0 422.0
14478 1674.0 432.0
14489 1689.0 444.0
14501 1704.0 457.0
14513 1718.0 470.0
14525 1730.0 483.0
14536 1742.0 498.0
14548 1753.0 513.0
14560 1762.0 529.0
14571 1770.0 546.0
14583 1778.0 563.0
14595 1783.0 583.0
14607 1787.0 604.0
14618 1787.0 626.0
14630 1784.0 649.0
14642 1777.0 673.0
14654 1767.0 697.0
14666 1752.0 720.0
14677 1735.0 742.0
14689 1716.0 763.0
14701 1696.0 783.0
14712 1675.0 801.0
14724 1655.0 819.0
14736 1635.0 836.0
14748 1616.0 851.0
14760 1596.0 866.0
14771 1577.0 880.0
14784 1557.0 893.0
14795 1538.0 905.0
14807 1519.0 916.0
14819 1500.0 927.0
14830 1482.0 936.0
14842 1464.0 944.0
14854 1447.0 951.0
14866 1429.0 957.0
14878 1412.0 962.0
14890 1395.0 966.0
14901 1377.0 970.0
14913 1359.0 973.0
14925 1341.0 975.0
14937 1323.0 976.0
14949 1305.0 977.0
14960 1286.0 978.0
14972 1266.0 979.0
14984 1246.0 979.0
14996 1226.0 981.0
15007 1205.0 983.0
15019 1184.0 985.0
15031 1162.0 987.0
15043 1141.0 989.0
15055 1119.0 991.0
15066 1097.0 993.0
15078 1076.0 995.0
15090 1055.0 998.0
15102 1034.0 1000.0
15114 1013.0 1003.0
15125 992.0 1005.0
15137 972.0 1007.0
15149 951.0 1008.0
15161 931.0 1010.0
15173 912.0 1011.0
15185 892.0 1012.0
15196 873.0 1012.0
15208 854.0 1012.0
15220 833.0 1012.0
15232 813.0 1012.0
15244 792.0 1011.0
15256 770.0 1009.0
15267 749.0 1006.0
15279 727.0 1003.0
15291 705.0 1000.0
15303 684.0 996.0
15315 662.0 992.0
15326 640.0 987.0
15338 617.0 981.0
15350 594.0 975.0
15362 572.0 969.0
15374 550.0 962.0
15386 527.0 955.0
15397 505.0 947.0
15409 482.0 938.0
15420 460.0 929.0
15432 438.0 919.0
15444 416.0 908.0
15456 394.0 898.0
15467 373.0 888.0
15479 351.0 876.0
15491 330.0 863.0
15503 309.0 850.0
15515 289.0 836.0
15527 269.0 821.0
15538 250.0 805.0
15550 232.0 790.0
15562 216.0 774.0
15574 202.0 759.0
15585 188.0 743.0
15597 176.0 726.0
15609 165.0 709.0
15620 158.0 691.0
15632 153.0 670.0
15644 149.0 648.0
15656 147.0 626.0
15667 147.0 603.0
15679 150.0 582.0
15691 153.0 561.0
15702 159.0 543.0
15714 166.0 525.0
15726 175.0 507.0
15738 185.0 491.0
15749 195.0 476.0
15761 208.0 462.0
15773 221.0 448.0
15785 235.0 436.0
15796 250.0 425.0
15808 265.0 414.0
15820 281.0 405.0
15831 297.0 396.0
15843 314.0 388.0
15855 331.0 380.0
15866 350.0 371.0
15878 369.0 363.0
15890 388.0 355.0
15901 407.0 348.0
15913 427.0 342.0
15925 446.0 336.0
15937 465.0 331.0
15948 485.0 327.0
15960 504.0 323.0
15972 524.0 319.0
15983 543.0 316.0
15995 562.0 313.0
16007 581.0 310.0
16018 600.0 308.0
16030 620.0 305.0
16042 639.0 303.0
16054 658.0 301.0
16065 678.0 300.0
16077 697.0 298.0
16088 717.0 296.0
16100 736.0 295.0
16112 756.0 294.0
16123 776.0 293.0
16135 797.0 293.0
16147 818.0 292.0
16158 840.0 292.0
16170 861.0 292.0
16182 882.0 292.0
16194 904.0 292.0
16205 925.0 292.0
16217 947.0 291.0
16228 968.0 290.0
16240 990.0 290.0
16252 1010.0 289.0
16263 1031.0 288.0
16275 1053.0 288.0
16287 1074.0 287.0
16298 1096.0 286.0
16310 1117.0 285.0
16321 1139.0 284.0
16333 1160.0 283.0
16345 1182.0 283.0
16357 1202.0 282.0
16368 1222.0 282.0
16380 1242.0 282.0
16392 1261.0 282.0
16404 1279.0 283.0
16415 1297.0 284.0
16427 1315.0 284.0
16438 1332.0 285.0
16450 1349.0 285.0
16462 1366.0 286.0
16474 1382.0 287.0
16485 1398.0 288.0
16497 1414.0 289.0
16508 1431.0 291.0
16520 1447.0 294.0
16532 1464.0 297.0
16543 1481.0 300.0
16555 1498.0 305.0
16567 1516.0 310.0
16579 1533.0 316.0
16590 1550.0 322.0
16602 1568.0 329.0
16614 1587.0 335.0
16625 1605.0 343.0
16637 1624.0 351.0
16649 1644.0 361.0
16660 1664.0 372.0
16672 1684.0 384.0
16684 1703.0 398.0
16696 1724.0 413.0
16707 1743.0 429.0
16719 1762.0 447.0
16731 1780.0 467.0
16742 1795.0 489.0
16754 1808.0 513.0
16766 1818.0 538.0
16778 1823.0 565.0
16789 1826.0 592.0
16801 1824.0 618.0
16813 1821.0 644.0
16825 1814.0 669.0
16836 1806.0 691.0
16848 1796.0 713.0
16860 1785.0 732.0
16872 1772.0 750.0
16883 1758.0 768.0
16895 1743.0 785.0
16907 1728.0 802.0
16919 1712.0 817.0
16930 1697.0 832.0
16942 1682.0 847.0
16954 1666.0 860.0
16966 1649.0 873.0
16978 1632.0 884.0
16989 1613.0 895.0
17001 1591.0 905.0
17013 1567.0 913.0
17025 1543.0 920.0
17037 1518.0 927.0
17049 1492.0 933.0
17060 1467.0 938.0
17072 1442.0 942.0
17084 1417.0 946.0
17096 1392.0 950.0
17107 1367.0 953.0
17119 1342.0 957.0
17131 1316.0 961.0
17143 1291.0 966.0
17155 1265.0 970.0
17167 1240.0 974.0
17178 1215.0 978.0
17190 1192.0 981.0
17202 1169.0 984.0
17214 1147.0 987.0
17226 1126.0 989.0
17237 1106.0 991.0
17249 1088.0 992.0
17261 1070.0 994.0
17273 1052.0 995.0
17285 1035.0 997.0
17297 1018.0 998.0
17308 1002.0 1000.0
17320 986.0 1001.0
17332 970.0 1003.0
17344 955.0 1004.0
17355 940.0 1006.0
17367 925.0 1008.0
17379 909.0 1010.0
17391 892.0 1011.0
17403 875.0 1011.0
17415 857.0 1012.0
17427 840.0 1012.0
17438 822.0 1012.0
17450 805.0 1011.0
17462 787.0 1010.0
17474 769.0 1009.0
17485 751.0 1008.0
17497 733.0 1005.0
17509 715.0 1002.0
17521 695.0 999.0
17532 674.0 996.0
17545 652.0 993.0
17556 629.0 989.0
17568 605.0 985.0
17580 581.0 979.0
17591 557.0 972.0
17603 534.0 966.0
17615 510.0 959.0
17627 486.0 952.0
17639 462.0 945.0
17650 437.0 937.0
17662 411.0 927.0
17674 385.0 918.0
17686 360.0 908.0
17698 335.0 897.0
17709 311.0 884.0
17721 290.0 869.0
17733 271.0 854.0
17745 255.0 839.0
17756 243.0 822.0
17768 233.0 805.0
17780 224.0 785.0
17792 216.0 762.0
17803 210.0 736.0
17815 206.0 704.0
17827 207.0 674.0
17838 209.0 648.0
17850 213.0 626.0
17862 219.0 607.0
17874 227.0 589.0
17886 237.0 571.0
17897 247.0 555.0
17909 257.0 541.0
17921 271.0 526.0
17932 286.0 511.0
17944 302.0 496.0
17956 319.0 482.0
17968 338.0 469.0
17979 358.0 456.0
17991 379.0 444.0
18003 401.0 433.0
18015 422.0 423.0
18026 444.0 415.0
18038 466.0 407.0
18050 488.0 400.0
18061 510.0 393.0
18073 532.0 386.0
18085 553.0 380.0
18097 575.0 375.0
18108 597.0 369.0
18120 618.0 364.0
18131 639.0 358.0
18143 660.0 354.0
18155 680.0 350.0
18166 700.0 348.0
18178 720.0 346.0
18190 739.0 344.0
18201 758.0 341.0
18213 778.0 339.0
18225 796.0 337.0
18237 814.0 335.0
18248 832.0 333.0
18260 850.0 331.0
18271 867.0 329.0
18283 884.0 327.0
18295 900.0 326.0
18306 916.0 325.0
18318 933.0 325.0
18330 949.0 325.0
18341 964.0 325.0
18353 979.0 326.0
18365 995.0 326.0
18376 1010.0 326.0
18388 1026.0 326.0
18400 1041.0 326.0
18411 1057.0 327.0
18423 1073.0 327.0
18435 1089.0 327.0
18446 1106.0 327.0
18458 1122.0 328.0
18470 1138.0 329.0
18481 1154.0 330.0
18493 1170.0 331.0
18505 1186.0 332.0
18517 1203.0 334.0
18528 1219.0 336.0
18540 1236.0 338.0
18551 1252.0 340.0
18563 1268.0 343.0
18575 1285.0 346.0
18587 1302.0 348.0
18598 1319.0 351.0
18610 1336.0 354.0
18622 1353.0 357.0
18634 1371.0 361.0
18645 1388.0 365.0
18657 1406.0 369.0
18669 1425.0 373.0
18680 1444.0 377.0
18692 1462.0 381.0
18704 1480.0 386.0
18716 1497.0 392.0
18727 1515.0 398.0
18739 1532.0 406.0
18750 1550.0 413.0
18762 1568.0 420.0
18774 1586.0 426.0
18786 1604.0 434.0
18797 1621.0 442.0
18809 1638.0 452.0
18821 1656.0 461.0
18832 1674.0 470.0
18844 1690.0 479.0
18856 1706.0 488.0
18868 1722.0 498.0
18879 1738.0 508.0
18891 1752.0 518.0
18903 1766.0 528.0
18915 1778.0 538.0
18926 1790.0 550.0
18938 1801.0 562.0
18950 1811.0 576.0
18961 1820.0 591.0
18973 1829.0 607.0
18985 1836.0 624.0
18997 1842.0 641.0
19008 1846.0 660.0
19020 1846.0 681.0
19032 1845.0 702.0
19044 1842.0 724.0
19056 1835.0 747.0
19067 1824.0 770.0
19079 1811.0 792.0
19091 1795.0 814.0
19102 1776.0 834.0
19114 1753.0 853.0
19126 1729.0 871.0
19138 1703.0 886.0
19150 1677.0 901.0
19161 1650.0 914.0
19173 1624.0 928.0
19185 1598.0 942.0
19197 1572.0 954.0
19209 1546.0 967.0
19220 1521.0 978.0
19232 1496.0 989.0
19244 1470.0 997.0
19256 1444.0 1005.0
19268 1419.0 1011.0
19280 1393.0 1017.0
19291 1367.0 1021.0
19303 1341.0 1025.0
19315 1314.0 1029.0
19327 1287.0 1031.0
19339 1260.0 1033.0
19350 1232.0 1035.0
19362 1205.0 1036.0
19374 1178.0 1037.0
19386 1152.0 1037.0
19398 1127.0 1037.0
19409 1103.0 1037.0
19421 1081.0 1037.0
19433 1059.0 1036.0
19445 1038.0 1036.0
19457 1016.0 1036.0
19468 994.0 1036.0
19480 973.0 1036.0
19492 952.0 1036.0
19504 932.0 1036.0
19516 913.0 1036.0
19527 895.0 1036.0
19539 877.0 1036.0
19551 861.0 1036.0
19563 845.0 1036.0
19575 829.0 1036.0
19587 814.0 1036.0
19598 798.0 1036.0
19610 783.0 1036.0
19622 768.0 1035.0
19634 753.0 1035.0
19645 739.0 1035.0
19657 725.0 1034.0
19669 710.0 1033.0
19681 696.0 1032.0
19693 682.0 1031.0
19705 668.0 1029.0
19716 655.0 1028.0
19728 642.0 1026.0
19740 628.0 1024.0
19751 613.0 1021.0
19763 599.0 1018.0
19775 585.0 1015.0
19787 571.0 1010.0
19799 557.0 1005.0
19810 543.0 1000.0
19822 529.0 994.0
19834 514.0 987.0
19846 499.0 978.0
19858 483.0 969.0
19869 466.0 959.0
19881 449.0 948.0
19893 431.0 935.0
19905 411.0 922.0
19917 391.0 907.0
19928 371.0 892.0
19940 351.0 876.0
19952 331.0 859.0
19964 312.0 842.0
19976 294.0 825.0
19987 276.0 807.0
19999 258.0 788.0
20011 241.0 768.0
20022 226.0 749.0
20034 213.0 729.0
20046 202.0 708.0
20058 194.0 685.0
20069 189.0 661.0
20081 185.0 635.0
20093 185.0 608.0
20105 189.0 581.0
20116 194.0 553.0
20128 203.0 525.0
20140 215.0 499.0
20152 230.0 474.0
20163 247.0 453.0
20175 266.0 433.0
20187 286.0 415.0
20199 307.0 398.0
20210 329.0 384.0
20222 353.0 371.0
20234 377.0 359.0
20245 402.0 348.0
20257 428.0 338.0
20269 455.0 329.0
20281 482.0 322.0
20292 509.0 315.0
20304 536.0 310.0
20316 563.0 305.0
20327 590.0 301.0
20339 616.0 297.0
20350 642.0 294.0
20362 668.0 292.0
20374 694.0 290.0
20385 719.0 289.0
20397 743.0 287.0
20409 768.0 286.0
20420 792.0 284.0
20432 815.0 282.0
20444 839.0 281.0
20456 861.0 281.0
20467 884.0 281.0
20479 906.0 280.0
20490 928.0 280.0
20502 949.0 280.0
20514 969.0 280.0
20526 989.0 281.0
20537 1009.0 281.0
20549 1028.0 281.0
20561 1047.0 281.0
20572 1066.0 281.0
20584 1085.0 281.0
20596 1103.0 280.0
20607 1120.0 280.0
20619 1137.0 281.0
20631 1154.0 282.0
20642 1170.0 282.0
20654 1186.0 283.0
20666 1201.0 283.0
20678 1217.0 284.0
20689 1232.0 285.0
20700 1246.0 286.0
20712 1260.0 287.0
20724 1274.0 287.0
20736 1287.0 288.0
20747 1300.0 289.0
20759 1313.0 290.0
20770 1326.0 291.0
20782 1338.0 293.0
20794 1351.0 295.0
20806 1364.0 297.0
20817 1376.0 300.0
20829 1388.0 302.0
20841 1400.0 305.0
20852 1413.0 308.0
20864 1425.0 311.0
20876 1438.0 314.0
20887 1451.0 318.0
20899 1464.0 321.0
20911 1477.0 326.0
20922 1490.0 330.0
20934 1503.0 335.0
20946 1516.0 339.0
20958 1529.0 344.0
20969 1542.0 349.0
20981 1556.0 356.0
20992 1569.0 363.0
21004 1583.0 370.0
21016 1596.0 377.0
21028 1610.0 386.0
21039 1623.0 396.0
21051 1636.0 408.0
21063 1649.0 422.0
21075 1661.0 439.0
21086 1672.0 457.0
21098 1679.0 478.0
21110 1684.0 500.0
21121 1688.0 522.0
21133 1691.0 544.0
21145 1692.0 566.0
21157 1691.0 587.0
21168 1688.0 608.0
21180 1685.0 629.0
21192 1680.0 650.0
21204 1674.0 671.0
21216 1665.0 693.0
21227 1653.0 715.0
21239 1637.0 738.0
21251 1620.0 761.0
21263 1602.0 783.0
21275 1582.0 804.0
21286 1561.0 822.0
21298 1539.0 840.0
21310 1518.0 854.0
21321 1495.0 867.0
21333 1473.0 879.0
21345 1452.0 891.0
21357 1432.0 902.0
21369 1412.0 910.0
21381 1393.0 918.0
21392 1374.0 926.0
21404 1354.0 933.0
21416 1334.0 938.0
21428 1315.0 942.0
21439 1297.0 946.0
21451 1279.0 948.0
21463 1261.0 950.0
21475 1244.0 951.0
21487 1228.0 952.0
21498 1211.0 953.0
21510 1193.0 954.0
21522 1176.0 955.0
21534 1160.0 956.0
21546 1143.0 957.0
21557 1127.0 958.0
21569 1111.0 958.0
21581 1096.0 959.0
21593 1081.0 960.0
21604 1067.0 960.0
21616 1053.0 961.0
21628 1039.0 961.0
21640 1026.0 961.0
21651 1013.0 962.0
21663 1001.0 963.0
21675 989.0 963.0
21687 977.0 964.0
21699 966.0 964.0
21710 955.0 964.0
21722 943.0 964.0
21734 932.0 964.0
21746 919.0 963.0
21758 907.0 963.0
21769 895.0 962.0
21781 883.0 961.0
21793 870.0 960.0
21805 858.0 959.0
21817 844.0 958.0
21828 830.0 956.0
21840 814.0 955.0
21852 797.0 953.0
21864 779.0 951.0
21876 759.0 949.0
21887 740.0 946.0
21899 719.0 944.0
21911 698.0 941.0
21923 676.0 938.0
21935 653.0 934.0
21946 629.0 928.0
21958 605.0 922.0
21970 580.0 915.0
21982 554.0 908.0
21994 529.0 900.0
22005 504.0 890.0
22017 479.0 880.0
22029 454.0 869.0
22040 429.0 857.0
22052 405.0 845.0
22064 380.0 831.0
22076 357.0 816.0
22088 335.0 800.0
22100 316.0 783.0
22111 298.0 765.0
22123 284.0 744.0
22135 270.0 723.0
22147 258.0 701.0
22158 247.0 679.0
22170 236.0 657.0
22182 226.0 636.0
22194 216.0 615.0
22205 207.0 593.0
22217 200.0 571.0
22229 195.0 548.0
22240 191.0 524.0
22252 188.0 500.0
22264 187.0 477.0
22275 189.0 454.0
22287 192.0 431.0
22299 198.0 408.0
22310 208.0 387.0
22322 219.0 367.0
22334 235.0 349.0
22346 252.0 331.0
22357 270.0 316.0
22369 289.0 302.0
22381 309.0 289.0
22392 331.0 277.0
22404 354.0 266.0
22416 377.0 256.0
22427 401.0 247.0
22439 426.0 239.0
22451 450.0 233.0
22462 475.0 228.0
22474 499.0 224.0
22486 523.0 221.0
22498 548.0 219.0
22509 572.0 218.0
22521 597.0 218.0
22532 621.0 218.0
22544 644.0 218.0
22556 667.0 219.0
22568 690.0 219.0
22579 713.0 219.0
22591 735.0 218.0
22602 755.0 218.0
22614 776.0 217.0
22626 796.0 217.0
22637 816.0 217.0
22649 836.0 218.0
22660 857.0 219.0
22672 877.0 221.0
22684 897.0 222.0
22696 916.0 224.0
22707 935.0 226.0
22719 953.0 227.0
22731 971.0 228.0
22742 989.0 229.0
22754 1007.0 230.0
22766 1024.0 231.0
22777 1041.0 232.0
22789 1059.0 234.0
22801 1077.0 235.0
22812 1096.0 237.0
22824 1114.0 238.0
22836 1132.0 240.0
22847 1150.0 242.0
22859 1168.0 243.0
22871 1186.0 245.0
22882 1203.0 246.0
22894 1221.0 247.0
22906 1238.0 248.0
22918 1254.0 249.0
22929 1271.0 251.0
22941 1288.0 253.0
22952 1305.0 256.0
22964 1322.0 259.0
22976 1337.0 263.0
22988 1353.0 266.0
22999 1367.0 270.0
23011 1381.0 274.0
23022 1394.0 277.0
23035 1408.0 281.0
23046 1421.0 284.0
23057 1434.0 288.0
23069 1448.0 291.0
23081 1461.0 294.0
23092 1474.0 298.0
23104 1487.0 303.0
23116 1500.0 308.0
23128 1512.0 315.0
23139 1525.0 321.0
23151 1537.0 328.0
23163 1550.0 334.0
23174 1563.0 340.0
23186 1577.0 347.0
23198 1589.0 355.0
23209 1601.0 363.0
23221 1614.0 373.0
23233 1626.0 383.0
23245 1638.0 394.0
23256 1652.0 408.0
23268 1666.0 423.0
23280 1680.0 440.0
23291 1694.0 458.0
23303 1706.0 478.0
23315 1717.0 500.0
23326 1727.0 522.0
23338 1734.0 546.0
23350 1740.0 572.0
23362 1744.0 600.0
23374 1744.0 627.0
23385 1741.0 653.0
23397 1735.0 679.0
23409 1727.0 704.0
23420 1718.0 728.0
23432 1707.0 749.0
23444 1693.0 770.0
23456 1677.0 789.0
23468 1660.0 807.0
23479 1640.0 825.0
23491 1618.0 842.0
23503 1594.0 858.0
23515 1570.0 873.0
23526 1543.0 888.0
23538 1514.0 901.0
23550 1484.0 912.0
23562 1454.0 922.0
23574 1424.0 931.0
23585 1393.0 938.0
23597 1363.0 945.0
23609 1334.0 950.0
23621 1306.0 954.0
23632 1279.0 959.0
23644 1252.0 963.0
23656 1225.0 967.0
23668 1199.0 971.0
23680 1172.0 973.0
23692 1145.0 974.0
23704 1120.0 976.0
23715 1095.0 976.0
23727 1072.0 976.0
23739 1051.0 976.0
23750 1031.0 976.0
23762 1012.0 977.0
23774 993.0 976.0
23786 975.0 976.0
23798 957.0 976.0
23810 939.0 976.0
23821 921.0 976.0
23834 903.0 976.0
23845 885.0 975.0
23857 869.0 974.0
23869 853.0 973.0
23880 838.0 971.0
23892 822.0 969.0
23905 807.0 967.0
23916 791.0 965.0
23928 775.0 963.0
23940 760.0 960.0
23951 745.0 958.0
23963 730.0 956.0
23975 714.0 953.0
23987 698.0 950.0
23998 682.0 947.0
24010 666.0 944.0
24022 651.0 940.0
24034 635.0 936.0
24046 620.0 931.0
24058 605.0 926.0
24069 590.0 920.0
24081 575.0 915.0
24093 561.0 911.0
24105 546.0 906.0
24116 532.0 902.0
24128 517.0 896.0
24140 502.0 890.0
24152 487.0 883.0
24163 473.0 876.0
24175 459.0 870.0
24187 446.0 863.0
24199 432.0 856.0
24211 419.0 849.0
24222 406.0 842.0
24234 393.0 834.0
24246 381.0 827.0
24258 369.0 820.0
24269 357.0 813.0
24281 344.0 805.0
24293 332.0 797.0
24305 319.0 789.0
24316 306.0 780.0
24328 293.0 770.0
24340 281.0 760.0
24352 269.0 748.0
24363 258.0 736.0
24375 247.0 725.0
24387 238.0 713.0
24399 229.0 702.0
24410 220.0 689.0
24422 210.0 677.0
24434 202.0 663.0
24446 195.0 648.0
24457 189.0 631.0
24469 185.0 612.0
24481 184.0 589.0
24492 188.0 565.0
24504 193.0 541.0
24516 202.0 515.0
24528 212.0 490.0
24539 227.0 465.0
24551 244.0 443.0
24563 265.0 422.0
24575 289.0 401.0
24586 315.0 381.0
24598 344.0 363.0
24610 373.0 348.0
24621 404.0 335.0
24633 434.0 325.0
24645 463.0 317.0
24657 491.0 312.0
24668 518.0 308.0
24679 545.0 305.0
24691 572.0 305.0
24703 599.0 305.0
24715 626.0 306.0
24727 653.0 307.0
24738 680.0 307.0
24750 706.0 308.0
24761 733.0 308.0
24773 758.0 309.0
24785 784.0 310.0
24797 809.0 311.0
24808 835.0 312.0
24820 861.0 313.0
24832 886.0 314.0
24843 911.0 315.0
24855 934.0 317.0
24867 956.0 319.0
24879 978.0 321.0
24890 1000.0 322.0
24902 1022.0 322.0
24913 1044.0 322.0
24925 1065.0 322.0
24937 1086.0 323.0
24949 1107.0 324.0
24960 1127.0 325.0
24972 1148.0 327.0
24984 1169.0 328.0
24995 1191.0 329.0
25007 1213.0 330.0
25019 1234.0 331.0
25030 1255.0 332.0
25042 1275.0 333.0
25054 1295.0 335.0
25065 1314.0 337.0
25077 1333.0 339.0
25088 1353.0 342.0
25100 1372.0 345.0
25112 1391.0 348.0
25124 1409.0 353.0
25135 1427.0 359.0
25147 1445.0 365.0
25159 1463.0 371.0
25170 1481.0 377.0
25182 1498.0 383.0
25194 1515.0 389.0
25206 1532.0 397.0
25217 1550.0 406.0
25229 1567.0 414.0
25240 1583.0 422.0
25252 1599.0 431.0
25264 1614.0 440.0
25276 1629.0 450.0
25287 1644.0 461.0
25299 1659.0 471.0
25311 1673.0 481.0
25322 1686.0 491.0
25334 1699.0 502.0
25346 1711.0 513.0
25358 1722.0 524.0
25369 1733.0 535.0
25381 1744.0 546.0
25393 1755.0 558.0
25405 1765.0 570.0
25416 1775.0 583.0
25428 1784.0 595.0
25440 1793.0 608.0
25451 1801.0 621.0
25463 1808.0 634.0
25475 1814.0 647.0
25487 1820.0 659.0
25499 1826.0 672.0
25510 1830.0 684.0
25522 1834.0 696.0
25534 1836.0 709.0
25546 1836.0 722.0
25557 1835.0 736.0
25569 1832.0 751.0
25581 1824.0 766.0
25593 1814.0 783.0
25604 1801.0 801.0
25616 1785.0 821.0
25628 1768.0 840.0
25640 1751.0 859.0
25652 1734.0 877.0
25664 1714.0 894.0
25676 1693.0 908.0
25687 1671.0 921.0
25699 1648.0 933.0
25710 1624.0 944.0
25722 1597.0 955.0
25734 1570.0 967.0
25746 1542.0 979.0
25758 1516.0 990.0
25770 1491.0 1001.0
25781 1466.0 1012.0
25793 1444.0 1022.0
25805 1421.0 1030.0
25817 1399.0 1035.0
25829 1376.0 1040.0
25840 1352.0 1044.0
25852 1328.0 1048.0
25864 1303.0 1052.0
25876 1278.0 1056.0
25888 1253.0 1059.0
25900 1229.0 1061.0
25911 1206.0 1062.0
25923 1184.0 1063.0
25935 1161.0 1063.0
25947 1139.0 1064.0
25959 1116.0 1064.0
25970 1092.0 1064.0
25982 1069.0 1065.0
25995 1046.0 1065.0
26006 1023.0 1066.0
26018 1001.0 1067.0
26030 980.0 1068.0
26041 961.0 1068.0
26053 943.0 1068.0
26065 926.0 1069.0
26077 909.0 1069.0
26089 892.0 1069.0
26100 875.0 1069.0
26112 858.0 1067.0
26125 841.0 1066.0
26136 825.0 1064.0
26148 809.0 1062.0
26160 793.0 1061.0
26171 777.0 1059.0
26183 760.0 1057.0
26195 743.0 1055.0
26207 726.0 1052.0
26219 709.0 1050.0
26230 691.0 1048.0
26242 673.0 1045.0
26254 655.0 1042.0
26266 637.0 1039.0
26278 619.0 1035.0
26289 601.0 1031.0
26301 584.0 1026.0
26313 566.0 1019.0
26325 547.0 1012.0
26337 529.0 1003.0
26349 510.0 995.0
26360 492.0 986.0
26372 473.0 976.0
26384 454.0 963.0
26396 434.0 951.0
26407 415.0 937.0
26419 396.0 923.0
26431 378.0 908.0
26443 359.0 892.0
26454 341.0 875.0
26467 323.0 858.0
26478 307.0 839.0
26490 292.0 820.0
26502 277.0 801.0
26514 262.0 783.0
26525 249.0 763.0
26537 238.0 743.0
26549 228.0 722.0
26560 221.0 700.0
26572 215.0 677.0
26584 211.0 654.0
26596 209.0 631.0
26607 209.0 609.0
26619 212.0 586.0
26631 215.0 564.0
26642 220.0 542.0
26654 227.0 521.0
26666 235.0 501.0
26678 243.0 482.0
26689 251.0 464.0
26701 261.0 446.0
26713 271.0 429.0
26725 282.0 414.0
26736 295.0 399.0
26748 308.0 385.0
26760 322.0 372.0
26771 336.0 359.0
26783 351.0 348.0
26795 367.0 338.0
26806 384.0 329.0
26818 401.0 321.0
26830 418.0 313.0
26841 437.0 305.0
26853 456.0 299.0
26865 476.0 294.0
26876 495.0 289.0
26888 515.0 285.0
26900 534.0 282.0
26911 552.0 278.0
26923 571.0 274.0
26935 590.0 271.0
26947 609.0 267.0
26958 628.0 264.0
26970 646.0 262.0
26981 665.0 260.0
26993 684.0 258.0
27005 703.0 256.0
27017 721.0 255.0
27028 739.0 254.0
27040 758.0 253.0
27051 776.0 253.0
27063 795.0 252.0
27075 814.0 252.0
27087 833.0 251.0
27098 852.0 250.0
27110 870.0 250.0
27121 889.0 249.0
27133 908.0 249.0
27145 927.0 249.0
27156 947.0 250.0
27168 966.0 250.0
27180 986.0 249.0
27191 1006.0 249.0
27203 1026.0 249.0
27215 1045.0 250.0
27226 1065.0 250.0
27238 1085.0 251.0
27250 1104.0 253.0
27261 1124.0 254.0
27273 1144.0 256.0
27285 1164.0 258.0
27296 1185.0 259.0
27308 1206.0 260.0
27320 1226.0 262.0
27331 1247.0 264.0
27343 1267.0 267.0
27355 1288.0 270.0
27367 1308.0 273.0
27378 1329.0 276.0
27390 1350.0 280.0
27401 1371.0 283.0
27413 1393.0 287.0
27425 1414.0 290.0
27437 1436.0 294.0
27448 1457.0 298.0
27460 1478.0 304.0
27472 1498.0 311.0
27483 1519.0 318.0
27495 1539.0 327.0
27507 1559.0 334.0
27518 1578.0 342.0
27530 1597.0 351.0
27542 1615.0 361.0
27554 1633.0 371.0
27565 1651.0 381.0
27577 1668.0 391.0
27589 1682.0 402.0
27600 1695.0 415.0
27612 1709.0 429.0
27624 1722.0 446.0
27636 1735.0 464.0
27647 1748.0 484.0
27659 1759.0 505.0
27671 1770.0 526.0
27682 1779.0 546.0
27694 1787.0 565.0
27706 1794.0 584.0
27718 1800.0 602.0
27729 1804.0 621.0
27741 1809.0 639.0
27753 1813.0 657.0
27765 1814.0 676.0
27776 1813.0 696.0
27788 1809.0 715.0
27800 1802.0 735.0
27812 1791.0 756.0
27824 1775.0 775.0
27836 1758.0 793.0
27847 1737.0 811.0
27859 1715.0 827.0
27871 1691.0 841.0
27883 1667.0 854.0
27894 1641.0 866.0
27906 1616.0 877.0
27918 1591.0 889.0
27930 1566.0 900.0
27942 1542.0 910.0
27953 1517.0 920.0
27965 1493.0 931.0
27977 1468.0 941.0
27989 1441.0 950.0
28000 1414.0 958.0
28012 1387.0 965.0
28024 1361.0 970.0
28036 1336.0 975.0
28048 1311.0 979.0
28060 1287.0 982.0
28071 1262.0 985.0
28083 1237.0 987.0
28095 1212.0 989.0
28107 1189.0 991.0
28119 1168.0 992.0
28130 1148.0 994.0
28142 1128.0 995.0
28154 1110.0 997.0
28166 1092.0 998.0
28178 1075.0 999.0
28189 1058.0 1001.0
28201 1041.0 1002.0
28213 1025.0 1003.0
28225 1009.0 1005.0
28237 994.0 1007.0
28248 979.0 1008.0
28260 966.0 1009.0
28272 953.0 1010.0
28284 940.0 1012.0
28296 928.0 1013.0
28308 914.0 1013.0
28319 901.0 1014.0
28331 888.0 1014.0
28343 874.0 1015.0
28355 860.0 1015.0
28367 846.0 1015.0
28379 831.0 1015.0
28390 815.0 1014.0
28402 798.0 1013.0
28414 781.0 1012.0
28426 764.0 1010.0
28438 746.0 1008.0
28449 729.0 1006.0
28461 712.0 1004.0
28473 695.0 1002.0
28485 677.0 1001.0
28497 659.0 999.0
28508 640.0 997.0
28520 620.0 995.0
28532 599.0 992.0
28544 578.0 989.0
28556 557.0 984.0
28567 534.0 978.0
28579 511.0 971.0
28591 487.0 963.0
28602 461.0 954.0
28614 434.0 945.0
28626 407.0 934.0
28638 380.0 921.0
28650 353.0 908.0
28661 327.0 893.0
28673 301.0 877.0
28685 276.0 860.0
28697 251.0 841.0
28709 229.0 820.0
28720 209.0 798.0
28732 191.0 775.0
28744 177.0 751.0
28756 165.0 727.0
28767 156.0 703.0
28779 151.0 678.0
28791 147.0 652.0
28802 148.0 625.0
28814 151.0 598.0
28826 157.0 572.0
28838 166.0 547.0
28849 176.0 524.0
28861 189.0 504.0
28873 203.0 486.0
28885 218.0 469.0
28896 234.0 455.0
28908 251.0 441.0
28920 268.0 428.0
28931 287.0 415.0
28943 307.0 402.0
28955 328.0 391.0
28966 350.0 380.0
28978 373.0 369.0
28990 395.0 359.0
29002 418.0 350.0
29013 441.0 342.0
29025 464.0 335.0
29037 487.0 328.0
29049 509.0 321.0
29060 532.0 314.0
29072 553.0 308.0
29084 573.0 303.0
29095 593.0 298.0
29107 613.0 294.0
29119 632.0 290.0
29130 651.0 287.0
29142 669.0 284.0
29154 687.0 281.0
29165 704.0 279.0
29177 721.0 276.0
29189 738.0 273.0
29200 755.0 270.0
29212 772.0 268.0
29224 789.0 266.0
29235 806.0 264.0
29247 824.0 262.0
29259 841.0 261.0
