1177 1421.0 108.0
1189 1411.0 108.0
1201 1392.0 109.0
1212 1366.0 113.0
1224 1337.0 121.0
1236 1309.0 132.0
1248 1284.0 146.0
1259 1257.0 163.0
1271 1228.0 183.0
1283 1198.0 206.0
1295 1166.0 233.0
1307 1134.0 263.0
1319 1102.0 293.0
1330 1072.0 325.0
1342 1042.0 360.0
1354 1012.0 396.0
1366 985.0 432.0
1377 959.0 469.0
1389 936.0 507.0
1401 914.0 544.0
1413 895.0 583.0
1425 878.0 620.0
1437 863.0 657.0
1448 850.0 692.0
1460 839.0 726.0
1472 829.0 761.0
1484 820.0 795.0
1496 814.0 829.0
1508 811.0 860.0
1520 810.0 889.0
1531 813.0 915.0
1543 820.0 940.0
1555 830.0 962.0
1567 844.0 982.0
1579 860.0 1000.0
1591 877.0 1015.0
1603 895.0 1028.0
1615 914.0 1036.0
1627 933.0 1039.0
1638 952.0 1039.0
1650 970.0 1033.0
1662 987.0 1022.0
1674 1004.0 1007.0
1686 1018.0 989.0
1698 1031.0 971.0
1710 1042.0 951.0
1722 1051.0 932.0
1734 1059.0 911.0
1746 1064.0 890.0
1758 1067.0 866.0
1769 1066.0 839.0
1781 1064.0 810.0
1793 1059.0 778.0
1805 1052.0 744.0
1817 1043.0 709.0
1829 1033.0 674.0
1841 1021.0 638.0
1853 1008.0 601.0
1864 994.0 565.0
1876 979.0 528.0
1888 961.0 491.0
1900 942.0 453.0
1911 919.0 415.0
1924 895.0 376.0
1935 868.0 338.0
1947 841.0 303.0
1959 812.0 272.0
1970 783.0 245.0
1982 754.0 221.0
1994 725.0 200.0
2006 694.0 182.0
2018 663.0 168.0
2029 631.0 159.0
2041 598.0 154.0
2053 565.0 153.0
2064 532.0 156.0
2076 501.0 160.0
2088 472.0 166.0
2100 445.0 174.0
2111 422.0 184.0
2123 403.0 195.0
2135 387.0 206.0
2147 376.0 217.0
2159 369.0 230.0
2170 366.0 245.0
2182 365.0 262.0
2194 369.0 281.0
2206 376.0 301.0
2218 387.0 322.0
2229 402.0 343.0
2241 420.0 364.0
2253 440.0 383.0
2265 465.0 402.0
2276 493.0 419.0
2288 524.0 435.0
2300 558.0 449.0
2312 595.0 461.0
2324 636.0 469.0
2335 681.0 474.0
2347 729.0 476.0
2359 779.0 476.0
2371 831.0 473.0
2383 884.0 468.0
2394 937.0 461.0
2406 990.0 450.0
2418 1044.0 438.0
2430 1097.0 424.0
2442 1150.0 410.0
2454 1203.0 394.0
2465 1255.0 377.0
2477 1305.0 359.0
2489 1352.0 342.0
2500 1395.0 324.0
2512 1434.0 306.0
2524 1470.0 288.0
2536 1500.0 269.0
2548 1524.0 250.0
2560 1542.0 232.0
2571 1552.0 214.0
2583 1556.0 199.0
2595 1555.0 186.0
2606 1551.0 174.0
2618 1542.0 163.0
2630 1529.0 155.0
2642 1511.0 148.0
2653 1489.0 143.0
2665 1463.0 138.0
2677 1433.0 135.0
2689 1401.0 134.0
2701 1366.0 135.0
2712 1332.0 138.0
2724 1298.0 142.0
2736 1264.0 149.0
2748 1232.0 158.0
2760 1201.0 170.0
2771 1170.0 185.0
2783 1141.0 204.0
2795 1112.0 227.0
2807 1084.0 253.0
2818 1056.0 282.0
2831 1027.0 313.0
2842 998.0 346.0
2854 970.0 381.0
2866 943.0 417.0
2877 918.0 454.0
2890 895.0 494.0
2901 875.0 534.0
2913 858.0 574.0
2925 845.0 615.0
2937 834.0 656.0
2949 826.0 696.0
2961 822.0 735.0
2972 821.0 774.0
2984 822.0 811.0
2996 825.0 848.0
3008 831.0 883.0
3020 839.0 915.0
3032 850.0 944.0
3044 863.0 970.0
3056 879.0 994.0
3068 897.0 1014.0
3080 916.0 1031.0
3092 936.0 1044.0
3103 956.0 1052.0
3115 975.0 1058.0
3127 994.0 1059.0
3139 1013.0 1054.0
3151 1030.0 1044.0
3163 1047.0 1030.0
3175 1062.0 1012.0
3187 1075.0 989.0
3199 1086.0 964.0
3211 1095.0 937.0
3223 1101.0 909.0
3234 1105.0 879.0
3246 1105.0 849.0
3258 1102.0 817.0
3270 1097.0 782.0
3282 1088.0 745.0
3294 1077.0 706.0
3306 1064.0 668.0
3317 1050.0 629.0
3329 1034.0 591.0
3341 1016.0 553.0
3353 997.0 515.0
3365 976.0 477.0
3376 953.0 437.0
3388 929.0 398.0
3400 903.0 359.0
3412 877.0 324.0
3423 850.0 290.0
3435 822.0 258.0
3447 795.0 229.0
3459 767.0 201.0
3470 738.0 176.0
3482 710.0 155.0
3494 681.0 138.0
3506 654.0 124.0
3517 626.0 116.0
3529 599.0 112.0
3541 572.0 113.0
3553 545.0 118.0
3565 521.0 126.0
3576 498.0 138.0
3588 478.0 152.0
3600 461.0 167.0
3612 447.0 183.0
3623 437.0 202.0
3635 430.0 222.0
3647 426.0 244.0
3659 426.0 268.0
3670 431.0 291.0
3682 440.0 315.0
3694 455.0 338.0
3706 474.0 361.0
3718 497.0 382.0
3729 525.0 401.0
3741 557.0 418.0
3753 592.0 432.0
3765 631.0 444.0
3777 672.0 453.0
3788 716.0 460.0
3800 763.0 463.0
3812 811.0 465.0
3824 861.0 464.0
3836 914.0 461.0
3848 966.0 456.0
3860 1018.0 450.0
3871 1069.0 441.0
3883 1119.0 432.0
3895 1167.0 421.0
3906 1213.0 408.0
3918 1257.0 393.0
3930 1298.0 377.0
3942 1336.0 361.0
3954 1372.0 343.0
3966 1404.0 324.0
3977 1435.0 304.0
3989 1462.0 284.0
4001 1485.0 264.0
4013 1505.0 246.0
4024 1521.0 228.0
4036 1533.0 212.0
4048 1542.0 197.0
4060 1546.0 183.0
4071 1546.0 172.0
4083 1543.0 161.0
4095 1534.0 150.0
4107 1522.0 139.0
4119 1505.0 129.0
4130 1487.0 122.0
4142 1466.0 116.0
4154 1442.0 113.0
4165 1418.0 113.0
4177 1390.0 116.0
4189 1361.0 121.0
4201 1330.0 132.0
4212 1298.0 145.0
4224 1264.0 160.0
4236 1231.0 177.0
4248 1199.0 198.0
4259 1167.0 222.0
4272 1135.0 247.0
4284 1103.0 275.0
4295 1073.0 304.0
4307 1045.0 336.0
4319 1018.0 370.0
4331 992.0 407.0
4342 967.0 445.0
4354 943.0 485.0
4366 921.0 526.0
4378 902.0 567.0
4390 884.0 607.0
4402 870.0 647.0
4413 859.0 686.0
4425 850.0 724.0
4437 845.0 760.0
4449 842.0 795.0
4461 842.0 829.0
4473 844.0 862.0
4485 847.0 894.0
4497 852.0 925.0
4508 858.0 954.0
4520 865.0 981.0
4532 872.0 1006.0
4544 881.0 1029.0
4556 891.0 1047.0
4568 901.0 1063.0
4580 912.0 1074.0
4592 925.0 1082.0
4604 939.0 1086.0
4616 952.0 1087.0
4628 965.0 1084.0
4640 977.0 1080.0
4651 989.0 1071.0
4663 1000.0 1059.0
4675 1012.0 1043.0
4687 1023.0 1024.0
4699 1034.0 1001.0
4711 1043.0 978.0
4723 1050.0 953.0
4735 1055.0 926.0
4747 1059.0 898.0
4759 1060.0 868.0
4771 1059.0 837.0
4783 1057.0 803.0
4794 1054.0 767.0
4806 1050.0 731.0
4818 1043.0 695.0
4830 1035.0 658.0
4841 1026.0 620.0
4853 1015.0 581.0
4865 1001.0 541.0
4877 985.0 501.0
4889 968.0 461.0
4901 951.0 423.0
4912 933.0 387.0
4924 914.0 354.0
4936 894.0 323.0
4948 872.0 295.0
4959 848.0 267.0
4971 820.0 239.0
4983 788.0 209.0
4995 757.0 180.0
5006 727.0 156.0
5018 702.0 137.0
5030 679.0 123.0
5042 656.0 114.0
5054 632.0 108.0
5065 606.0 105.0
5077 578.0 108.0
5089 550.0 114.0
5100 523.0 125.0
5112 498.0 140.0
5124 474.0 157.0
5136 455.0 177.0
5147 437.0 198.0
5159 425.0 220.0
5171 417.0 244.0
5183 414.0 268.0
5194 414.0 292.0
5206 418.0 319.0
5218 428.0 346.0
5230 441.0 372.0
5242 459.0 398.0
5253 480.0 423.0
5265 505.0 445.0
5277 536.0 465.0
5289 569.0 483.0
5301 607.0 497.0
5312 647.0 508.0
5324 692.0 514.0
5336 738.0 517.0
5348 786.0 517.0
5359 837.0 513.0
5371 889.0 507.0
5384 942.0 496.0
5395 997.0 484.0
5407 1053.0 469.0
5419 1108.0 452.0
5431 1162.0 435.0
5442 1215.0 417.0
5454 1266.0 399.0
5466 1312.0 380.0
5478 1356.0 360.0
5490 1394.0 339.0
5501 1426.0 319.0
5513 1454.0 299.0
5525 1477.0 280.0
5537 1494.0 262.0
5548 1507.0 245.0
5560 1515.0 230.0
5572 1518.0 216.0
5584 1516.0 203.0
5595 1510.0 191.0
5607 1499.0 179.0
5619 1484.0 168.0
5631 1467.0 159.0
5642 1445.0 152.0
5654 1422.0 146.0
5666 1398.0 141.0
5678 1370.0 138.0
5689 1341.0 139.0
5701 1310.0 142.0
5713 1279.0 149.0
5725 1247.0 159.0
5737 1215.0 171.0
5748 1184.0 188.0
5760 1152.0 206.0
5772 1121.0 229.0
5784 1090.0 253.0
5795 1060.0 278.0
5807 1032.0 307.0
5819 1004.0 338.0
5831 976.0 370.0
5843 951.0 405.0
5854 926.0 443.0
5867 904.0 481.0
5878 885.0 520.0
5890 867.0 561.0
5902 853.0 602.0
5914 840.0 644.0
5926 830.0 687.0
5938 822.0 729.0
5949 818.0 769.0
5961 814.0 808.0
5973 814.0 846.0
5985 817.0 882.0
5997 822.0 915.0
6009 830.0 945.0
6021 839.0 971.0
6033 849.0 995.0
6045 860.0 1015.0
6057 873.0 1033.0
6069 886.0 1049.0
6081 899.0 1062.0
6092 912.0 1073.0
6104 926.0 1079.0
6116 939.0 1083.0
6128 952.0 1082.0
6140 964.0 1076.0
6152 976.0 1065.0
6164 987.0 1049.0
6176 998.0 1030.0
6188 1009.0 1008.0
6199 1017.0 984.0
6211 1024.0 957.0
6223 1028.0 927.0
6235 1031.0 896.0
6247 1031.0 864.0
6259 1030.0 830.0
6270 1028.0 793.0
6282 1025.0 756.0
6294 1019.0 719.0
6306 1013.0 682.0
6318 1005.0 644.0
6330 996.0 607.0
6341 986.0 570.0
6353 976.0 532.0
6365 963.0 494.0
6377 948.0 458.0
6389 931.0 423.0
6400 914.0 391.0
6412 897.0 362.0
6424 879.0 335.0
6436 861.0 311.0
6447 841.0 289.0
6459 819.0 269.0
6471 796.0 251.0
6482 771.0 235.0
6494 744.0 223.0
6506 718.0 212.0
6518 693.0 205.0
6530 669.0 200.0
6541 648.0 196.0
6553 628.0 195.0
6565 609.0 197.0
6576 590.0 200.0
6589 572.0 206.0
6600 554.0 215.0
6612 538.0 226.0
6623 525.0 239.0
6635 515.0 253.0
6647 509.0 268.0
6659 505.0 284.0
6670 506.0 301.0
6682 509.0 319.0
6694 515.0 339.0
6706 525.0 359.0
6717 537.0 380.0
6729 553.0 400.0
6741 573.0 419.0
6753 597.0 437.0
6765 623.0 454.0
6776 654.0 468.0
6789 686.0 480.0
6800 723.0 491.0
6812 761.0 497.0
6824 802.0 500.0
6835 847.0 499.0
6847 893.0 496.0
6859 941.0 489.0
6871 990.0 480.0
6883 1040.0 470.0
6895 1089.0 457.0
6906 1138.0 442.0
6918 1185.0 426.0
6930 1231.0 410.0
6942 1276.0 393.0
6953 1317.0 376.0
6965 1355.0 358.0
6977 1388.0 339.0
6989 1419.0 321.0
7000 1445.0 302.0
7012 1467.0 284.0
7024 1484.0 266.0
7036 1497.0 249.0
7047 1505.0 235.0
7059 1508.0 221.0
7071 1509.0 208.0
7083 1507.0 197.0
7095 1503.0 186.0
7106 1495.0 175.0
7118 1484.0 167.0
7130 1470.0 160.0
7142 1453.0 156.0
7153 1434.0 152.0
7165 1413.0 150.0
7177 1391.0 149.0
7189 1368.0 150.0
7200 1344.0 153.0
7212 1319.0 158.0
7224 1294.0 164.0
7235 1268.0 174.0
7247 1242.0 185.0
7259 1215.0 199.0
7271 1188.0 216.0
7283 1161.0 234.0
7295 1134.0 256.0
7306 1106.0 280.0
7318 1079.0 307.0
7330 1051.0 336.0
7342 1026.0 367.0
7354 1001.0 401.0
7365 977.0 438.0
7377 956.0 476.0
7389 936.0 515.0
7401 918.0 554.0
7413 904.0 592.0
7424 893.0 631.0
7436 882.0 670.0
7448 875.0 708.0
7460 869.0 747.0
7472 865.0 785.0
7484 865.0 821.0
7496 866.0 856.0
7508 869.0 889.0
7519 874.0 921.0
7531 882.0 951.0
7543 891.0 977.0
7555 900.0 1002.0
7567 910.0 1024.0
7579 920.0 1041.0
7591 933.0 1055.0
7603 946.0 1064.0
7615 959.0 1068.0
7627 972.0 1068.0
7639 984.0 1063.0
7651 995.0 1052.0
7663 1006.0 1039.0
7674 1016.0 1021.0
7686 1026.0 998.0
7698 1034.0 973.0
7710 1041.0 944.0
7722 1046.0 914.0
7734 1050.0 883.0
7746 1052.0 850.0
7758 1049.0 816.0
7770 1045.0 780.0
7781 1038.0 744.0
7794 1030.0 706.0
7805 1020.0 668.0
7817 1010.0 630.0
7829 997.0 594.0
7840 982.0 557.0
7852 965.0 521.0
7864 946.0 484.0
7876 926.0 446.0
7888 905.0 410.0
7899 885.0 375.0
7911 865.0 343.0
7923 844.0 313.0
7934 822.0 285.0
7946 798.0 259.0
7958 774.0 236.0
7970 747.0 216.0
7982 719.0 199.0
7994 691.0 187.0
8005 662.0 177.0
8017 633.0 171.0
8029 606.0 169.0
8040 581.0 171.0
8052 556.0 174.0
8064 534.0 181.0
8076 513.0 192.0
8088 494.0 203.0
8099 477.0 218.0
8111 463.0 235.0
8123 453.0 252.0
8134 445.0 271.0
8146 442.0 290.0
8158 445.0 309.0
8170 450.0 328.0
8182 459.0 346.0
8194 471.0 364.0
8205 487.0 382.0
8217 506.0 398.0
8229 530.0 412.0
8241 556.0 425.0
8253 587.0 436.0
8264 620.0 446.0
8276 658.0 453.0
8288 698.0 458.0
8300 742.0 461.0
8311 787.0 461.0
8323 834.0 458.0
8335 883.0 454.0
8347 935.0 446.0
8358 987.0 437.0
8370 1039.0 427.0
8382 1090.0 417.0
8394 1139.0 405.0
8406 1187.0 391.0
8417 1234.0 377.0
8429 1278.0 363.0
8441 1319.0 349.0
8453 1357.0 335.0
8465 1390.0 320.0
8476 1420.0 304.0
8488 1446.0 288.0
8500 1468.0 271.0
8512 1486.0 254.0
8523 1502.0 238.0
8535 1513.0 222.0
8547 1521.0 208.0
8559 1525.0 194.0
8571 1525.0 181.0
8582 1521.0 170.0
8594 1512.0 161.0
8606 1500.0 154.0
8617 1483.0 149.0
8629 1464.0 144.0
8641 1441.0 140.0
8653 1417.0 138.0
8664 1392.0 138.0
8676 1366.0 141.0
8688 1340.0 144.0
8700 1313.0 150.0
8712 1286.0 159.0
8723 1259.0 169.0
8735 1230.0 183.0
8747 1202.0 200.0
8758 1174.0 219.0
8770 1145.0 241.0
8782 1117.0 265.0
8794 1088.0 292.0
8806 1061.0 322.0
8818 1035.0 353.0
8829 1009.0 385.0
8841 984.0 419.0
8853 961.0 457.0
8865 940.0 495.0
8876 920.0 535.0
8888 902.0 575.0
8900 887.0 615.0
8912 874.0 655.0
8924 863.0 695.0
8936 854.0 734.0
8948 847.0 774.0
8959 842.0 813.0
8971 838.0 851.0
8983 837.0 887.0
8995 840.0 921.0
9007 843.0 953.0
9019 850.0 981.0
9031 859.0 1007.0
9043 869.0 1031.0
9055 880.0 1051.0
9067 892.0 1069.0
9079 904.0 1084.0
9091 917.0 1096.0
9102 931.0 1104.0
9114 944.0 1108.0
9126 957.0 1108.0
9138 970.0 1102.0
9150 983.0 1091.0
9162 996.0 1073.0
9174 1008.0 1052.0
9186 1019.0 1028.0
9198 1028.0 1001.0
9209 1036.0 971.0
9221 1042.0 940.0
9233 1046.0 908.0
9245 1047.0 873.0
9257 1045.0 836.0
9269 1042.0 798.0
9280 1036.0 758.0
9293 1030.0 716.0
9304 1024.0 672.0
9316 1016.0 628.0
9328 1007.0 584.0
9340 997.0 541.0
9352 985.0 499.0
9363 969.0 458.0
9375 952.0 419.0
9387 934.0 381.0
9398 914.0 347.0
9410 891.0 315.0
9422 867.0 284.0
9434 842.0 257.0
9446 815.0 231.0
9457 787.0 206.0
9469 760.0 185.0
9481 734.0 166.0
9493 708.0 150.0
9504 683.0 136.0
9516 658.0 125.0
9528 634.0 117.0
9539 611.0 113.0
9551 587.0 113.0
9563 563.0 117.0
9575 540.0 126.0
9586 516.0 139.0
9598 493.0 157.0
9610 473.0 178.0
9622 455.0 202.0
9634 439.0 228.0
9645 429.0 255.0
9657 423.0 281.0
9669 421.0 308.0
9681 425.0 334.0
9693 433.0 359.0
9705 445.0 382.0
9716 463.0 403.0
9728 484.0 421.0
9740 511.0 438.0
9752 543.0 452.0
9763 580.0 462.0
9775 621.0 470.0
9787 666.0 473.0
9799 712.0 475.0
9810 762.0 473.0
9822 813.0 470.0
9834 865.0 464.0
9846 920.0 454.0
9858 974.0 444.0
9869 1029.0 430.0
9881 1082.0 417.0
9894 1134.0 402.0
9905 1183.0 387.0
9917 1230.0 372.0
9928 1275.0 357.0
9940 1316.0 341.0
9952 1355.0 325.0
9964 1392.0 308.0
9975 1425.0 291.0
9987 1454.0 273.0
9999 1479.0 256.0
10011 1501.0 238.0
10023 1518.0 221.0
10034 1532.0 206.0
10046 1541.0 192.0
10058 1544.0 179.0
10070 1545.0 168.0
10081 1542.0 158.0
10093 1538.0 149.0
10105 1529.0 141.0
10116 1518.0 134.0
10128 1501.0 130.0
10140 1483.0 127.0
10152 1460.0 127.0
10163 1436.0 130.0
10175 1409.0 134.0
10187 1381.0 142.0
10199 1353.0 152.0
10210 1324.0 162.0
10222 1296.0 174.0
10234 1269.0 189.0
10246 1242.0 206.0
10258 1215.0 225.0
10269 1188.0 247.0
10281 1160.0 271.0
10294 1130.0 296.0
10305 1100.0 323.0
10317 1070.0 353.0
10328 1040.0 383.0
10340 1010.0 415.0
10352 981.0 451.0
10364 954.0 489.0
10376 929.0 527.0
10388 907.0 567.0
10399 888.0 607.0
10411 870.0 647.0
10423 857.0 686.0
10435 847.0 725.0
10447 840.0 763.0
10459 837.0 799.0
10471 836.0 834.0
10482 838.0 868.0
10495 841.0 900.0
10507 844.0 932.0
10518 849.0 963.0
10530 854.0 990.0
10542 861.0 1016.0
10554 870.0 1039.0
10566 880.0 1059.0
10578 891.0 1076.0
10590 902.0 1088.0
10602 914.0 1099.0
10614 926.0 1105.0
10626 937.0 1108.0
10638 948.0 1105.0
10649 960.0 1097.0
10662 974.0 1083.0
10673 987.0 1064.0
10685 1001.0 1040.0
10697 1014.0 1014.0
10709 1025.0 986.0
10721 1035.0 956.0
10733 1043.0 925.0
10744 1048.0 893.0
10757 1052.0 857.0
10769 1054.0 820.0
10780 1054.0 782.0
10792 1053.0 743.0
10804 1050.0 701.0
10816 1044.0 659.0
10828 1036.0 619.0
10839 1026.0 580.0
10851 1012.0 543.0
10863 994.0 507.0
10875 974.0 472.0
10887 951.0 436.0
10898 927.0 403.0
10910 902.0 371.0
10922 876.0 343.0
10934 849.0 318.0
10945 821.0 293.0
10957 791.0 270.0
10969 761.0 249.0
10981 730.0 231.0
10992 701.0 213.0
11004 672.0 200.0
11016 646.0 189.0
11028 622.0 180.0
11039 599.0 176.0
11051 578.0 174.0
11063 557.0 178.0
11075 535.0 185.0
11086 515.0 195.0
11098 497.0 209.0
11110 480.0 225.0
11122 469.0 241.0
11133 461.0 258.0
11145 458.0 275.0
11157 459.0 293.0
11169 462.0 311.0
11181 468.0 331.0
11192 478.0 350.0
11204 491.0 370.0
11216 507.0 388.0
11228 526.0 406.0
11239 550.0 422.0
11252 578.0 437.0
11263 611.0 450.0
11275 648.0 461.0
11287 689.0 468.0
11299 733.0 472.0
11311 779.0 474.0
11322 828.0 474.0
11334 877.0 472.0
11346 928.0 468.0
11358 980.0 460.0
11369 1033.0 450.0
11381 1085.0 439.0
11393 1135.0 426.0
11405 1184.0 411.0
11417 1231.0 396.0
11428 1277.0 380.0
11440 1318.0 364.0
11452 1355.0 347.0
11464 1387.0 328.0
11476 1416.0 308.0
11487 1440.0 287.0
11499 1460.0 267.0
11511 1475.0 247.0
11522 1487.0 228.0
11535 1495.0 210.0
11546 1499.0 192.0
11558 1501.0 177.0
11570 1498.0 164.0
11581 1492.0 152.0
11593 1481.0 141.0
11605 1467.0 133.0
11617 1449.0 127.0
11628 1426.0 124.0
11640 1402.0 124.0
11652 1376.0 127.0
11663 1348.0 132.0
11675 1320.0 142.0
11687 1291.0 152.0
11699 1261.0 164.0
11711 1231.0 179.0
11722 1201.0 196.0
11734 1171.0 216.0
11746 1140.0 239.0
11758 1111.0 263.0
11770 1082.0 289.0
11781 1055.0 318.0
11794 1029.0 347.0
11805 1004.0 378.0
11817 981.0 411.0
11828 960.0 446.0
11840 939.0 484.0
11852 919.0 521.0
11864 901.0 559.0
11876 883.0 597.0
11888 870.0 635.0
11900 858.0 672.0
11911 848.0 710.0
11923 842.0 748.0
11935 837.0 785.0
11947 833.0 820.0
11959 832.0 854.0
11971 833.0 887.0
11983 836.0 919.0
11995 840.0 951.0
12006 845.0 980.0
12018 851.0 1007.0
12031 857.0 1032.0
12042 863.0 1054.0
12054 870.0 1074.0
12066 879.0 1091.0
12078 887.0 1104.0
12090 897.0 1114.0
12102 907.0 1118.0
12114 920.0 1118.0
12126 935.0 1111.0
12137 952.0 1098.0
12149 969.0 1080.0
12161 987.0 1056.0
12173 1005.0 1031.0
12185 1023.0 1003.0
12197 1038.0 973.0
12209 1051.0 943.0
12221 1062.0 912.0
12233 1068.0 879.0
12245 1072.0 844.0
12256 1072.0 807.0
12268 1071.0 769.0
12280 1068.0 731.0
12293 1065.0 691.0
12304 1058.0 651.0
12316 1049.0 611.0
12328 1039.0 571.0
12339 1025.0 531.0
12351 1008.0 492.0
12363 989.0 453.0
12375 967.0 415.0
12386 943.0 380.0
12399 916.0 347.0
12410 889.0 315.0
12422 863.0 285.0
12434 836.0 256.0
12445 810.0 229.0
12457 782.0 205.0
12469 753.0 186.0
12481 723.0 170.0
12493 691.0 160.0
12504 657.0 153.0
12516 624.0 150.0
12527 592.0 151.0
12539 563.0 154.0
12551 538.0 158.0
12563 515.0 165.0
12574 498.0 173.0
12586 482.0 183.0
12598 472.0 195.0
12610 465.0 209.0
12621 462.0 225.0
12633 463.0 242.0
12645 466.0 262.0
12657 474.0 283.0
12668 485.0 305.0
12680 500.0 327.0
12692 518.0 349.0
12704 541.0 369.0
12716 566.0 388.0
12727 596.0 406.0
12739 628.0 421.0
12751 664.0 436.0
12763 703.0 449.0
12774 745.0 460.0
12786 790.0 469.0
12798 835.0 474.0
12810 882.0 477.0
12822 932.0 477.0
12833 982.0 475.0
12845 1033.0 471.0
12857 1083.0 462.0
12869 1131.0 451.0
12881 1178.0 436.0
12892 1224.0 419.0
12904 1269.0 402.0
12916 1310.0 383.0
12928 1349.0 362.0
12940 1385.0 342.0
12951 1416.0 320.0
12963 1445.0 299.0
12975 1469.0 278.0
12987 1490.0 259.0
12999 1505.0 241.0
13010 1515.0 223.0
13022 1521.0 207.0
13034 1522.0 193.0
13045 1518.0 179.0
13057 1510.0 168.0
13069 1498.0 158.0
13081 1480.0 151.0
13093 1459.0 145.0
13104 1433.0 141.0
13116 1404.0 140.0
13128 1373.0 143.0
13139 1342.0 147.0
13152 1308.0 154.0
13163 1274.0 163.0
13175 1240.0 174.0
13186 1206.0 190.0
13199 1172.0 208.0
13210 1138.0 229.0
13222 1104.0 254.0
13234 1071.0 281.0
13245 1039.0 311.0
13257 1009.0 342.0
13269 982.0 375.0
13281 957.0 411.0
13293 932.0 449.0
13304 911.0 489.0
13316 892.0 529.0
13328 874.0 571.0
13340 859.0 614.0
13352 845.0 657.0
13364 834.0 700.0
13376 823.0 743.0
13387 815.0 785.0
13400 809.0 826.0
13411 805.0 866.0
13423 801.0 905.0
13435 800.0 941.0
13447 802.0 975.0
13459 805.0 1008.0
13471 811.0 1038.0
13483 817.0 1065.0
13495 825.0 1090.0
13506 835.0 1111.0
13518 845.0 1128.0
13531 858.0 1143.0
13542 872.0 1153.0
13554 887.0 1158.0
13566 904.0 1159.0
13578 921.0 1154.0
13590 941.0 1143.0
13602 960.0 1127.0
13614 980.0 1108.0
13626 1000.0 1083.0
13638 1020.0 1055.0
13649 1038.0 1024.0
13661 1054.0 992.0
13674 1067.0 958.0
13685 1078.0 922.0
13697 1086.0 885.0
13709 1091.0 847.0
13721 1094.0 806.0
13733 1093.0 764.0
13745 1090.0 721.0
13756 1086.0 678.0
13768 1077.0 634.0
13780 1066.0 592.0
13792 1051.0 552.0
13804 1034.0 512.0
13816 1012.0 473.0
13827 988.0 434.0
13839 960.0 398.0
13851 932.0 365.0
13862 902.0 333.0
13874 871.0 305.0
13886 838.0 280.0
13898 803.0 255.0
13910 768.0 234.0
13921 734.0 217.0
13933 698.0 201.0
13945 664.0 189.0
13956 631.0 178.0
13968 600.0 170.0
13980 571.0 166.0
13992 546.0 165.0
14003 521.0 167.0
14015 500.0 173.0
14027 481.0 182.0
14039 464.0 194.0
14051 451.0 208.0
14062 441.0 225.0
14074 435.0 242.0
14086 433.0 261.0
14097 437.0 281.0
14109 447.0 302.0
14121 460.0 323.0
14133 478.0 344.0
14145 500.0 363.0
14156 526.0 381.0
14168 557.0 397.0
14180 592.0 411.0
14192 630.0 421.0
14204 673.0 430.0
14215 718.0 436.0
14227 765.0 440.0
14239 813.0 443.0
14251 863.0 443.0
14263 914.0 440.0
14274 966.0 437.0
14286 1018.0 430.0
14298 1071.0 423.0
14310 1122.0 414.0
14322 1171.0 404.0
14334 1218.0 393.0
14345 1264.0 381.0
14357 1305.0 368.0
14369 1344.0 353.0
14381 1379.0 337.0
14392 1411.0 320.0
14404 1442.0 302.0
14416 1468.0 283.0
14428 1490.0 264.0
14439 1507.0 244.0
14451 1520.0 226.0
14463 1529.0 208.0
14475 1533.0 192.0
14486 1534.0 176.0
14498 1530.0 162.0
14510 1525.0 150.0
14522 1514.0 139.0
14533 1502.0 128.0
14545 1485.0 121.0
14557 1466.0 116.0
14569 1441.0 115.0
14580 1414.0 118.0
14592 1384.0 124.0
14604 1352.0 135.0
14616 1317.0 151.0
14627 1281.0 168.0
14639 1244.0 188.0
14651 1206.0 212.0
14663 1169.0 238.0
14675 1132.0 268.0
14686 1096.0 299.0
14698 1061.0 332.0
14710 1027.0 369.0
14722 995.0 407.0
14734 962.0 450.0
14745 932.0 494.0
14757 906.0 537.0
14769 882.0 579.0
14781 864.0 621.0
14793 848.0 661.0
14805 837.0 701.0
14816 828.0 740.0
14828 822.0 778.0
14840 818.0 813.0
14852 816.0 848.0
14864 817.0 881.0
14876 819.0 912.0
14888 823.0 940.0
14900 830.0 965.0
14912 839.0 989.0
14924 849.0 1010.0
14936 859.0 1028.0
14947 869.0 1045.0
14959 880.0 1057.0
14971 891.0 1068.0
14983 903.0 1075.0
14995 915.0 1078.0
15008 929.0 1077.0
15019 943.0 1072.0
15031 957.0 1061.0
15043 970.0 1046.0
15055 983.0 1028.0
15067 996.0 1005.0
15078 1008.0 981.0
15090 1020.0 954.0
15103 1030.0 925.0
15114 1037.0 894.0
15126 1042.0 863.0
15138 1046.0 831.0
15150 1044.0 796.0
15162 1041.0 760.0
15174 1035.0 722.0
15185 1027.0 683.0
15198 1017.0 642.0
15209 1004.0 601.0
15221 990.0 561.0
15233 974.0 521.0
15244 956.0 480.0
15256 934.0 440.0
15268 912.0 401.0
15280 888.0 363.0
15292 864.0 328.0
15303 839.0 295.0
15315 813.0 263.0
15327 786.0 232.0
15339 758.0 206.0
15350 729.0 183.0
15362 698.0 164.0
15374 667.0 149.0
15386 636.0 137.0
15397 606.0 129.0
15409 578.0 125.0
15421 551.0 124.0
15432 525.0 129.0
15444 500.0 139.0
15456 476.0 153.0
15467 454.0 170.0
15479 434.0 191.0
15491 419.0 214.0
15503 409.0 238.0
15515 403.0 262.0
15527 402.0 287.0
15538 406.0 311.0
15550 416.0 335.0
15562 428.0 360.0
15574 446.0 383.0
15585 467.0 404.0
15597 492.0 423.0
15609 521.0 441.0
15621 554.0 455.0
15633 591.0 465.0
15644 631.0 474.0
15656 673.0 480.0
15668 719.0 484.0
15680 765.0 487.0
15692 813.0 487.0
15703 864.0 485.0
15715 915.0 483.0
15727 967.0 480.0
15739 1020.0 476.0
15751 1073.0 470.0
15763 1123.0 462.0
15774 1172.0 452.0
15786 1219.0 441.0
15798 1264.0 428.0
15810 1306.0 414.0
15822 1345.0 399.0
15833 1381.0 382.0
15845 1413.0 363.0
15857 1443.0 342.0
15869 1469.0 319.0
15880 1492.0 297.0
15893 1511.0 274.0
15904 1527.0 253.0
15916 1537.0 233.0
15927 1544.0 214.0
15939 1545.0 196.0
15951 1542.0 180.0
15963 1537.0 166.0
15975 1526.0 154.0
15986 1510.0 143.0
15998 1491.0 136.0
16010 1466.0 132.0
16022 1436.0 131.0
16033 1403.0 135.0
16045 1368.0 141.0
16057 1333.0 150.0
16068 1296.0 160.0
16080 1260.0 172.0
16092 1224.0 188.0
16104 1188.0 206.0
16116 1153.0 228.0
16127 1118.0 252.0
16139 1084.0 280.0
16151 1051.0 310.0
16163 1019.0 341.0
16174 990.0 374.0
16186 964.0 410.0
16198 939.0 448.0
16210 918.0 487.0
16222 899.0 528.0
16234 881.0 570.0
16246 866.0 612.0
16257 853.0 654.0
16269 842.0 697.0
16281 835.0 738.0
16293 831.0 779.0
16305 829.0 818.0
16317 829.0 855.0
16329 832.0 893.0
16341 835.0 929.0
16353 838.0 964.0
16364 841.0 996.0
16376 847.0 1025.0
16388 854.0 1048.0
16400 864.0 1066.0
16412 874.0 1080.0
16424 887.0 1090.0
16436 899.0 1095.0
16448 912.0 1097.0
16460 925.0 1094.0
16471 938.0 1085.0
16483 952.0 1071.0
16495 966.0 1052.0
16508 980.0 1027.0
16519 993.0 999.0
16531 1005.0 969.0
16543 1015.0 938.0
16555 1022.0 905.0
16567 1026.0 870.0
16579 1030.0 834.0
16590 1030.0 796.0
16602 1028.0 757.0
16614 1025.0 715.0
16626 1018.0 672.0
16638 1008.0 629.0
16649 996.0 585.0
16661 981.0 543.0
16673 964.0 500.0
16685 945.0 458.0
16697 923.0 417.0
16709 899.0 379.0
16721 874.0 345.0
16732 846.0 314.0
16744 816.0 287.0
16756 785.0 262.0
16767 752.0 240.0
16779 719.0 222.0
16791 687.0 206.0
16803 655.0 194.0
16815 626.0 183.0
16826 600.0 175.0
16838 575.0 172.0
16850 552.0 173.0
16862 532.0 178.0
16873 513.0 189.0
16885 495.0 204.0
16897 479.0 221.0
16909 468.0 243.0
16920 459.0 267.0
16932 456.0 291.0
16944 456.0 317.0
16956 459.0 342.0
16968 469.0 367.0
16979 482.0 390.0
16991 500.0 411.0
17003 520.0 430.0
17015 545.0 448.0
17027 575.0 462.0
17038 608.0 474.0
17050 646.0 484.0
17062 686.0 492.0
17074 730.0 496.0
17086 775.0 498.0
17098 823.0 497.0
17110 873.0 494.0
17121 925.0 490.0
17133 978.0 482.0
17145 1032.0 472.0
17157 1085.0 461.0
17169 1138.0 446.0
17181 1190.0 430.0
17192 1239.0 413.0
17204 1286.0 396.0
17216 1331.0 377.0
17228 1371.0 356.0
17239 1408.0 335.0
17251 1442.0 312.0
17263 1473.0 290.0
17275 1499.0 267.0
17287 1521.0 246.0
17298 1539.0 225.0
17310 1553.0 206.0
17322 1562.0 188.0
17334 1565.0 173.0
17345 1563.0 160.0
17357 1557.0 149.0
17369 1545.0 139.0
17381 1527.0 131.0
17392 1505.0 126.0
17404 1479.0 122.0
17416 1450.0 123.0
17428 1419.0 126.0
17439 1388.0 134.0
17451 1355.0 144.0
17463 1322.0 155.0
17475 1290.0 170.0
17486 1257.0 187.0
17498 1223.0 208.0
17510 1189.0 233.0
17522 1155.0 260.0
17534 1122.0 291.0
17545 1090.0 323.0
17557 1058.0 357.0
17569 1029.0 393.0
17581 1001.0 431.0
17593 975.0 469.0
17605 950.0 509.0
17616 928.0 549.0
17628 909.0 589.0
17640 891.0 630.0
17652 876.0 672.0
17664 863.0 714.0
17675 852.0 755.0
17688 844.0 796.0
17699 839.0 835.0
17711 835.0 873.0
17724 833.0 908.0
17735 834.0 942.0
17747 836.0 974.0
17759 840.0 1005.0
17771 847.0 1032.0
17783 856.0 1057.0
17795 867.0 1078.0
17807 880.0 1096.0
17819 896.0 1111.0
17830 913.0 1121.0
17843 932.0 1126.0
17854 951.0 1125.0
17866 971.0 1117.0
17878 989.0 1104.0
17890 1008.0 1085.0
17902 1025.0 1060.0
17914 1041.0 1032.0
17926 1056.0 1001.0
17938 1068.0 968.0
17950 1077.0 932.0
17962 1083.0 894.0
17973 1087.0 856.0
17985 1086.0 817.0
17997 1082.0 776.0
18010 1077.0 733.0
18021 1069.0 690.0
18033 1059.0 646.0
18045 1048.0 603.0
18056 1033.0 561.0
18068 1016.0 520.0
18080 996.0 479.0
18092 974.0 438.0
18104 950.0 399.0
18115 926.0 362.0
18127 902.0 328.0
18139 878.0 296.0
18151 854.0 265.0
18162 829.0 237.0
18174 802.0 212.0
18186 775.0 191.0
18198 749.0 173.0
18210 722.0 160.0
18221 697.0 149.0
18233 673.0 142.0
18245 651.0 138.0
18256 632.0 136.0
18268 614.0 140.0
18280 596.0 149.0
18292 577.0 162.0
18304 558.0 180.0
18315 541.0 203.0
18327 527.0 227.0
18339 517.0 253.0
18351 510.0 280.0
18362 508.0 307.0
18374 511.0 335.0
18386 517.0 362.0
18398 528.0 387.0
18409 543.0 412.0
18421 561.0 435.0
18433 585.0 455.0
18445 614.0 474.0
18457 647.0 491.0
18469 686.0 503.0
18480 727.0 513.0
18492 772.0 518.0
18505 818.0 521.0
18516 868.0 519.0
18528 919.0 516.0
18539 971.0 509.0
18551 1024.0 500.0
18563 1079.0 489.0
18575 1133.0 477.0
18587 1187.0 463.0
18598 1240.0 448.0
18610 1292.0 431.0
18622 1340.0 414.0
18634 1385.0 396.0
18646 1425.0 377.0
18657 1462.0 355.0
18669 1493.0 333.0
18681 1520.0 309.0
18693 1541.0 286.0
18705 1557.0 265.0
18717 1567.0 244.0
18728 1573.0 226.0
18740 1573.0 209.0
18752 1570.0 194.0
18764 1561.0 181.0
18775 1550.0 170.0
18787 1534.0 161.0
18799 1515.0 156.0
18811 1490.0 152.0
18822 1463.0 152.0
18834 1431.0 155.0
18846 1398.0 159.0
18858 1365.0 165.0
18869 1332.0 174.0
18881 1299.0 184.0
18893 1267.0 198.0
18905 1234.0 214.0
18916 1202.0 232.0
18928 1168.0 253.0
18940 1135.0 278.0
18952 1101.0 305.0
18964 1069.0 335.0
18975 1037.0 366.0
18987 1007.0 399.0
18999 980.0 434.0
19011 955.0 471.0
19023 931.0 509.0
19034 910.0 548.0
19046 891.0 588.0
19058 872.0 631.0
19070 854.0 675.0
19082 838.0 719.0
19094 824.0 763.0
19106 813.0 805.0
19117 804.0 845.0
19129 800.0 884.0
19141 797.0 921.0
19153 798.0 956.0
19165 801.0 987.0
19177 807.0 1016.0
19189 816.0 1041.0
19201 828.0 1063.0
19213 843.0 1080.0
19225 861.0 1094.0
19237 881.0 1104.0
19248 904.0 1110.0
19260 927.0 1111.0
19273 951.0 1107.0
19284 975.0 1098.0
19296 999.0 1084.0
19309 1022.0 1066.0
19320 1044.0 1043.0
19332 1063.0 1018.0
19344 1081.0 989.0
19356 1096.0 958.0
19368 1106.0 925.0
19379 1113.0 888.0
19392 1117.0 850.0
19404 1117.0 810.0
19415 1115.0 769.0
19427 1111.0 727.0
19439 1104.0 684.0
19451 1093.0 640.0
19463 1081.0 596.0
19475 1065.0 553.0
19486 1048.0 508.0
19498 1028.0 463.0
19510 1006.0 419.0
19522 982.0 377.0
19533 957.0 338.0
19545 930.0 302.0
19557 902.0 269.0
19569 872.0 237.0
19580 841.0 207.0
19593 810.0 180.0
19604 779.0 156.0
19616 749.0 136.0
19627 718.0 119.0
19639 688.0 107.0
19651 657.0 97.0
19663 626.0 92.0
19675 596.0 91.0
19686 568.0 95.0
19698 541.0 102.0
19710 516.0 112.0
19721 493.0 124.0
19734 474.0 138.0
19745 458.0 155.0
19757 447.0 172.0
19769 438.0 191.0
19780 435.0 211.0
19792 435.0 232.0
19804 438.0 253.0
19816 447.0 276.0
19828 458.0 298.0
19839 474.0 320.0
19851 494.0 341.0
19863 518.0 361.0
19875 544.0 379.0
19886 576.0 393.0
19898 611.0 404.0
19910 650.0 414.0
19922 692.0 421.0
19934 737.0 426.0
19946 782.0 431.0
19958 828.0 435.0
19969 876.0 439.0
19981 925.0 441.0
19993 974.0 440.0
20005 1024.0 437.0
20017 1073.0 432.0
20029 1121.0 425.0
20040 1168.0 417.0
20052 1214.0 407.0
20064 1259.0 397.0
20076 1303.0 385.0
20087 1343.0 371.0
20099 1381.0 356.0
20112 1415.0 339.0
20123 1447.0 321.0
20135 1476.0 301.0
20147 1500.0 281.0
20158 1521.0 261.0
20170 1538.0 242.0
20182 1548.0 224.0
20194 1554.0 206.0
20206 1556.0 191.0
20217 1553.0 178.0
20229 1547.0 167.0
20241 1536.0 158.0
20253 1521.0 151.0
20264 1500.0 147.0
20276 1475.0 145.0
20288 1446.0 147.0
20299 1415.0 151.0
20311 1382.0 158.0
20323 1348.0 167.0
20335 1315.0 177.0
20347 1282.0 192.0
20358 1248.0 209.0
20370 1213.0 228.0
20382 1178.0 251.0
20394 1145.0 276.0
20406 1112.0 305.0
20418 1081.0 336.0
20429 1051.0 368.0
20441 1023.0 404.0
20453 996.0 442.0
20465 969.0 482.0
20477 944.0 524.0
20488 920.0 566.0
20500 899.0 609.0
20513 880.0 652.0
20524 863.0 695.0
20536 849.0 738.0
20548 838.0 780.0
20560 828.0 820.0
20571 823.0 859.0
20583 820.0 894.0
20595 822.0 929.0
20607 825.0 961.0
20619 831.0 991.0
20631 839.0 1016.0
20643 848.0 1039.0
20655 859.0 1058.0
20667 873.0 1074.0
20679 891.0 1085.0
20691 911.0 1093.0
20703 933.0 1096.0
20715 956.0 1094.0
20726 980.0 1086.0
20738 1002.0 1073.0
20750 1023.0 1055.0
20762 1042.0 1032.0
20774 1061.0 1006.0
20786 1078.0 975.0
20798 1091.0 942.0
20810 1102.0 907.0
20822 1108.0 871.0
20833 1111.0 835.0
20845 1110.0 797.0
20857 1107.0 759.0
20869 1101.0 721.0
20881 1090.0 680.0
20893 1078.0 638.0
20905 1063.0 596.0
20916 1047.0 554.0
20928 1030.0 511.0
20940 1010.0 469.0
20952 987.0 428.0
20964 963.0 389.0
20975 938.0 355.0
20987 911.0 323.0
20999 882.0 295.0
21011 851.0 269.0
21022 819.0 245.0
21034 786.0 224.0
21046 753.0 207.0
21058 721.0 193.0
21069 689.0 182.0
21081 657.0 173.0
21093 628.0 168.0
21105 600.0 166.0
21116 575.0 168.0
21128 551.0 173.0
21140 530.0 183.0
21152 510.0 195.0
21163 491.0 211.0
21175 474.0 229.0
21187 461.0 251.0
21199 450.0 274.0
21211 446.0 297.0
21222 445.0 319.0
21234 450.0 341.0
21246 461.0 361.0
21258 475.0 381.0
21269 493.0 399.0
21281 516.0 415.0
21293 543.0 429.0
21305 575.0 442.0
21317 610.0 453.0
21329 649.0 462.0
21340 692.0 468.0
21352 737.0 472.0
21364 784.0 475.0
21376 831.0 475.0
21387 879.0 475.0
21399 930.0 473.0
21411 981.0 470.0
21423 1033.0 463.0
21435 1084.0 455.0
21447 1134.0 445.0
21458 1182.0 435.0
21470 1228.0 425.0
21482 1273.0 415.0
21494 1315.0 405.0
21506 1354.0 394.0
21518 1391.0 381.0
21529 1424.0 367.0
21541 1455.0 350.0
21553 1481.0 333.0
21565 1506.0 313.0
21576 1524.0 292.0
21588 1539.0 273.0
21600 1549.0 254.0
21612 1555.0 236.0
21623 1559.0 218.0
21635 1557.0 201.0
21647 1553.0 186.0
21659 1544.0 172.0
21671 1533.0 160.0
21682 1517.0 149.0
21694 1497.0 142.0
21706 1474.0 137.0
21718 1449.0 134.0
21729 1421.0 136.0
21741 1390.0 140.0
21753 1359.0 147.0
21765 1328.0 157.0
21776 1296.0 168.0
21788 1264.0 182.0
21800 1232.0 199.0
21812 1200.0 217.0
21823 1168.0 239.0
21835 1137.0 263.0
21847 1107.0 290.0
21859 1078.0 319.0
21871 1051.0 350.0
21882 1026.0 382.0
21894 1001.0 419.0
21906 976.0 457.0
21918 953.0 497.0
21930 932.0 538.0
21941 912.0 579.0
21953 895.0 621.0
21965 880.0 662.0
21977 867.0 705.0
21989 856.0 747.0
22001 848.0 789.0
22013 841.0 830.0
22024 835.0 870.0
22037 831.0 909.0
22048 828.0 945.0
22060 828.0 978.0
22072 830.0 1009.0
22084 835.0 1035.0
22096 843.0 1059.0
22109 853.0 1079.0
22120 867.0 1095.0
22132 884.0 1107.0
22144 903.0 1114.0
22156 925.0 1115.0
22167 947.0 1109.0
22180 969.0 1096.0
22191 990.0 1078.0
22203 1009.0 1054.0
22215 1027.0 1028.0
22227 1044.0 999.0
22239 1058.0 967.0
22251 1069.0 933.0
22263 1077.0 896.0
22275 1082.0 858.0
22286 1085.0 819.0
22298 1084.0 778.0
22311 1080.0 735.0
22322 1073.0 691.0
22334 1063.0 647.0
22346 1051.0 602.0
22357 1035.0 559.0
22369 1016.0 515.0
22381 992.0 473.0
22393 966.0 432.0
22405 936.0 393.0
22417 905.0 357.0
22428 872.0 325.0
22440 838.0 294.0
22452 803.0 265.0
22463 769.0 238.0
22475 735.0 213.0
22487 703.0 192.0
22499 672.0 175.0
22511 642.0 161.0
22522 614.0 153.0
22534 586.0 150.0
22546 559.0 151.0
22558 532.0 156.0
22569 505.0 167.0
22581 480.0 181.0
22593 457.0 199.0
22605 440.0 219.0
22616 427.0 239.0
22628 420.0 260.0
22640 417.0 281.0
22652 418.0 303.0
22663 421.0 327.0
22675 429.0 351.0
22687 440.0 373.0
22699 457.0 393.0
22711 477.0 411.0
22723 502.0 427.0
22734 530.0 441.0
22746 561.0 453.0
22758 597.0 464.0
22770 635.0 474.0
22782 674.0 482.0
22793 717.0 487.0
22806 762.0 491.0
22817 807.0 493.0
22829 854.0 491.0
22841 903.0 488.0
22852 952.0 483.0
22864 1002.0 475.0
22876 1051.0 466.0
22888 1099.0 455.0
22900 1147.0 442.0
22912 1195.0 428.0
22923 1241.0 414.0
22935 1286.0 400.0
22947 1326.0 385.0
22959 1365.0 368.0
22971 1400.0 350.0
22982 1431.0 330.0
22994 1458.0 308.0
23006 1481.0 286.0
23018 1498.0 265.0
23029 1510.0 243.0
23041 1519.0 223.0
23053 1522.0 204.0
23065 1521.0 186.0
23076 1515.0 171.0
23088 1504.0 159.0
23100 1488.0 149.0
23112 1468.0 142.0
23123 1443.0 139.0
23136 1412.0 138.0
23147 1380.0 141.0
23159 1346.0 145.0
23171 1312.0 151.0
23182 1280.0 160.0
23194 1248.0 170.0
23206 1216.0 185.0
23218 1185.0 202.0
23230 1153.0 221.0
23242 1123.0 245.0
23253 1094.0 270.0
23265 1065.0 298.0
23277 1038.0 328.0
23288 1012.0 359.0
23300 987.0 392.0
23312 964.0 428.0
23324 943.0 466.0
23336 924.0 504.0
23347 906.0 543.0
23359 891.0 582.0
23371 879.0 621.0
23383 868.0 660.0
23395 860.0 700.0
23407 855.0 739.0
23419 851.0 778.0
23431 848.0 816.0
23442 848.0 852.0
23454 849.0 889.0
23466 851.0 924.0
23478 854.0 958.0
23490 859.0 988.0
23502 867.0 1015.0
23514 877.0 1038.0
23526 889.0 1055.0
23538 903.0 1069.0
23550 920.0 1080.0
23562 937.0 1084.0
23574 957.0 1085.0
23585 977.0 1080.0
23597 998.0 1069.0
23609 1017.0 1054.0
23621 1035.0 1035.0
23633 1052.0 1011.0
23645 1067.0 986.0
23657 1079.0 956.0
23669 1090.0 924.0
23681 1095.0 889.0
23693 1099.0 853.0
23705 1097.0 815.0
23716 1093.0 777.0
23728 1086.0 738.0
23740 1077.0 697.0
23752 1066.0 655.0
23763 1052.0 612.0
23776 1036.0 570.0
23787 1019.0 528.0
23799 1001.0 486.0
23811 980.0 443.0
23823 957.0 402.0
23834 933.0 363.0
23846 909.0 330.0
23858 882.0 298.0
23870 853.0 268.0
23881 824.0 240.0
23893 793.0 215.0
23905 762.0 192.0
23917 731.0 174.0
23928 699.0 159.0
23940 667.0 149.0
23952 638.0 142.0
23964 609.0 138.0
23976 582.0 140.0
23987 555.0 144.0
23999 530.0 152.0
24011 507.0 163.0
24023 487.0 177.0
24034 470.0 194.0
24046 459.0 212.0
24058 451.0 231.0
24070 448.0 252.0
24082 450.0 273.0
24093 455.0 296.0
24105 464.0 319.0
24117 477.0 342.0
24128 494.0 364.0
24140 515.0 384.0
24152 539.0 401.0
24164 569.0 416.0
24176 601.0 428.0
24188 639.0 439.0
24199 678.0 447.0
24212 720.0 455.0
24223 764.0 460.0
24235 809.0 463.0
24247 856.0 463.0
24258 906.0 462.0
24270 957.0 459.0
24282 1008.0 454.0
24294 1058.0 447.0
24306 1107.0 439.0
24318 1155.0 430.0
24330 1201.0 420.0
24341 1246.0 410.0
24353 1288.0 398.0
24365 1328.0 384.0
24377 1365.0 368.0
24388 1399.0 350.0
24400 1431.0 329.0
24412 1459.0 308.0
24424 1485.0 286.0
24436 1509.0 264.0
24448 1528.0 244.0
24459 1543.0 224.0
24471 1553.0 205.0
24483 1558.0 187.0
24495 1558.0 170.0
24506 1554.0 155.0
24518 1545.0 141.0
24530 1534.0 129.0
24542 1518.0 118.0
24553 1499.0 111.0
24565 1474.0 107.0
24577 1446.0 105.0
24589 1415.0 108.0
24600 1380.0 112.0
24612 1345.0 120.0
24624 1308.0 130.0
24636 1272.0 144.0
24647 1238.0 158.0
24659 1204.0 175.0
24671 1172.0 192.0
24683 1141.0 213.0
24695 1112.0 235.0
24707 1084.0 259.0
24718 1056.0 285.0
24730 1029.0 314.0
24742 1004.0 343.0
24754 979.0 373.0
24766 956.0 405.0
24777 936.0 440.0
24789 918.0 476.0
24801 900.0 514.0
24813 885.0 551.0
24825 869.0 589.0
24837 855.0 629.0
24848 842.0 671.0
24860 830.0 712.0
24872 820.0 754.0
24884 813.0 794.0
24896 808.0 833.0
24908 805.0 870.0
24920 806.0 904.0
24931 809.0 936.0
24944 812.0 967.0
24956 818.0 996.0
24967 827.0 1021.0
24979 837.0 1045.0
24991 849.0 1065.0
25003 864.0 1082.0
25015 880.0 1095.0
25027 897.0 1104.0
25039 917.0 1107.0
25051 937.0 1104.0
25063 957.0 1095.0
25075 976.0 1081.0
25087 994.0 1062.0
25098 1012.0 1038.0
25110 1028.0 1012.0
25122 1042.0 982.0
25134 1055.0 951.0
25146 1066.0 916.0
25158 1073.0 879.0
25170 1077.0 841.0
25181 1077.0 802.0
25193 1075.0 761.0
25205 1070.0 719.0
25217 1063.0 676.0
25229 1053.0 632.0
25241 1041.0 589.0
25252 1027.0 546.0
25265 1009.0 503.0
25276 989.0 460.0
25288 965.0 417.0
25300 938.0 377.0
25312 909.0 339.0
25323 879.0 305.0
25335 848.0 272.0
25347 817.0 240.0
25359 785.0 213.0
25370 753.0 189.0
25382 720.0 170.0
25394 688.0 153.0
25406 656.0 140.0
25418 626.0 130.0
25429 598.0 125.0
25441 571.0 123.0
25453 545.0 127.0
25465 521.0 134.0
25476 498.0 145.0
25488 478.0 160.0
25500 460.0 177.0
25512 447.0 195.0
25523 436.0 217.0
25535 431.0 239.0
25547 429.0 262.0
25559 432.0 285.0
25571 439.0 309.0
25583 450.0 333.0
25594 465.0 357.0
25606 482.0 379.0
25618 504.0 400.0
25629 529.0 418.0
25642 558.0 434.0
25653 590.0 449.0
25665 626.0 461.0
25677 664.0 472.0
25689 706.0 481.0
25700 750.0 489.0
25712 795.0 495.0
25725 842.0 499.0
25736 891.0 503.0
25748 941.0 503.0
25760 993.0 502.0
25771 1044.0 499.0
25783 1094.0 495.0
25795 1144.0 488.0
25807 1194.0 479.0
25819 1245.0 469.0
25831 1294.0 456.0
25843 1339.0 442.0
25854 1382.0 426.0
25866 1420.0 409.0
25878 1454.0 391.0
25890 1484.0 370.0
25902 1509.0 347.0
25914 1530.0 323.0
25925 1547.0 300.0
25937 1559.0 277.0
25949 1567.0 256.0
25961 1569.0 237.0
25973 1566.0 219.0
25984 1560.0 203.0
25996 1549.0 188.0
26008 1534.0 174.0
26020 1516.0 162.0
26031 1493.0 152.0
26043 1467.0 146.0
26055 1438.0 142.0
26067 1407.0 142.0
26078 1376.0 145.0
26090 1344.0 149.0
26102 1312.0 157.0
26114 1279.0 166.0
26126 1247.0 178.0
26137 1215.0 195.0
26149 1182.0 213.0
26161 1150.0 235.0
26173 1118.0 259.0
26185 1087.0 286.0
26197 1057.0 316.0
26208 1028.0 347.0
26220 1000.0 380.0
26232 973.0 416.0
26244 948.0 454.0
26256 925.0 494.0
26268 904.0 535.0
26279 885.0 577.0
26291 867.0 619.0
26303 849.0 662.0
26315 835.0 705.0
26327 822.0 748.0
26339 812.0 790.0
26351 806.0 829.0
26362 802.0 867.0
26374 802.0 901.0
26386 805.0 934.0
26398 811.0 965.0
26410 819.0 992.0
26422 829.0 1016.0
26434 843.0 1036.0
26446 858.0 1053.0
26458 874.0 1065.0
26470 892.0 1074.0
26482 912.0 1077.0
26493 933.0 1075.0
26506 953.0 1068.0
26518 972.0 1056.0
26529 990.0 1039.0
26541 1006.0 1019.0
26553 1021.0 994.0
26565 1034.0 967.0
26577 1045.0 936.0
26589 1052.0 905.0
26601 1057.0 870.0
26613 1060.0 834.0
26624 1059.0 797.0
26636 1056.0 759.0
26648 1052.0 721.0
26660 1045.0 680.0
26672 1036.0 638.0
26684 1026.0 596.0
26696 1016.0 553.0
26708 1003.0 510.0
26719 987.0 467.0
26731 970.0 426.0
26743 951.0 387.0
26755 929.0 351.0
26766 907.0 318.0
26778 883.0 286.0
26790 856.0 257.0
26802 826.0 229.0
26814 796.0 203.0
26825 767.0 179.0
26837 737.0 160.0
26849 707.0 143.0
26860 677.0 131.0
26872 647.0 122.0
26884 616.0 118.0
26896 585.0 118.0
26907 556.0 123.0
26919 528.0 134.0
26931 504.0 146.0
26943 481.0 162.0
26954 464.0 180.0
26966 451.0 200.0
26978 441.0 221.0
26990 437.0 244.0
27002 437.0 266.0
27013 442.0 290.0
27025 451.0 313.0
27037 464.0 336.0
27049 482.0 358.0
27061 503.0 378.0
27072 529.0 396.0
27084 559.0 411.0
27096 591.0 423.0
27108 628.0 434.0
27120 666.0 444.0
27132 708.0 452.0
27143 751.0 459.0
27155 796.0 464.0
27167 841.0 468.0
27179 887.0 470.0
27191 935.0 470.0
27203 984.0 467.0
27215 1032.0 463.0
27226 1079.0 456.0
27238 1125.0 446.0
27250 1171.0 436.0
27262 1214.0 424.0
27274 1255.0 411.0
27286 1294.0 398.0
27297 1332.0 383.0
27309 1366.0 367.0
27321 1398.0 349.0
27333 1425.0 329.0
27344 1450.0 309.0
27356 1469.0 289.0
27368 1485.0 269.0
27380 1495.0 250.0
27391 1502.0 232.0
27403 1506.0 214.0
27415 1505.0 197.0
27427 1502.0 182.0
27439 1494.0 169.0
27450 1484.0 158.0
27462 1469.0 148.0
27474 1451.0 141.0
27486 1427.0 138.0
27497 1400.0 136.0
27509 1370.0 140.0
27521 1338.0 146.0
27533 1304.0 154.0
27544 1269.0 164.0
27556 1234.0 177.0
27568 1199.0 194.0
27580 1166.0 212.0
27592 1133.0 233.0
27603 1102.0 257.0
27615 1072.0 281.0
27627 1044.0 309.0
27639 1018.0 339.0
27651 993.0 370.0
27662 968.0 404.0
27674 943.0 441.0
27686 921.0 479.0
27698 901.0 518.0
27710 883.0 558.0
27722 865.0 599.0
27733 850.0 640.0
27745 837.0 682.0
27757 826.0 723.0
27769 817.0 764.0
27781 812.0 803.0
27793 809.0 840.0
27805 809.0 875.0
27817 811.0 908.0
27828 814.0 939.0
27840 820.0 969.0
27853 828.0 995.0
27864 838.0 1019.0
27876 849.0 1039.0
27888 862.0 1055.0
27900 877.0 1066.0
27912 894.0 1074.0
27924 911.0 1075.0
27936 930.0 1071.0
27948 949.0 1060.0
27960 968.0 1044.0
27972 986.0 1025.0
27984 1002.0 1000.0
27995 1017.0 974.0
28007 1029.0 945.0
28020 1040.0 914.0
28031 1050.0 880.0
28043 1056.0 843.0
28055 1060.0 805.0
28067 1061.0 767.0
28079 1058.0 727.0
28091 1053.0 685.0
28102 1044.0 642.0
28114 1033.0 599.0
28126 1019.0 557.0
28138 1002.0 515.0
28150 983.0 473.0
28161 961.0 433.0
28173 937.0 394.0
28185 912.0 359.0
28197 886.0 327.0
28209 858.0 297.0
28221 828.0 269.0
28232 798.0 244.0
28244 767.0 221.0
28256 736.0 202.0
28267 705.0 186.0
28279 675.0 174.0
28291 645.0 165.0
28303 617.0 160.0
28315 590.0 159.0
28326 565.0 161.0
28338 540.0 166.0
28350 519.0 176.0
28362 501.0 188.0
28373 484.0 204.0
28385 471.0 221.0
28397 461.0 241.0
28409 456.0 263.0
28421 454.0 287.0
28433 456.0 311.0
28444 461.0 336.0
28456 472.0 360.0
28468 486.0 382.0
28480 505.0 402.0
28491 529.0 420.0
28503 556.0 434.0
28516 588.0 447.0
28527 624.0 458.0
28539 663.0 467.0
28551 706.0 473.0
28562 751.0 477.0
28574 798.0 479.0
28586 847.0 480.0
28598 898.0 479.0
28610 950.0 477.0
28622 1002.0 473.0
28633 1054.0 466.0
28645 1104.0 456.0
28657 1153.0 445.0
28669 1199.0 432.0
28680 1245.0 420.0
28692 1287.0 406.0
28704 1326.0 392.0
28716 1363.0 377.0
28728 1396.0 360.0
28740 1426.0 343.0
28752 1452.0 323.0
28763 1476.0 303.0
28775 1496.0 282.0
28787 1513.0 262.0
28799 1526.0 243.0
28810 1535.0 224.0
28822 1539.0 206.0
28834 1540.0 188.0
28846 1537.0 172.0
28858 1531.0 159.0
28869 1520.0 147.0
28881 1505.0 136.0
28893 1486.0 129.0
28905 1463.0 125.0
28917 1437.0 123.0
28928 1407.0 125.0
28940 1376.0 130.0
28952 1342.0 138.0
28964 1309.0 148.0
28975 1274.0 160.0
28987 1241.0 176.0
28999 1208.0 193.0
29011 1176.0 215.0
29023 1144.0 239.0
29034 1114.0 267.0
29046 1084.0 298.0
29058 1054.0 329.0
29070 1025.0 363.0
29082 996.0 399.0
29093 968.0 437.0
29105 942.0 476.0
29117 917.0 517.0
29129 895.0 559.0
29141 875.0 600.0
29153 857.0 642.0
29165 843.0 685.0
29177 832.0 726.0
29189 823.0 766.0
29200 818.0 805.0
29212 815.0 843.0
29224 817.0 878.0
29236 820.0 911.0
29248 825.0 942.0
29260 833.0 971.0
29272 841.0 998.0
29284 849.0 1023.0
29296 859.0 1044.0
29307 870.0 1061.0
29319 884.0 1075.0
29332 899.0 1084.0
29343 916.0 1087.0
29355 935.0 1084.0
29367 954.0 1076.0
29379 974.0 1062.0
29391 992.0 1044.0
29403 1009.0 1021.0
29415 1024.0 996.0
29427 1038.0 967.0
29439 1049.0 937.0
29450 1058.0 906.0
29462 1064.0 872.0
29474 1068.0 838.0
29486 1068.0 802.0
29498 1065.0 767.0
29510 1060.0 729.0
29522 1051.0 691.0
29533 1040.0 652.0
29545 1027.0 613.0
29557 1013.0 574.0
29569 995.0 535.0
29581 975.0 497.0
29592 952.0 459.0
29604 927.0 421.0
29616 901.0 387.0
29628 875.0 355.0
29639 849.0 324.0
29651 824.0 295.0
29663 798.0 267.0
29675 773.0 241.0
29687 747.0 217.0
29698 722.0 199.0
29710 696.0 183.0
29722 669.0 173.0
29734 642.0 167.0
29745 615.0 168.0
29757 588.0 175.0
29769 562.0 187.0
29781 539.0 204.0
29792 519.0 223.0
29804 503.0 243.0
29816 491.0 264.0
29828 482.0 286.0
29840 479.0 308.0
29851 479.0 332.0
29863 483.0 357.0
29875 492.0 383.0
29887 504.0 408.0
29898 521.0 431.0
29910 540.0 454.0
29922 563.0 474.0
29934 590.0 492.0
29946 622.0 510.0
29958 656.0 524.0
29969 693.0 534.0
29981 731.0 542.0
29993 769.0 546.0
