968 1414.0 440.0
979 1403.0 438.0
992 1374.0 431.0
1003 1329.0 421.0
1015 1274.0 411.0
1027 1216.0 402.0
1039 1165.0 396.0
1050 1110.0 391.0
1062 1052.0 388.0
1074 994.0 387.0
1086 935.0 387.0
1098 875.0 388.0
1109 813.0 391.0
1122 750.0 396.0
1133 689.0 402.0
1145 629.0 409.0
1157 572.0 417.0
1169 518.0 428.0
1180 466.0 441.0
1192 416.0 456.0
1204 370.0 472.0
1216 330.0 491.0
1228 294.0 511.0
1240 264.0 532.0
1252 238.0 555.0
1264 218.0 580.0
1275 203.0 606.0
1287 194.0 631.0
1299 190.0 656.0
1311 192.0 679.0
1323 200.0 700.0
1335 215.0 719.0
1347 236.0 736.0
1359 265.0 752.0
1370 299.0 766.0
1382 338.0 777.0
1394 383.0 787.0
1406 431.0 796.0
1418 484.0 805.0
1430 540.0 811.0
1442 600.0 815.0
1454 665.0 817.0
1466 733.0 816.0
1477 805.0 814.0
1489 880.0 810.0
1501 957.0 804.0
1513 1035.0 796.0
1525 1113.0 789.0
1537 1190.0 781.0
1549 1266.0 774.0
1560 1339.0 766.0
1572 1411.0 756.0
1584 1478.0 743.0
1596 1540.0 729.0
1608 1595.0 714.0
1620 1645.0 700.0
1631 1689.0 686.0
1643 1726.0 672.0
1655 1756.0 658.0
1667 1780.0 644.0
1679 1796.0 630.0
1690 1806.0 616.0
1702 1808.0 602.0
1714 1804.0 586.0
1726 1791.0 568.0
1738 1769.0 549.0
1750 1736.0 530.0
1762 1696.0 512.0
1773 1650.0 495.0
1785 1600.0 480.0
1797 1546.0 466.0
1809 1489.0 452.0
1820 1428.0 439.0
1832 1364.0 425.0
1844 1297.0 413.0
1856 1227.0 402.0
1868 1155.0 391.0
1880 1081.0 383.0
1891 1007.0 378.0
1903 933.0 376.0
1915 859.0 376.0
1927 787.0 379.0
1939 716.0 384.0
1950 647.0 393.0
1962 580.0 405.0
1974 517.0 421.0
1986 457.0 439.0
1998 401.0 460.0
2010 349.0 483.0
2022 303.0 507.0
2033 263.0 530.0
2045 230.0 553.0
2057 205.0 575.0
2069 186.0 597.0
2081 174.0 618.0
2093 167.0 638.0
2104 167.0 657.0
2116 174.0 675.0
2128 187.0 692.0
2140 206.0 708.0
2152 231.0 723.0
2164 262.0 737.0
2176 297.0 752.0
2188 337.0 766.0
2199 382.0 778.0
2212 433.0 788.0
2223 488.0 796.0
2235 548.0 803.0
2247 612.0 808.0
2259 678.0 811.0
2271 745.0 812.0
2283 814.0 812.0
2295 885.0 809.0
2306 957.0 804.0
2318 1031.0 797.0
2330 1104.0 789.0
2342 1176.0 781.0
2354 1247.0 774.0
2366 1315.0 767.0
2377 1380.0 760.0
2389 1441.0 753.0
2401 1499.0 744.0
2413 1554.0 735.0
2425 1604.0 726.0
2437 1650.0 714.0
2449 1690.0 701.0
2461 1724.0 685.0
2472 1752.0 669.0
2484 1775.0 653.0
2496 1792.0 636.0
2508 1802.0 618.0
2520 1807.0 600.0
2532 1805.0 581.0
2543 1797.0 562.0
2555 1782.0 541.0
2567 1759.0 518.0
2579 1730.0 496.0
2591 1694.0 474.0
2602 1652.0 452.0
2614 1606.0 431.0
2626 1555.0 411.0
2638 1499.0 392.0
2650 1440.0 375.0
2661 1377.0 361.0
2673 1310.0 349.0
2685 1240.0 340.0
2697 1169.0 334.0
2708 1097.0 330.0
2720 1022.0 327.0
2732 946.0 327.0
2744 870.0 328.0
2756 795.0 331.0
2768 721.0 336.0
2779 649.0 344.0
2791 580.0 357.0
2803 514.0 373.0
2815 450.0 392.0
2827 391.0 413.0
2839 338.0 436.0
2851 291.0 461.0
2862 251.0 486.0
2874 217.0 513.0
2886 190.0 539.0
2898 169.0 565.0
2910 157.0 589.0
2921 151.0 612.0
2933 151.0 634.0
2945 157.0 655.0
2957 171.0 675.0
2969 190.0 695.0
2981 216.0 713.0
2993 248.0 729.0
3005 286.0 744.0
3017 330.0 757.0
3028 380.0 769.0
3040 434.0 778.0
3052 491.0 786.0
3064 553.0 793.0
3076 619.0 799.0
3088 690.0 804.0
3100 764.0 807.0
3112 840.0 809.0
3124 917.0 809.0
3136 995.0 806.0
3147 1071.0 802.0
3159 1147.0 797.0
3171 1221.0 792.0
3183 1293.0 786.0
3195 1364.0 779.0
3207 1432.0 773.0
3219 1497.0 765.0
3230 1558.0 757.0
3242 1613.0 747.0
3254 1661.0 737.0
3266 1703.0 726.0
3278 1739.0 714.0
3290 1768.0 701.0
3301 1790.0 687.0
3314 1805.0 672.0
3325 1814.0 657.0
3337 1817.0 641.0
3349 1814.0 624.0
3361 1804.0 605.0
3372 1787.0 584.0
3384 1762.0 562.0
3396 1730.0 540.0
3408 1690.0 519.0
3420 1647.0 498.0
3432 1599.0 479.0
3444 1548.0 460.0
3455 1492.0 443.0
3467 1434.0 426.0
3479 1372.0 412.0
3490 1306.0 398.0
3502 1237.0 388.0
3514 1165.0 380.0
3526 1092.0 375.0
3538 1017.0 372.0
3550 943.0 370.0
3561 869.0 369.0
3573 796.0 371.0
3585 726.0 374.0
3597 658.0 381.0
3608 592.0 390.0
3620 527.0 402.0
3632 464.0 417.0
3644 404.0 435.0
3656 349.0 454.0
3668 299.0 474.0
3679 255.0 496.0
3691 216.0 519.0
3703 183.0 543.0
3715 156.0 567.0
3727 134.0 593.0
3739 120.0 619.0
3751 113.0 645.0
3762 113.0 670.0
3774 121.0 694.0
3786 136.0 718.0
3798 159.0 739.0
3810 190.0 758.0
3822 227.0 773.0
3834 270.0 786.0
3846 318.0 797.0
3857 372.0 806.0
3869 432.0 812.0
3881 497.0 816.0
3893 567.0 819.0
3905 642.0 820.0
3917 721.0 819.0
3929 814.0 816.0
3940 916.0 810.0
3953 995.0 804.0
3964 1063.0 797.0
3976 1136.0 790.0
3988 1212.0 781.0
4000 1287.0 772.0
4012 1359.0 763.0
4023 1427.0 752.0
4035 1491.0 740.0
4048 1549.0 727.0
4059 1601.0 714.0
4071 1647.0 698.0
4083 1686.0 683.0
4095 1719.0 667.0
4106 1745.0 652.0
4119 1765.0 636.0
4130 1778.0 621.0
4142 1786.0 606.0
4154 1786.0 590.0
4166 1778.0 573.0
4178 1762.0 553.0
4189 1736.0 533.0
4201 1701.0 513.0
4213 1659.0 495.0
4225 1610.0 478.0
4237 1555.0 462.0
4249 1496.0 447.0
4260 1433.0 434.0
4272 1366.0 421.0
4284 1295.0 411.0
4296 1222.0 401.0
4308 1147.0 393.0
4319 1070.0 387.0
4331 992.0 384.0
4343 915.0 383.0
4355 838.0 384.0
4367 761.0 387.0
4379 686.0 393.0
4390 611.0 401.0
4402 539.0 413.0
4414 471.0 427.0
4426 406.0 444.0
4438 346.0 465.0
4450 291.0 488.0
4461 242.0 512.0
4473 198.0 538.0
4485 161.0 564.0
4497 132.0 590.0
4509 111.0 616.0
4521 97.0 640.0
4532 91.0 664.0
4544 92.0 687.0
4556 100.0 709.0
4568 115.0 730.0
4580 138.0 749.0
4592 168.0 766.0
4604 205.0 782.0
4615 247.0 795.0
4627 295.0 806.0
4639 346.0 815.0
4651 400.0 823.0
4663 457.0 830.0
4675 517.0 837.0
4687 580.0 844.0
4699 646.0 849.0
4711 716.0 852.0
4723 787.0 854.0
4734 860.0 852.0
4746 935.0 849.0
4758 1009.0 845.0
4770 1083.0 838.0
4782 1154.0 830.0
4794 1224.0 823.0
4806 1292.0 817.0
4817 1358.0 810.0
4829 1421.0 802.0
4841 1481.0 792.0
4854 1537.0 782.0
4865 1587.0 770.0
4877 1630.0 757.0
4889 1667.0 744.0
4901 1697.0 731.0
4912 1723.0 717.0
4924 1743.0 702.0
4936 1758.0 687.0
4948 1766.0 673.0
4960 1766.0 657.0
4972 1759.0 638.0
4983 1743.0 618.0
4996 1719.0 597.0
5007 1686.0 577.0
5019 1647.0 558.0
5031 1603.0 540.0
5043 1557.0 523.0
5055 1507.0 506.0
5066 1452.0 490.0
5078 1394.0 475.0
5090 1333.0 460.0
5102 1268.0 448.0
5113 1198.0 437.0
5125 1127.0 429.0
5137 1054.0 424.0
5149 981.0 421.0
5161 909.0 420.0
5172 837.0 421.0
5185 766.0 424.0
5196 695.0 430.0
5208 624.0 440.0
5220 555.0 453.0
5231 489.0 469.0
5244 427.0 487.0
5255 370.0 506.0
5267 317.0 527.0
5279 270.0 548.0
5291 231.0 570.0
5303 199.0 592.0
5315 174.0 614.0
5327 157.0 636.0
5338 147.0 657.0
5350 144.0 678.0
5362 149.0 699.0
5374 160.0 718.0
5386 177.0 736.0
5397 202.0 754.0
5409 234.0 769.0
5421 272.0 782.0
5433 317.0 792.0
5445 367.0 801.0
5457 421.0 808.0
5469 480.0 814.0
5480 543.0 818.0
5493 609.0 821.0
5505 679.0 822.0
5516 751.0 822.0
5528 826.0 820.0
5540 903.0 818.0
5552 980.0 815.0
5564 1056.0 811.0
5576 1132.0 805.0
5588 1207.0 798.0
5599 1279.0 790.0
5611 1348.0 782.0
5623 1414.0 774.0
5635 1476.0 766.0
5647 1533.0 755.0
5659 1583.0 743.0
5671 1628.0 730.0
5682 1667.0 716.0
5694 1700.0 701.0
5706 1727.0 686.0
5718 1748.0 672.0
5730 1763.0 656.0
5742 1771.0 641.0
5754 1774.0 624.0
5765 1770.0 606.0
5777 1759.0 586.0
5789 1738.0 564.0
5801 1708.0 542.0
5813 1671.0 522.0
5825 1626.0 504.0
5837 1576.0 487.0
5848 1521.0 472.0
5860 1462.0 458.0
5872 1399.0 444.0
5884 1332.0 431.0
5896 1262.0 421.0
5907 1188.0 413.0
5919 1114.0 406.0
5931 1038.0 401.0
5943 964.0 397.0
5955 891.0 396.0
5966 817.0 399.0
5978 743.0 403.0
5990 670.0 410.0
6002 598.0 420.0
6014 530.0 432.0
6026 465.0 447.0
6037 405.0 464.0
6049 350.0 482.0
6061 300.0 502.0
6073 254.0 524.0
6085 213.0 547.0
6097 179.0 572.0
6108 152.0 596.0
6120 133.0 619.0
6132 122.0 643.0
6144 120.0 666.0
6156 125.0 688.0
6168 137.0 709.0
6180 157.0 728.0
6191 185.0 746.0
6203 220.0 762.0
6215 263.0 774.0
6227 312.0 785.0
6239 368.0 792.0
6251 430.0 797.0
6263 497.0 801.0
6274 569.0 805.0
6286 644.0 808.0
6298 720.0 810.0
6310 798.0 811.0
6322 876.0 810.0
6334 956.0 808.0
6346 1035.0 804.0
6358 1113.0 799.0
6369 1189.0 793.0
6381 1263.0 786.0
6393 1333.0 779.0
6405 1398.0 772.0
6417 1459.0 764.0
6429 1515.0 754.0
6441 1565.0 743.0
6452 1609.0 732.0
6464 1646.0 720.0
6476 1677.0 706.0
6488 1702.0 690.0
6500 1722.0 672.0
6512 1738.0 654.0
6524 1748.0 636.0
6535 1755.0 617.0
6547 1757.0 598.0
6559 1753.0 577.0
6571 1744.0 554.0
6583 1725.0 530.0
6595 1698.0 505.0
6606 1662.0 481.0
6618 1619.0 460.0
6630 1569.0 440.0
6641 1515.0 423.0
6653 1458.0 407.0
6665 1397.0 392.0
6677 1333.0 379.0
6689 1264.0 367.0
6700 1192.0 357.0
6712 1117.0 348.0
6724 1039.0 341.0
6736 960.0 337.0
6748 880.0 334.0
6760 801.0 334.0
6771 724.0 338.0
6783 649.0 345.0
6795 577.0 356.0
6807 508.0 371.0
6819 444.0 390.0
6831 384.0 410.0
6842 331.0 432.0
6854 285.0 454.0
6866 246.0 477.0
6878 213.0 500.0
6890 187.0 524.0
6902 167.0 548.0
6914 155.0 571.0
6925 149.0 594.0
6937 151.0 616.0
6949 159.0 638.0
6961 175.0 660.0
6973 199.0 681.0
6985 230.0 700.0
6997 267.0 717.0
7008 310.0 732.0
7020 357.0 744.0
7033 408.0 756.0
7044 462.0 767.0
7056 520.0 775.0
7068 583.0 782.0
7080 649.0 788.0
7092 719.0 792.0
7104 791.0 796.0
7116 865.0 797.0
7127 941.0 796.0
7139 1018.0 794.0
7151 1094.0 788.0
7163 1170.0 782.0
7175 1243.0 775.0
7187 1312.0 767.0
7199 1378.0 759.0
7211 1440.0 749.0
7222 1497.0 740.0
7234 1550.0 730.0
7246 1598.0 720.0
7258 1641.0 708.0
7270 1678.0 695.0
7282 1710.0 681.0
7293 1737.0 667.0
7305 1758.0 651.0
7317 1772.0 635.0
7329 1782.0 618.0
7341 1787.0 601.0
7353 1787.0 584.0
7364 1779.0 566.0
7377 1765.0 545.0
7388 1744.0 523.0
7400 1715.0 502.0
7412 1680.0 482.0
7423 1640.0 462.0
7435 1596.0 444.0
7447 1547.0 428.0
7459 1494.0 413.0
7471 1437.0 399.0
7483 1376.0 387.0
7495 1311.0 378.0
7506 1243.0 370.0
7518 1173.0 365.0
7530 1103.0 361.0
7542 1032.0 359.0
7553 961.0 358.0
7565 890.0 360.0
7577 819.0 364.0
7589 749.0 370.0
7601 681.0 378.0
7613 615.0 389.0
7624 552.0 402.0
7636 493.0 417.0
7648 439.0 433.0
7660 389.0 451.0
7672 344.0 470.0
7683 304.0 489.0
7696 269.0 510.0
7707 240.0 533.0
7719 215.0 557.0
7731 195.0 581.0
7743 180.0 604.0
7755 171.0 628.0
7767 168.0 651.0
7779 172.0 672.0
7790 183.0 692.0
7802 200.0 712.0
7815 224.0 729.0
7826 254.0 744.0
7838 291.0 758.0
7850 333.0 769.0
7862 381.0 777.0
7874 434.0 783.0
7886 493.0 786.0
7898 555.0 788.0
7909 622.0 788.0
7921 693.0 788.0
7933 766.0 786.0
7945 840.0 784.0
7957 915.0 780.0
7969 990.0 775.0
7980 1063.0 770.0
7992 1137.0 764.0
8004 1210.0 758.0
8016 1282.0 752.0
8028 1351.0 746.0
8040 1417.0 739.0
8052 1480.0 732.0
8063 1537.0 725.0
8075 1588.0 717.0
8087 1634.0 707.0
8099 1674.0 695.0
8111 1708.0 683.0
8123 1737.0 670.0
8135 1760.0 656.0
8146 1776.0 641.0
8158 1788.0 627.0
8170 1794.0 613.0
8182 1794.0 599.0
8194 1789.0 584.0
8205 1777.0 566.0
8217 1759.0 547.0
8229 1732.0 526.0
8241 1699.0 505.0
8253 1659.0 485.0
8265 1613.0 467.0
8277 1563.0 451.0
8288 1509.0 436.0
8300 1452.0 422.0
8312 1392.0 409.0
8323 1330.0 398.0
8335 1265.0 388.0
8347 1198.0 380.0
8359 1129.0 375.0
8371 1059.0 371.0
8383 988.0 370.0
8394 917.0 372.0
8406 844.0 376.0
8418 772.0 384.0
8430 700.0 394.0
8441 631.0 407.0
8453 565.0 421.0
8465 504.0 436.0
8477 446.0 453.0
8489 392.0 471.0
8501 344.0 490.0
8513 300.0 511.0
8524 260.0 533.0
8536 226.0 555.0
8548 198.0 577.0
8560 175.0 601.0
8572 159.0 624.0
8584 150.0 647.0
8595 148.0 670.0
8607 152.0 692.0
8619 163.0 713.0
8631 181.0 733.0
8643 207.0 751.0
8655 239.0 767.0
8666 277.0 780.0
8678 320.0 790.0
8690 367.0 799.0
8702 420.0 805.0
8714 478.0 810.0
8726 540.0 812.0
8738 605.0 813.0
8750 674.0 813.0
8761 746.0 811.0
8773 821.0 809.0
8785 896.0 805.0
8797 972.0 799.0
8809 1048.0 792.0
8821 1123.0 784.0
8833 1197.0 776.0
8845 1268.0 768.0
8856 1335.0 758.0
8868 1397.0 747.0
8880 1454.0 736.0
8892 1506.0 724.0
8904 1551.0 712.0
8916 1591.0 698.0
8928 1626.0 685.0
8939 1656.0 671.0
8951 1681.0 657.0
8963 1701.0 643.0
8975 1716.0 629.0
8987 1725.0 613.0
8999 1727.0 596.0
9010 1724.0 578.0
9022 1714.0 558.0
9034 1696.0 538.0
9046 1671.0 518.0
9058 1639.0 498.0
9070 1600.0 479.0
9081 1555.0 461.0
9093 1505.0 445.0
9105 1451.0 430.0
9117 1394.0 416.0
9128 1334.0 404.0
9140 1270.0 393.0
9152 1204.0 384.0
9164 1135.0 378.0
9176 1064.0 374.0
9188 992.0 373.0
9199 919.0 373.0
9211 846.0 376.0
9223 773.0 380.0
9235 702.0 386.0
9246 635.0 394.0
9258 570.0 405.0
9270 508.0 417.0
9282 449.0 430.0
9294 394.0 446.0
9306 344.0 464.0
9318 297.0 484.0
9329 256.0 506.0
9341 219.0 529.0
9353 188.0 553.0
9365 163.0 577.0
9377 146.0 599.0
9389 135.0 621.0
9400 130.0 642.0
9412 132.0 663.0
9425 140.0 684.0
9436 154.0 704.0
9448 175.0 722.0
9460 201.0 740.0
9472 235.0 756.0
9483 275.0 771.0
9496 320.0 783.0
9508 369.0 793.0
9519 424.0 801.0
9531 484.0 807.0
9543 546.0 812.0
9555 612.0 815.0
9567 682.0 815.0
9579 754.0 815.0
9591 829.0 814.0
9602 906.0 810.0
9614 984.0 805.0
9626 1060.0 798.0
9638 1135.0 790.0
9650 1209.0 782.0
9662 1279.0 774.0
9674 1345.0 766.0
9685 1407.0 758.0
9697 1464.0 750.0
9709 1517.0 741.0
9721 1565.0 732.0
9733 1607.0 723.0
9745 1642.0 712.0
9757 1672.0 699.0
9768 1697.0 685.0
9781 1717.0 671.0
9792 1732.0 655.0
9804 1742.0 640.0
9816 1747.0 624.0
9828 1747.0 607.0
9840 1742.0 588.0
9851 1730.0 567.0
9863 1710.0 545.0
9875 1683.0 521.0
9887 1648.0 499.0
9899 1606.0 478.0
9910 1559.0 459.0
9922 1509.0 441.0
9934 1454.0 425.0
9946 1397.0 411.0
9958 1335.0 399.0
9969 1269.0 389.0
9981 1199.0 381.0
9993 1126.0 377.0
10005 1050.0 376.0
10017 973.0 377.0
10028 895.0 381.0
10040 819.0 388.0
10052 744.0 397.0
10064 671.0 409.0
10076 600.0 422.0
10087 534.0 438.0
10099 471.0 455.0
10111 414.0 474.0
10123 361.0 493.0
10135 315.0 514.0
10147 275.0 534.0
10159 242.0 554.0
10170 215.0 573.0
10183 196.0 592.0
10194 182.0 611.0
10206 173.0 630.0
10218 171.0 649.0
10230 175.0 668.0
10242 186.0 686.0
10254 202.0 703.0
10265 224.0 718.0
10278 252.0 730.0
10289 286.0 740.0
10301 325.0 749.0
10313 369.0 757.0
10325 418.0 765.0
10337 471.0 770.0
10349 527.0 774.0
10361 588.0 777.0
10373 652.0 778.0
10384 719.0 779.0
10396 789.0 778.0
10408 860.0 777.0
10420 932.0 775.0
10432 1004.0 773.0
10444 1075.0 769.0
10456 1144.0 765.0
10467 1213.0 760.0
10480 1281.0 754.0
10491 1346.0 749.0
10503 1409.0 745.0
10515 1469.0 740.0
10527 1526.0 733.0
10539 1578.0 726.0
10550 1624.0 717.0
10562 1664.0 705.0
10574 1700.0 691.0
10586 1730.0 676.0
10598 1754.0 660.0
10610 1773.0 644.0
10622 1787.0 629.0
10633 1795.0 614.0
10645 1798.0 599.0
10657 1795.0 583.0
10669 1784.0 565.0
10681 1765.0 544.0
10692 1737.0 523.0
10704 1702.0 502.0
10716 1661.0 482.0
10728 1615.0 464.0
10740 1565.0 446.0
10751 1512.0 430.0
10764 1455.0 415.0
10775 1395.0 401.0
10787 1332.0 389.0
10799 1265.0 379.0
10811 1195.0 371.0
10823 1124.0 364.0
10834 1051.0 359.0
10846 976.0 355.0
10858 901.0 356.0
10869 826.0 359.0
10881 753.0 365.0
10893 681.0 373.0
10905 613.0 384.0
10917 547.0 398.0
10929 486.0 413.0
10940 429.0 429.0
10952 376.0 448.0
10964 330.0 468.0
10976 289.0 489.0
10988 254.0 510.0
11000 225.0 531.0
11011 201.0 552.0
11024 185.0 573.0
11035 174.0 593.0
11047 170.0 613.0
11059 173.0 633.0
11071 183.0 654.0
11083 198.0 676.0
11095 218.0 697.0
11106 244.0 717.0
11118 275.0 735.0
11130 312.0 750.0
11142 355.0 764.0
11154 403.0 774.0
11166 456.0 782.0
11178 514.0 787.0
11189 575.0 791.0
11201 640.0 794.0
11213 707.0 796.0
11225 777.0 795.0
11237 848.0 793.0
11249 921.0 789.0
11261 995.0 785.0
11273 1069.0 780.0
11284 1142.0 775.0
11297 1216.0 769.0
11308 1288.0 762.0
11320 1359.0 754.0
11332 1428.0 747.0
11344 1493.0 739.0
11356 1553.0 733.0
11367 1608.0 726.0
11380 1656.0 717.0
11391 1696.0 707.0
11403 1729.0 695.0
11415 1755.0 683.0
11427 1775.0 671.0
11438 1790.0 659.0
11450 1799.0 647.0
11462 1803.0 634.0
11474 1802.0 621.0
11486 1794.0 605.0
11498 1778.0 586.0
11509 1753.0 567.0
11521 1720.0 548.0
11533 1681.0 532.0
11545 1637.0 517.0
11557 1591.0 502.0
11568 1542.0 488.0
11580 1491.0 474.0
11592 1438.0 462.0
11604 1381.0 451.0
11616 1319.0 440.0
11627 1254.0 432.0
11639 1187.0 427.0
11651 1119.0 423.0
11663 1051.0 420.0
11675 984.0 419.0
11686 918.0 419.0
11698 853.0 420.0
11710 788.0 424.0
11722 725.0 429.0
11734 663.0 437.0
11746 602.0 448.0
11757 544.0 460.0
11769 488.0 473.0
11781 436.0 489.0
11793 388.0 506.0
11805 343.0 525.0
11817 303.0 544.0
11828 267.0 563.0
11840 236.0 582.0
11852 211.0 601.0
11864 192.0 619.0
11876 179.0 637.0
11888 171.0 655.0
11900 170.0 672.0
11912 176.0 688.0
11923 189.0 703.0
11935 208.0 718.0
11947 233.0 731.0
11959 263.0 743.0
11971 298.0 754.0
11983 338.0 762.0
11995 382.0 769.0
12006 431.0 773.0
12018 483.0 777.0
12030 538.0 780.0
12042 597.0 781.0
12054 661.0 782.0
12066 728.0 782.0
12078 798.0 780.0
12089 870.0 777.0
12101 942.0 774.0
12113 1015.0 771.0
12125 1087.0 767.0
12137 1160.0 762.0
12149 1231.0 757.0
12161 1300.0 752.0
12172 1367.0 748.0
12184 1431.0 743.0
12196 1491.0 737.0
12208 1546.0 731.0
12220 1596.0 724.0
12232 1641.0 715.0
12244 1679.0 704.0
12255 1712.0 692.0
12267 1739.0 680.0
12279 1759.0 667.0
12291 1774.0 653.0
12303 1783.0 639.0
12315 1787.0 624.0
12327 1785.0 609.0
12338 1776.0 591.0
12350 1762.0 572.0
12362 1740.0 551.0
12374 1712.0 530.0
12386 1679.0 510.0
12398 1641.0 490.0
12409 1598.0 472.0
12421 1552.0 454.0
12433 1503.0 437.0
12445 1451.0 422.0
12456 1396.0 407.0
12468 1338.0 393.0
12480 1278.0 381.0
12492 1216.0 371.0
12504 1154.0 361.0
12516 1091.0 354.0
12527 1027.0 348.0
12539 962.0 344.0
12551 896.0 343.0
12563 830.0 345.0
12574 765.0 350.0
12586 701.0 357.0
12598 638.0 367.0
12610 577.0 379.0
12622 519.0 391.0
12634 465.0 404.0
12646 412.0 418.0
12657 362.0 433.0
12669 316.0 450.0
12681 274.0 469.0
12693 237.0 490.0
12705 204.0 512.0
12717 175.0 535.0
12728 152.0 558.0
12740 135.0 581.0
12752 124.0 602.0
12764 120.0 622.0
12776 121.0 640.0
12788 128.0 658.0
12800 141.0 675.0
12811 162.0 692.0
12823 189.0 709.0
12835 223.0 725.0
12847 263.0 738.0
12859 306.0 751.0
12871 354.0 762.0
12883 405.0 771.0
12894 459.0 778.0
12906 518.0 784.0
12918 582.0 788.0
12930 650.0 790.0
12942 721.0 790.0
12954 795.0 790.0
12966 871.0 789.0
12978 947.0 787.0
12990 1023.0 785.0
13001 1098.0 781.0
13013 1174.0 777.0
13025 1249.0 772.0
13037 1323.0 766.0
13049 1393.0 759.0
13061 1458.0 750.0
13072 1518.0 740.0
13085 1572.0 730.0
13096 1620.0 720.0
13108 1662.0 709.0
13120 1699.0 697.0
13132 1730.0 685.0
13144 1754.0 672.0
13156 1770.0 658.0
13167 1780.0 644.0
13179 1785.0 630.0
13191 1783.0 615.0
13203 1776.0 598.0
13215 1763.0 581.0
13227 1744.0 561.0
13238 1717.0 541.0
13250 1684.0 521.0
13262 1646.0 501.0
13274 1603.0 482.0
13286 1558.0 464.0
13297 1511.0 446.0
13309 1461.0 429.0
13321 1407.0 412.0
13333 1350.0 397.0
13345 1289.0 383.0
13357 1225.0 372.0
13368 1157.0 362.0
13380 1088.0 355.0
13392 1016.0 350.0
13404 942.0 348.0
13416 867.0 349.0
13427 792.0 352.0
13439 719.0 359.0
13451 647.0 370.0
13463 576.0 383.0
13475 507.0 398.0
13486 441.0 416.0
13498 379.0 436.0
13510 322.0 458.0
13522 272.0 481.0
13534 230.0 504.0
13546 195.0 528.0
13557 167.0 552.0
13569 145.0 575.0
13581 130.0 596.0
13593 123.0 616.0
13605 122.0 635.0
13617 129.0 653.0
13629 141.0 670.0
13641 161.0 685.0
13652 187.0 700.0
13664 219.0 714.0
13676 257.0 727.0
13688 299.0 738.0
13700 346.0 749.0
13712 395.0 758.0
13724 448.0 767.0
13736 503.0 774.0
13747 561.0 779.0
13759 623.0 784.0
13771 688.0 787.0
13783 756.0 790.0
13795 827.0 791.0
13807 899.0 792.0
13819 971.0 791.0
13831 1042.0 790.0
13842 1113.0 788.0
13855 1183.0 785.0
13866 1251.0 781.0
13878 1317.0 777.0
13890 1380.0 771.0
13902 1441.0 765.0
13913 1498.0 756.0
13926 1551.0 747.0
13937 1599.0 737.0
13949 1641.0 727.0
13961 1679.0 714.0
13973 1711.0 700.0
13985 1740.0 685.0
13997 1765.0 670.0
14008 1784.0 655.0
14020 1797.0 639.0
14032 1803.0 623.0
14044 1805.0 607.0
14056 1801.0 590.0
14068 1792.0 572.0
14080 1776.0 552.0
14091 1754.0 530.0
14103 1725.0 507.0
14115 1689.0 485.0
14127 1647.0 464.0
14139 1601.0 444.0
14150 1551.0 426.0
14162 1496.0 409.0
14174 1436.0 394.0
14186 1373.0 381.0
14197 1305.0 371.0
14209 1233.0 362.0
14221 1158.0 356.0
14233 1081.0 351.0
14245 1003.0 348.0
14257 924.0 348.0
14269 845.0 349.0
14280 767.0 354.0
14292 690.0 362.0
14304 617.0 371.0
14316 545.0 381.0
14328 476.0 394.0
14340 410.0 410.0
14351 347.0 427.0
14363 289.0 445.0
14375 237.0 466.0
14387 191.0 488.0
14399 152.0 509.0
14410 120.0 530.0
14423 95.0 550.0
14434 76.0 569.0
14446 63.0 586.0
14458 56.0 603.0
14470 53.0 618.0
14482 56.0 634.0
14494 64.0 651.0
14506 78.0 668.0
14517 99.0 685.0
14529 125.0 702.0
14541 157.0 717.0
14553 195.0 731.0
14565 238.0 743.0
14577 285.0 753.0
14589 337.0 763.0
14600 392.0 770.0
14612 450.0 776.0
14624 511.0 781.0
14636 575.0 786.0
14648 641.0 789.0
14660 711.0 792.0
14672 783.0 793.0
14683 858.0 792.0
14695 934.0 789.0
14707 1011.0 785.0
14719 1088.0 779.0
14731 1164.0 773.0
14743 1238.0 765.0
14755 1308.0 756.0
14766 1374.0 746.0
14778 1437.0 736.0
14790 1495.0 727.0
14802 1547.0 717.0
14814 1593.0 706.0
14826 1633.0 693.0
14837 1667.0 680.0
14849 1694.0 665.0
14861 1715.0 650.0
14873 1731.0 633.0
14885 1742.0 616.0
14897 1748.0 599.0
14908 1750.0 582.0
14920 1747.0 564.0
14932 1738.0 544.0
14944 1721.0 524.0
14956 1698.0 502.0
14968 1669.0 481.0
14979 1633.0 460.0
14991 1591.0 441.0
15003 1544.0 425.0
15015 1493.0 410.0
15027 1438.0 397.0
15039 1381.0 386.0
15050 1320.0 376.0
15062 1256.0 367.0
15074 1189.0 361.0
15086 1119.0 357.0
15098 1049.0 355.0
15109 977.0 356.0
15121 905.0 361.0
15133 833.0 367.0
15145 762.0 374.0
15157 694.0 382.0
15168 626.0 392.0
15180 561.0 403.0
15192 497.0 417.0
15204 437.0 432.0
15216 381.0 450.0
15227 329.0 468.0
15239 281.0 487.0
15251 238.0 507.0
15263 201.0 527.0
15275 170.0 546.0
15286 145.0 566.0
15298 125.0 585.0
15311 111.0 604.0
15322 103.0 622.0
15334 100.0 639.0
15346 103.0 656.0
15358 111.0 673.0
15369 125.0 689.0
15382 144.0 705.0
15394 169.0 721.0
15405 198.0 735.0
15417 232.0 748.0
15429 271.0 760.0
15441 313.0 771.0
15453 359.0 780.0
15465 408.0 787.0
15477 461.0 793.0
15489 518.0 798.0
15500 579.0 803.0
15512 643.0 807.0
15524 710.0 810.0
15536 778.0 811.0
15548 848.0 811.0
15560 918.0 808.0
15572 989.0 803.0
15583 1059.0 796.0
15596 1127.0 788.0
15607 1193.0 779.0
15619 1257.0 771.0
15631 1317.0 762.0
15643 1373.0 752.0
15655 1426.0 741.0
15667 1475.0 730.0
15679 1519.0 720.0
15691 1557.0 708.0
15702 1591.0 694.0
15714 1620.0 680.0
15726 1645.0 665.0
15738 1666.0 649.0
15750 1683.0 633.0
15762 1697.0 618.0
15773 1706.0 602.0
15785 1710.0 586.0
15797 1709.0 568.0
15809 1702.0 547.0
15821 1688.0 525.0
15832 1669.0 503.0
15844 1643.0 482.0
15856 1612.0 462.0
15868 1575.0 443.0
15880 1534.0 426.0
15892 1488.0 411.0
15903 1438.0 399.0
15915 1385.0 387.0
15927 1328.0 378.0
15939 1267.0 370.0
15951 1203.0 363.0
15963 1137.0 358.0
15974 1068.0 354.0
15986 999.0 353.0
15998 928.0 355.0
16010 856.0 359.0
16021 784.0 367.0
16033 713.0 376.0
16045 644.0 386.0
16057 577.0 398.0
16069 514.0 411.0
16081 455.0 423.0
16092 399.0 436.0
16104 347.0 451.0
16116 299.0 468.0
16128 254.0 485.0
16140 214.0 503.0
16152 180.0 522.0
16164 151.0 542.0
16175 129.0 561.0
16187 113.0 579.0
16199 102.0 596.0
16211 98.0 613.0
16222 98.0 629.0
16234 104.0 644.0
16246 115.0 660.0
16258 131.0 676.0
16270 153.0 692.0
16282 182.0 708.0
16294 217.0 722.0
16306 257.0 733.0
16318 300.0 742.0
16330 346.0 750.0
16341 396.0 757.0
16353 448.0 763.0
16365 502.0 769.0
16377 560.0 774.0
16389 621.0 778.0
16401 684.0 781.0
16413 750.0 782.0
16424 819.0 783.0
16436 890.0 782.0
16448 963.0 780.0
16460 1034.0 776.0
16472 1105.0 771.0
16484 1174.0 764.0
16496 1240.0 756.0
16508 1304.0 747.0
16519 1363.0 739.0
16531 1419.0 731.0
16543 1471.0 723.0
16555 1519.0 713.0
16567 1562.0 701.0
16579 1600.0 689.0
16591 1633.0 676.0
16602 1661.0 664.0
16615 1682.0 651.0
16626 1697.0 638.0
16638 1706.0 624.0
16650 1708.0 609.0
16662 1705.0 594.0
16674 1695.0 576.0
16686 1677.0 556.0
16697 1651.0 534.0
16709 1617.0 514.0
16721 1576.0 495.0
16733 1531.0 478.0
16745 1482.0 464.0
16756 1429.0 451.0
16768 1373.0 438.0
16780 1313.0 428.0
16792 1250.0 420.0
16804 1184.0 413.0
16816 1115.0 409.0
16827 1042.0 407.0
16839 968.0 407.0
16851 895.0 408.0
16863 824.0 410.0
16875 756.0 414.0
16887 690.0 419.0
16899 626.0 426.0
16910 565.0 434.0
16922 506.0 446.0
16934 448.0 460.0
16946 393.0 476.0
16957 340.0 493.0
16970 291.0 513.0
16981 245.0 535.0
16993 204.0 557.0
17005 170.0 579.0
17017 141.0 600.0
17029 120.0 621.0
17040 105.0 642.0
17053 96.0 661.0
17065 93.0 680.0
17076 97.0 698.0
17088 105.0 714.0
17100 119.0 730.0
17112 139.0 745.0
17124 165.0 760.0
17136 199.0 775.0
17148 238.0 787.0
17159 281.0 798.0
17171 328.0 808.0
17183 380.0 817.0
17195 436.0 824.0
17207 496.0 830.0
17219 559.0 836.0
17231 625.0 841.0
17243 694.0 843.0
17254 766.0 843.0
17267 840.0 841.0
17278 915.0 838.0
17290 991.0 832.0
17302 1065.0 825.0
17314 1138.0 819.0
17326 1208.0 812.0
17338 1275.0 805.0
17350 1339.0 796.0
17362 1401.0 787.0
17373 1459.0 777.0
17385 1514.0 766.0
17397 1565.0 753.0
17409 1610.0 740.0
17421 1650.0 727.0
17433 1684.0 714.0
17445 1713.0 699.0
17456 1738.0 683.0
17468 1756.0 667.0
17480 1769.0 651.0
17492 1777.0 634.0
17504 1780.0 616.0
17516 1778.0 598.0
17528 1769.0 579.0
17539 1753.0 558.0
17551 1728.0 537.0
17563 1694.0 516.0
17575 1654.0 496.0
17587 1609.0 478.0
17598 1561.0 462.0
17610 1509.0 446.0
17622 1455.0 431.0
17634 1397.0 419.0
17646 1336.0 408.0
17658 1270.0 398.0
17670 1200.0 391.0
17681 1127.0 384.0
17693 1053.0 380.0
17705 977.0 378.0
17717 901.0 377.0
17728 825.0 379.0
17740 750.0 382.0
17752 676.0 389.0
17764 604.0 398.0
17776 535.0 410.0
17788 468.0 423.0
17799 404.0 438.0
17811 344.0 455.0
17823 289.0 475.0
17835 239.0 495.0
17847 194.0 516.0
17859 157.0 536.0
17870 126.0 556.0
17882 102.0 575.0
17894 84.0 594.0
17906 73.0 613.0
17918 69.0 630.0
17929 71.0 646.0
17942 78.0 662.0
17953 92.0 677.0
17965 112.0 693.0
17977 139.0 709.0
17989 171.0 724.0
18001 207.0 738.0
18013 246.0 751.0
18025 289.0 762.0
18037 335.0 772.0
18048 384.0 781.0
18060 438.0 789.0
18072 494.0 796.0
18084 554.0 803.0
18096 616.0 808.0
18108 682.0 811.0
18120 750.0 813.0
18132 820.0 814.0
18143 892.0 813.0
18156 964.0 811.0
18167 1035.0 807.0
18179 1105.0 802.0
18191 1173.0 795.0
18203 1239.0 788.0
18215 1303.0 782.0
18227 1364.0 776.0
18239 1423.0 770.0
18250 1478.0 763.0
18262 1530.0 754.0
18274 1578.0 744.0
18286 1622.0 733.0
18298 1658.0 721.0
18310 1688.0 708.0
18321 1710.0 693.0
18333 1728.0 678.0
18345 1742.0 662.0
18357 1751.0 646.0
18369 1756.0 630.0
18381 1757.0 612.0
18393 1753.0 593.0
18404 1744.0 572.0
18416 1728.0 550.0
18428 1705.0 528.0
18440 1675.0 505.0
18452 1637.0 483.0
18463 1593.0 462.0
18475 1543.0 444.0
18487 1488.0 428.0
18499 1430.0 415.0
18511 1370.0 404.0
18523 1307.0 394.0
18534 1242.0 385.0
18546 1175.0 378.0
18558 1106.0 372.0
18570 1035.0 368.0
18581 962.0 365.0
18594 887.0 364.0
18605 811.0 367.0
18617 736.0 372.0
18629 662.0 380.0
18641 590.0 390.0
18652 522.0 402.0
18664 458.0 416.0
18676 399.0 430.0
18688 345.0 446.0
18700 297.0 462.0
18712 254.0 480.0
18724 216.0 499.0
18735 184.0 517.0
18747 159.0 535.0
18759 141.0 552.0
18771 129.0 568.0
18783 122.0 584.0
18795 121.0 599.0
18807 126.0 614.0
18818 136.0 629.0
18830 152.0 645.0
18842 171.0 662.0
18854 196.0 678.0
18866 225.0 693.0
18877 259.0 708.0
18890 297.0 721.0
18901 339.0 732.0
18913 385.0 741.0
18925 434.0 751.0
18937 486.0 760.0
18949 541.0 769.0
18961 600.0 776.0
18973 663.0 782.0
18984 730.0 786.0
18996 801.0 789.0
19008 875.0 790.0
19020 951.0 789.0
19032 1027.0 785.0
19044 1101.0 780.0
19056 1172.0 772.0
19067 1241.0 763.0
19080 1307.0 753.0
19091 1371.0 741.0
19103 1432.0 731.0
19115 1488.0 720.0
19127 1540.0 708.0
19139 1587.0 695.0
19151 1629.0 682.0
19163 1665.0 668.0
19175 1696.0 654.0
19186 1720.0 641.0
19198 1738.0 627.0
19210 1749.0 616.0
19222 1754.0 603.0
19233 1755.0 589.0
19246 1749.0 574.0
19257 1737.0 556.0
19269 1718.0 537.0
19281 1693.0 518.0
19293 1662.0 500.0
19305 1627.0 483.0
19316 1588.0 468.0
19328 1544.0 455.0
19340 1496.0 441.0
19352 1443.0 429.0
19364 1389.0 418.0
19375 1330.0 408.0
19387 1269.0 400.0
19399 1205.0 394.0
19411 1139.0 388.0
19423 1073.0 384.0
19435 1006.0 381.0
19447 938.0 380.0
19458 869.0 380.0
19470 799.0 381.0
19482 728.0 384.0
19494 658.0 391.0
19505 588.0 400.0
19517 522.0 410.0
19529 457.0 423.0
19541 398.0 438.0
19553 343.0 455.0
19565 294.0 472.0
19577 250.0 492.0
19589 212.0 512.0
19600 180.0 532.0
19612 153.0 552.0
19624 133.0 573.0
19636 119.0 593.0
19648 112.0 611.0
19659 111.0 629.0
19671 116.0 646.0
19683 126.0 663.0
19695 141.0 680.0
19707 161.0 697.0
19719 186.0 714.0
19731 217.0 728.0
19743 253.0 742.0
19754 294.0 754.0
19766 342.0 765.0
19778 395.0 773.0
19790 451.0 779.0
19802 510.0 784.0
19814 574.0 789.0
19826 640.0 793.0
19838 711.0 796.0
19850 784.0 798.0
19862 858.0 799.0
19873 935.0 798.0
19885 1011.0 797.0
19897 1086.0 794.0
19909 1160.0 791.0
19921 1232.0 786.0
19933 1301.0 780.0
19945 1368.0 774.0
19957 1432.0 766.0
19968 1493.0 756.0
19980 1552.0 746.0
19992 1604.0 736.0
20004 1651.0 725.0
20016 1691.0 713.0
20028 1723.0 700.0
20040 1745.0 686.0
20051 1759.0 672.0
20063 1765.0 658.0
20075 1767.0 643.0
20087 1764.0 628.0
20099 1758.0 612.0
20111 1746.0 595.0
20122 1727.0 576.0
20134 1701.0 556.0
20146 1668.0 535.0
20158 1629.0 516.0
20170 1584.0 497.0
20182 1537.0 479.0
20193 1486.0 461.0
20205 1433.0 445.0
20217 1376.0 431.0
20229 1317.0 418.0
20241 1254.0 406.0
20252 1189.0 395.0
20264 1123.0 386.0
20276 1056.0 380.0
20288 989.0 374.0
20300 922.0 370.0
20312 856.0 366.0
20323 789.0 365.0
20335 722.0 366.0
20347 656.0 370.0
20358 591.0 378.0
20370 527.0 388.0
20382 465.0 401.0
20394 405.0 418.0
20406 349.0 435.0
20418 298.0 456.0
20429 253.0 477.0
20442 214.0 500.0
20453 181.0 523.0
20465 154.0 546.0
20477 134.0 569.0
20489 120.0 590.0
20501 113.0 611.0
20513 112.0 632.0
20524 117.0 652.0
20536 128.0 672.0
20548 146.0 692.0
20560 171.0 712.0
20572 201.0 732.0
20584 236.0 751.0
20596 275.0 769.0
20607 319.0 786.0
20619 365.0 800.0
20631 416.0 812.0
20643 469.0 823.0
20655 526.0 833.0
20667 585.0 841.0
20679 648.0 847.0
20690 715.0 851.0
20703 785.0 853.0
20715 858.0 852.0
20726 932.0 849.0
20738 1008.0 842.0
20750 1083.0 833.0
20762 1158.0 823.0
20774 1231.0 810.0
20786 1300.0 797.0
20798 1366.0 784.0
20809 1425.0 769.0
20821 1480.0 752.0
20833 1530.0 735.0
20845 1575.0 716.0
20857 1613.0 696.0
20869 1646.0 674.0
20881 1672.0 653.0
20892 1691.0 632.0
20904 1705.0 611.0
20916 1712.0 592.0
20928 1714.0 573.0
20940 1710.0 554.0
20952 1699.0 534.0
20963 1681.0 513.0
20975 1652.0 492.0
20987 1614.0 472.0
20999 1567.0 454.0
21011 1512.0 440.0
21022 1452.0 429.0
21034 1388.0 418.0
21046 1323.0 410.0
21058 1257.0 401.0
21070 1187.0 394.0
21081 1115.0 387.0
21093 1040.0 384.0
21105 963.0 380.0
21117 884.0 380.0
21129 806.0 381.0
21140 730.0 385.0
21152 656.0 392.0
21164 585.0 402.0
21176 518.0 413.0
21188 454.0 425.0
21200 395.0 439.0
21211 341.0 455.0
21223 293.0 471.0
21235 251.0 488.0
21247 215.0 505.0
21259 187.0 523.0
21271 164.0 541.0
21282 148.0 559.0
21294 138.0 576.0
21306 133.0 593.0
21318 131.0 610.0
21330 135.0 630.0
21341 143.0 650.0
21353 157.0 670.0
21365 175.0 690.0
21377 200.0 709.0
21389 231.0 727.0
21401 267.0 744.0
21413 306.0 758.0
21424 349.0 771.0
21437 394.0 782.0
21448 444.0 792.0
21460 497.0 801.0
21472 555.0 808.0
21484 615.0 813.0
21496 680.0 817.0
21508 746.0 819.0
21520 814.0 819.0
21532 883.0 819.0
21543 954.0 817.0
21555 1025.0 814.0
21568 1097.0 809.0
21579 1168.0 803.0
21591 1239.0 796.0
21603 1307.0 789.0
21615 1374.0 781.0
21627 1435.0 774.0
21639 1492.0 765.0
21650 1543.0 755.0
21662 1588.0 744.0
21674 1626.0 732.0
21686 1657.0 718.0
21698 1682.0 703.0
21710 1702.0 687.0
21722 1716.0 671.0
21733 1725.0 655.0
21745 1728.0 638.0
21757 1727.0 621.0
21769 1721.0 603.0
21781 1709.0 583.0
21793 1689.0 561.0
21805 1663.0 538.0
21816 1631.0 516.0
21828 1593.0 495.0
21840 1552.0 475.0
21852 1506.0 455.0
21864 1455.0 437.0
21875 1401.0 421.0
21887 1341.0 408.0
21899 1279.0 395.0
21911 1212.0 385.0
21923 1142.0 378.0
21934 1070.0 374.0
21946 997.0 372.0
21958 924.0 373.0
21970 849.0 376.0
21982 775.0 382.0
21994 701.0 391.0
22005 629.0 402.0
22017 561.0 415.0
22029 495.0 429.0
22041 435.0 444.0
22053 379.0 461.0
22065 328.0 478.0
22076 283.0 497.0
22088 245.0 516.0
22100 214.0 535.0
22112 188.0 554.0
22124 169.0 572.0
22136 156.0 589.0
22147 149.0 606.0
22159 149.0 623.0
22171 153.0 640.0
22183 164.0 657.0
22195 179.0 676.0
22207 198.0 694.0
22219 222.0 712.0
22230 248.0 730.0
22242 279.0 747.0
22254 313.0 761.0
22266 352.0 773.0
22278 397.0 784.0
22290 444.0 794.0
22302 496.0 803.0
22314 550.0 810.0
22326 609.0 816.0
22337 670.0 820.0
22349 735.0 823.0
22361 801.0 824.0
22373 870.0 822.0
22385 941.0 819.0
22397 1013.0 813.0
22409 1083.0 805.0
22421 1153.0 795.0
22432 1220.0 785.0
22445 1284.0 775.0
22456 1344.0 763.0
22468 1401.0 749.0
22480 1453.0 735.0
22492 1500.0 721.0
22504 1542.0 706.0
22516 1578.0 691.0
22528 1608.0 675.0
22539 1632.0 659.0
22552 1652.0 643.0
22563 1668.0 628.0
22575 1678.0 613.0
22587 1685.0 598.0
22599 1688.0 581.0
22611 1684.0 564.0
22623 1674.0 546.0
22634 1656.0 526.0
22646 1630.0 506.0
22658 1597.0 488.0
22670 1558.0 471.0
22682 1512.0 456.0
22693 1462.0 443.0
22705 1410.0 430.0
22717 1354.0 419.0
22729 1296.0 409.0
22741 1236.0 400.0
22753 1173.0 392.0
22764 1108.0 386.0
22776 1042.0 382.0
22788 976.0 381.0
22800 907.0 382.0
22812 839.0 385.0
22823 772.0 389.0
22835 706.0 396.0
22847 642.0 405.0
22859 581.0 415.0
22871 523.0 425.0
22882 471.0 435.0
22894 421.0 449.0
22906 376.0 464.0
22918 335.0 480.0
22930 298.0 497.0
22941 267.0 514.0
22954 239.0 532.0
22965 217.0 551.0
22977 200.0 570.0
22989 186.0 590.0
23001 176.0 610.0
23013 173.0 630.0
23025 175.0 651.0
23036 183.0 671.0
23048 197.0 690.0
23060 216.0 709.0
23072 241.0 727.0
23084 270.0 743.0
23096 303.0 757.0
23108 341.0 769.0
23120 383.0 780.0
23131 430.0 790.0
23143 482.0 798.0
23155 538.0 804.0
23167 598.0 808.0
23179 663.0 810.0
23191 729.0 810.0
23203 796.0 808.0
23215 865.0 805.0
23227 934.0 800.0
23238 1003.0 794.0
23250 1071.0 788.0
23262 1139.0 781.0
23274 1206.0 773.0
23286 1270.0 765.0
23298 1330.0 756.0
23310 1387.0 746.0
23322 1439.0 736.0
23333 1487.0 724.0
23345 1530.0 712.0
23357 1568.0 698.0
23369 1599.0 684.0
23381 1626.0 670.0
23393 1649.0 657.0
23405 1666.0 643.0
23416 1678.0 630.0
23429 1685.0 615.0
23440 1686.0 599.0
23452 1682.0 582.0
23464 1671.0 562.0
23476 1653.0 541.0
23488 1628.0 519.0
23499 1596.0 498.0
23511 1556.0 478.0
23523 1508.0 458.0
23535 1453.0 440.0
23547 1394.0 423.0
23559 1332.0 410.0
23571 1265.0 398.0
23582 1195.0 389.0
23594 1122.0 384.0
23606 1047.0 381.0
23617 970.0 382.0
23630 892.0 385.0
23641 816.0 389.0
23653 742.0 397.0
23665 668.0 407.0
23677 598.0 417.0
23688 531.0 429.0
23700 467.0 443.0
23712 408.0 459.0
23724 354.0 476.0
23736 305.0 493.0
23748 261.0 511.0
23760 223.0 529.0
23771 190.0 548.0
23783 164.0 566.0
23795 145.0 584.0
23807 132.0 601.0
23819 124.0 618.0
23831 121.0 635.0
23843 124.0 652.0
23855 131.0 670.0
23866 141.0 688.0
23879 157.0 708.0
23891 178.0 727.0
23902 203.0 745.0
23914 235.0 762.0
23926 272.0 776.0
23938 313.0 788.0
23950 359.0 799.0
23962 408.0 808.0
23973 461.0 814.0
23985 520.0 818.0
23997 583.0 820.0
24009 650.0 820.0
24021 721.0 818.0
24033 794.0 815.0
24045 869.0 810.0
24057 945.0 805.0
24069 1020.0 798.0
24081 1094.0 791.0
24092 1168.0 784.0
24104 1240.0 778.0
24116 1309.0 771.0
24128 1375.0 764.0
24140 1435.0 757.0
24152 1491.0 749.0
24164 1540.0 740.0
24176 1583.0 731.0
24187 1620.0 720.0
24199 1651.0 707.0
24212 1677.0 692.0
24223 1699.0 676.0
24235 1716.0 660.0
24247 1728.0 644.0
24259 1736.0 629.0
24270 1739.0 613.0
24282 1736.0 596.0
24295 1728.0 578.0
24306 1714.0 556.0
24318 1693.0 533.0
24330 1665.0 510.0
24342 1631.0 489.0
24353 1591.0 470.0
24365 1545.0 452.0
24377 1493.0 437.0
24389 1437.0 425.0
24401 1377.0 414.0
24413 1310.0 407.0
24424 1241.0 403.0
24436 1169.0 399.0
24448 1096.0 398.0
24460 1023.0 398.0
24472 950.0 401.0
24483 878.0 404.0
24496 805.0 410.0
24507 735.0 418.0
24519 667.0 427.0
24531 602.0 437.0
24542 542.0 450.0
24554 486.0 464.0
24566 434.0 480.0
24578 387.0 496.0
24590 343.0 513.0
24602 305.0 532.0
24614 269.0 552.0
24625 239.0 572.0
24637 216.0 591.0
24649 199.0 609.0
24661 190.0 628.0
24673 187.0 646.0
24685 190.0 664.0
24697 198.0 683.0
24708 211.0 702.0
24720 231.0 720.0
24732 256.0 738.0
24744 287.0 754.0
24756 323.0 767.0
24768 364.0 778.0
24780 410.0 788.0
24791 461.0 795.0
24803 516.0 802.0
24815 575.0 808.0
24827 637.0 812.0
24839 703.0 813.0
24851 770.0 812.0
24863 839.0 809.0
24875 910.0 805.0
24887 981.0 798.0
24899 1051.0 791.0
24911 1119.0 784.0
24922 1186.0 777.0
24934 1251.0 770.0
24947 1312.0 762.0
24958 1371.0 753.0
24970 1425.0 743.0
24982 1476.0 734.0
24994 1522.0 724.0
25005 1565.0 713.0
25017 1603.0 701.0
25030 1635.0 688.0
25041 1662.0 676.0
25053 1684.0 664.0
25065 1701.0 652.0
25077 1711.0 639.0
25089 1717.0 625.0
25101 1718.0 611.0
25112 1714.0 595.0
25124 1704.0 578.0
25136 1690.0 560.0
25148 1669.0 540.0
25160 1641.0 519.0
25171 1607.0 500.0
25183 1566.0 481.0
25195 1521.0 463.0
25207 1473.0 447.0
25219 1420.0 432.0
25231 1364.0 420.0
25242 1304.0 409.0
25254 1241.0 399.0
25266 1174.0 391.0
25278 1106.0 386.0
25290 1036.0 382.0
25301 963.0 379.0
25313 890.0 379.0
25325 816.0 380.0
25337 742.0 383.0
25349 668.0 387.0
25361 597.0 396.0
25372 527.0 406.0
25384 460.0 420.0
25396 397.0 435.0
25408 338.0 452.0
25420 286.0 469.0
25432 238.0 487.0
25443 196.0 507.0
25455 161.0 527.0
25467 133.0 547.0
25479 111.0 565.0
25491 94.0 583.0
25503 84.0 601.0
25515 78.0 618.0
25526 77.0 635.0
25538 82.0 652.0
25550 92.0 669.0
25562 107.0 687.0
25574 127.0 704.0
25586 153.0 722.0
25598 186.0 737.0
25609 226.0 750.0
25621 272.0 762.0
25633 322.0 771.0
25645 377.0 776.0
25657 437.0 780.0
25669 502.0 782.0
25681 568.0 783.0
25692 638.0 784.0
25704 709.0 783.0
25716 782.0 781.0
25728 855.0 779.0
25740 928.0 776.0
25752 1000.0 773.0
25764 1071.0 768.0
25776 1141.0 763.0
25788 1209.0 757.0
25800 1275.0 751.0
25811 1338.0 745.0
25823 1397.0 738.0
25835 1454.0 732.0
25847 1506.0 725.0
25859 1553.0 717.0
25871 1592.0 707.0
25883 1626.0 696.0
25894 1654.0 684.0
25906 1676.0 671.0
25918 1693.0 657.0
25930 1707.0 643.0
25942 1715.0 629.0
25954 1718.0 614.0
25966 1717.0 599.0
25977 1711.0 582.0
25989 1700.0 562.0
26001 1683.0 542.0
26013 1662.0 520.0
26025 1637.0 499.0
26036 1606.0 479.0
26048 1572.0 459.0
26060 1534.0 441.0
26072 1492.0 425.0
26084 1446.0 411.0
26096 1393.0 400.0
26107 1336.0 389.0
26120 1276.0 383.0
26131 1211.0 378.0
26143 1146.0 374.0
26155 1080.0 370.0
26167 1014.0 367.0
26179 948.0 365.0
26190 878.0 364.0
26202 808.0 366.0
26214 737.0 370.0
26225 667.0 377.0
26237 600.0 386.0
26249 536.0 396.0
26261 476.0 410.0
26273 419.0 424.0
26285 366.0 440.0
26296 318.0 457.0
26308 275.0 476.0
26320 237.0 496.0
26332 203.0 517.0
26344 175.0 537.0
26356 153.0 557.0
26368 136.0 577.0
26380 126.0 596.0
26391 120.0 615.0
26403 120.0 635.0
26415 126.0 655.0
26427 138.0 674.0
26439 156.0 692.0
26451 181.0 710.0
26462 213.0 724.0
26474 251.0 736.0
26486 294.0 747.0
26498 342.0 755.0
26510 395.0 762.0
26522 454.0 766.0
26534 517.0 770.0
26546 583.0 770.0
26558 654.0 770.0
26569 726.0 769.0
26581 799.0 767.0
26593 873.0 764.0
26605 947.0 760.0
26617 1021.0 755.0
26629 1094.0 750.0
26641 1166.0 744.0
26653 1235.0 739.0
26665 1302.0 734.0
26676 1367.0 730.0
26688 1427.0 726.0
26700 1484.0 720.0
26712 1536.0 712.0
26724 1584.0 702.0
26736 1627.0 692.0
26748 1665.0 681.0
26760 1696.0 670.0
26771 1723.0 657.0
26783 1744.0 644.0
26795 1758.0 629.0
26807 1767.0 613.0
26819 1770.0 598.0
26830 1767.0 581.0
26842 1758.0 563.0
26855 1741.0 541.0
26866 1716.0 520.0
26878 1682.0 499.0
26890 1642.0 480.0
26902 1596.0 462.0
26913 1548.0 447.0
26925 1495.0 433.0
26937 1440.0 421.0
26949 1382.0 410.0
26961 1321.0 399.0
26973 1257.0 391.0
26985 1190.0 384.0
26996 1121.0 378.0
27008 1052.0 374.0
27020 981.0 371.0
27032 911.0 370.0
27043 842.0 371.0
27055 774.0 374.0
27067 707.0 377.0
27079 641.0 384.0
27091 577.0 393.0
27102 516.0 404.0
27114 456.0 416.0
27126 403.0 431.0
27138 353.0 447.0
27150 309.0 463.0
27162 271.0 479.0
27173 237.0 496.0
27185 208.0 513.0
27197 184.0 530.0
27209 163.0 548.0
27221 147.0 566.0
27233 136.0 585.0
27244 129.0 603.0
27256 127.0 621.0
27268 131.0 640.0
27280 140.0 659.0
27292 154.0 678.0
27304 173.0 697.0
27316 198.0 714.0
27327 230.0 728.0
27339 269.0 739.0
27351 312.0 748.0
27363 361.0 755.0
27375 416.0 759.0
27387 475.0 762.0
27399 537.0 762.0
27411 604.0 761.0
27423 675.0 758.0
27434 749.0 752.0
27446 828.0 746.0
27458 908.0 739.0
27470 987.0 732.0
27482 1065.0 725.0
27494 1142.0 719.0
27506 1215.0 714.0
27518 1287.0 710.0
27529 1353.0 705.0
27541 1414.0 701.0
27553 1470.0 696.0
27565 1520.0 690.0
27577 1565.0 683.0
27589 1607.0 675.0
27600 1644.0 665.0
27612 1675.0 654.0
27624 1702.0 642.0
27636 1723.0 629.0
27648 1739.0 616.0
27660 1749.0 603.0
27671 1754.0 590.0
27683 1756.0 575.0
27695 1752.0 560.0
27707 1745.0 543.0
27719 1731.0 523.0
27731 1709.0 501.0
27743 1679.0 480.0
27754 1642.0 461.0
27766 1600.0 443.0
27778 1553.0 429.0
27790 1502.0 416.0
27801 1449.0 405.0
27814 1392.0 394.0
27825 1333.0 386.0
27837 1273.0 380.0
27849 1209.0 374.0
27861 1144.0 370.0
27873 1078.0 366.0
27884 1010.0 362.0
27896 941.0 361.0
27908 872.0 363.0
27920 803.0 366.0
27931 736.0 371.0
27943 669.0 379.0
27955 604.0 388.0
27967 543.0 398.0
27979 484.0 410.0
27991 429.0 423.0
28002 376.0 438.0
28014 328.0 454.0
28026 285.0 470.0
28038 247.0 487.0
28050 213.0 506.0
28062 183.0 526.0
28073 159.0 546.0
28085 139.0 565.0
28097 125.0 585.0
28109 117.0 604.0
28121 115.0 623.0
28133 119.0 642.0
28145 127.0 662.0
28156 141.0 680.0
28168 161.0 698.0
28180 186.0 716.0
28192 217.0 731.0
28204 251.0 745.0
28216 289.0 758.0
28228 330.0 769.0
28239 376.0 780.0
28251 426.0 789.0
28263 481.0 796.0
28275 540.0 801.0
28287 604.0 805.0
28299 670.0 809.0
28311 741.0 809.0
28323 815.0 808.0
28334 893.0 805.0
28347 972.0 800.0
28358 1052.0 793.0
28370 1131.0 786.0
28382 1207.0 779.0
28394 1281.0 772.0
28406 1348.0 764.0
28418 1411.0 755.0
28430 1468.0 746.0
28441 1519.0 737.0
28453 1565.0 728.0
28465 1607.0 720.0
28477 1644.0 710.0
28489 1674.0 700.0
28501 1698.0 689.0
28513 1715.0 678.0
28525 1726.0 666.0
28536 1733.0 653.0
28548 1734.0 639.0
28560 1730.0 622.0
28572 1720.0 604.0
28584 1704.0 583.0
28596 1681.0 561.0
28608 1652.0 539.0
28619 1618.0 518.0
28631 1580.0 499.0
28643 1539.0 481.0
28655 1495.0 465.0
28667 1448.0 451.0
28678 1397.0 437.0
28690 1343.0 426.0
28702 1284.0 416.0
28714 1223.0 409.0
28726 1160.0 404.0
28737 1095.0 400.0
28750 1029.0 396.0
28761 963.0 395.0
28773 896.0 395.0
28785 830.0 397.0
28797 764.0 401.0
28809 700.0 407.0
28820 638.0 415.0
28832 578.0 424.0
28844 520.0 434.0
28856 467.0 445.0
28868 416.0 459.0
28880 369.0 475.0
28891 326.0 492.0
28903 288.0 509.0
28915 252.0 528.0
28927 222.0 547.0
28939 197.0 567.0
28951 177.0 587.0
28963 163.0 606.0
28974 155.0 624.0
28986 152.0 642.0
28998 155.0 660.0
29010 161.0 678.0
29021 173.0 696.0
29034 191.0 712.0
29046 213.0 727.0
29057 240.0 740.0
29069 272.0 753.0
29081 310.0 765.0
29093 351.0 776.0
29105 397.0 784.0
29117 446.0 792.0
29129 499.0 798.0
29140 556.0 803.0
29152 616.0 807.0
29164 681.0 808.0
29176 747.0 807.0
29188 815.0 804.0
29200 886.0 800.0
29212 957.0 793.0
29224 1030.0 786.0
29236 1102.0 779.0
29248 1173.0 772.0
29259 1243.0 764.0
29271 1311.0 755.0
29283 1375.0 746.0
29295 1434.0 737.0
29307 1490.0 729.0
29319 1540.0 720.0
29331 1584.0 710.0
29342 1623.0 700.0
29354 1658.0 689.0
29366 1688.0 679.0
29378 1712.0 667.0
29390 1732.0 655.0
29402 1745.0 643.0
29414 1752.0 630.0
29425 1754.0 616.0
29437 1749.0 600.0
29449 1736.0 583.0
29461 1718.0 565.0
29473 1693.0 548.0
29485 1664.0 532.0
29497 1633.0 516.0
29508 1596.0 500.0
29520 1557.0 485.0
29532 1513.0 471.0
29544 1465.0 459.0
29556 1414.0 446.0
29567 1362.0 433.0
29580 1308.0 421.0
29591 1253.0 410.0
29603 1197.0 399.0
29615 1139.0 388.0
29627 1081.0 381.0
29638 1022.0 374.0
29650 962.0 369.0
29662 901.0 366.0
29674 841.0 365.0
29686 781.0 368.0
29697 721.0 373.0
29709 661.0 380.0
29721 604.0 389.0
29733 548.0 399.0
29745 494.0 411.0
29756 442.0 424.0
29768 393.0 438.0
29780 348.0 453.0
29792 307.0 469.0
29804 269.0 486.0
29816 237.0 504.0
29827 208.0 523.0
29839 184.0 543.0
29851 166.0 562.0
29863 153.0 581.0
29875 144.0 599.0
29887 141.0 618.0
29899 143.0 637.0
29910 148.0 657.0
29922 159.0 676.0
29934 174.0 695.0
29946 194.0 713.0
29958 219.0 729.0
29970 249.0 743.0
29982 283.0 755.0
29993 322.0 766.0
