0 1516.0 212.0
12 1507.0 195.0
24 1494.0 175.0
36 1476.0 160.0
47 1454.0 151.0
59 1430.0 150.0
71 1403.0 152.0
82 1373.0 158.0
94 1340.0 167.0
105 1306.0 179.0
117 1271.0 195.0
129 1235.0 213.0
140 1199.0 233.0
152 1165.0 256.0
164 1131.0 282.0
175 1098.0 311.0
187 1066.0 343.0
199 1035.0 378.0
210 1003.0 416.0
222 972.0 456.0
234 943.0 497.0
246 915.0 538.0
257 889.0 579.0
269 867.0 620.0
281 848.0 659.0
293 833.0 698.0
304 821.0 735.0
316 814.0 770.0
328 810.0 804.0
340 809.0 837.0
351 811.0 867.0
363 814.0 896.0
375 820.0 922.0
387 828.0 947.0
399 838.0 969.0
411 850.0 988.0
423 864.0 1003.0
434 880.0 1014.0
446 896.0 1020.0
458 912.0 1021.0
470 928.0 1017.0
481 944.0 1009.0
493 958.0 998.0
505 971.0 982.0
517 985.0 964.0
529 998.0 942.0
541 1013.0 917.0
552 1027.0 889.0
564 1041.0 859.0
576 1053.0 827.0
587 1062.0 793.0
599 1067.0 758.0
611 1070.0 721.0
623 1069.0 682.0
635 1065.0 642.0
646 1058.0 600.0
658 1049.0 558.0
670 1037.0 515.0
681 1022.0 472.0
693 1004.0 430.0
705 983.0 388.0
717 960.0 349.0
728 933.0 313.0
740 904.0 281.0
752 872.0 253.0
763 838.0 228.0
775 800.0 209.0
787 760.0 194.0
798 719.0 183.0
810 677.0 178.0
822 635.0 177.0
833 596.0 181.0
845 559.0 189.0
857 526.0 200.0
868 497.0 214.0
880 472.0 230.0
892 453.0 247.0
903 439.0 266.0
915 430.0 286.0
927 426.0 306.0
939 428.0 327.0
950 436.0 348.0
962 449.0 368.0
974 467.0 388.0
986 491.0 406.0
997 520.0 423.0
1009 554.0 438.0
1021 592.0 452.0
1032 634.0 463.0
1044 681.0 471.0
1056 730.0 476.0
1067 782.0 479.0
1079 835.0 479.0
1091 890.0 476.0
1103 946.0 471.0
1114 1003.0 463.0
1126 1060.0 452.0
1138 1116.0 439.0
1149 1172.0 424.0
1161 1225.0 408.0
1173 1275.0 390.0
1185 1321.0 370.0
1196 1361.0 350.0
1208 1396.0 328.0
1219 1425.0 307.0
1231 1449.0 285.0
1243 1468.0 263.0
1255 1481.0 242.0
1266 1490.0 223.0
1278 1494.0 206.0
1289 1494.0 191.0
1301 1488.0 178.0
1313 1477.0 166.0
1325 1460.0 157.0
1336 1436.0 149.0
1348 1408.0 142.0
1359 1377.0 138.0
1371 1344.0 135.0
1383 1309.0 136.0
1395 1273.0 140.0
1406 1236.0 148.0
1418 1199.0 159.0
1430 1161.0 173.0
1441 1125.0 192.0
1453 1089.0 215.0
1465 1055.0 242.0
1476 1023.0 273.0
1488 991.0 307.0
1500 960.0 343.0
1511 930.0 383.0
1523 903.0 424.0
1535 876.0 469.0
1547 851.0 516.0
1558 827.0 565.0
1570 807.0 614.0
1582 790.0 664.0
1594 776.0 712.0
1606 768.0 757.0
1617 763.0 798.0
1629 764.0 835.0
1641 768.0 868.0
1652 776.0 896.0
1664 789.0 919.0
1676 805.0 938.0
1688 823.0 955.0
1700 841.0 970.0
1712 858.0 982.0
1723 874.0 991.0
1735 890.0 997.0
1747 905.0 999.0
1759 921.0 996.0
1770 938.0 988.0
1782 956.0 974.0
1794 973.0 954.0
1806 988.0 929.0
1817 1002.0 900.0
1829 1013.0 868.0
1841 1021.0 833.0
1853 1025.0 795.0
1864 1027.0 756.0
1877 1027.0 715.0
1888 1025.0 674.0
1900 1022.0 631.0
1912 1016.0 588.0
1924 1006.0 546.0
1935 991.0 504.0
1947 972.0 464.0
1959 949.0 426.0
1970 922.0 390.0
1982 892.0 357.0
1994 861.0 326.0
2005 828.0 298.0
2017 794.0 274.0
2029 759.0 254.0
2040 724.0 238.0
2052 690.0 227.0
2064 656.0 219.0
2075 622.0 215.0
2087 590.0 216.0
2099 561.0 220.0
2110 536.0 226.0
2122 515.0 236.0
2134 497.0 248.0
2146 483.0 263.0
2157 473.0 280.0
2169 467.0 298.0
2180 467.0 317.0
2192 471.0 336.0
2204 481.0 355.0
2216 496.0 372.0
2227 517.0 389.0
2239 544.0 404.0
2251 576.0 416.0
2263 614.0 425.0
2274 656.0 433.0
2286 700.0 439.0
2298 747.0 443.0
2310 796.0 443.0
2321 848.0 442.0
2333 900.0 438.0
2345 954.0 432.0
2356 1008.0 425.0
2368 1061.0 416.0
2379 1114.0 406.0
2392 1167.0 396.0
2403 1218.0 384.0
2415 1267.0 372.0
2427 1313.0 359.0
2438 1354.0 344.0
2450 1390.0 330.0
2462 1422.0 314.0
2473 1450.0 296.0
2485 1475.0 279.0
2497 1495.0 261.0
2508 1513.0 243.0
2520 1528.0 226.0
2532 1539.0 210.0
2544 1546.0 198.0
2555 1549.0 186.0
2567 1548.0 175.0
2578 1542.0 167.0
2590 1530.0 161.0
2602 1509.0 157.0
2613 1482.0 154.0
2625 1450.0 154.0
2637 1416.0 156.0
2648 1382.0 160.0
2660 1346.0 169.0
2672 1308.0 180.0
2683 1270.0 196.0
2695 1232.0 215.0
2707 1196.0 239.0
2718 1159.0 267.0
2730 1122.0 299.0
2742 1085.0 336.0
2754 1047.0 375.0
2765 1009.0 419.0
2777 972.0 465.0
2789 938.0 514.0
2801 908.0 565.0
2812 884.0 615.0
2824 865.0 665.0
2836 851.0 715.0
2848 843.0 764.0
2860 840.0 810.0
2871 839.0 855.0
2883 842.0 895.0
2895 848.0 932.0
2907 856.0 964.0
2918 866.0 992.0
2930 878.0 1017.0
2942 892.0 1034.0
2954 908.0 1048.0
2966 924.0 1056.0
2978 939.0 1059.0
2989 953.0 1056.0
3001 966.0 1050.0
3013 978.0 1039.0
3025 990.0 1022.0
3037 1002.0 1001.0
3049 1013.0 976.0
3061 1024.0 945.0
3072 1035.0 912.0
3084 1043.0 875.0
3096 1049.0 837.0
3108 1052.0 797.0
3119 1051.0 756.0
3131 1048.0 714.0
3143 1042.0 671.0
3154 1034.0 628.0
3166 1024.0 584.0
3177 1014.0 540.0
3189 999.0 495.0
3201 982.0 451.0
3213 961.0 409.0
3224 936.0 370.0
3236 910.0 334.0
3248 880.0 302.0
3259 850.0 271.0
3271 819.0 244.0
3283 787.0 220.0
3295 755.0 200.0
3306 723.0 182.0
3318 692.0 169.0
3329 662.0 161.0
3341 632.0 158.0
3353 604.0 160.0
3365 578.0 166.0
3376 553.0 177.0
3388 532.0 190.0
3400 514.0 207.0
3411 500.0 224.0
3423 491.0 245.0
3435 487.0 266.0
3446 487.0 289.0
3458 493.0 311.0
3470 504.0 334.0
3481 521.0 356.0
3493 543.0 378.0
3505 569.0 400.0
3517 601.0 419.0
3528 637.0 438.0
3540 676.0 455.0
3552 720.0 470.0
3563 766.0 482.0
3575 816.0 493.0
3587 869.0 500.0
3599 926.0 503.0
3610 984.0 503.0
3622 1043.0 500.0
3634 1099.0 492.0
3645 1155.0 482.0
3657 1210.0 470.0
3669 1263.0 455.0
3680 1311.0 438.0
3692 1357.0 421.0
3704 1398.0 402.0
3716 1436.0 382.0
3727 1468.0 361.0
3739 1496.0 340.0
3751 1519.0 318.0
3762 1536.0 298.0
3774 1550.0 277.0
3786 1559.0 257.0
3798 1563.0 237.0
3809 1562.0 219.0
3821 1557.0 203.0
3832 1546.0 189.0
3844 1530.0 177.0
3856 1509.0 166.0
3867 1482.0 160.0
3879 1451.0 156.0
3891 1418.0 156.0
3902 1383.0 159.0
3914 1347.0 163.0
3926 1311.0 172.0
3937 1275.0 183.0
3949 1240.0 199.0
3961 1204.0 218.0
3973 1168.0 242.0
3984 1131.0 269.0
3996 1095.0 301.0
4008 1059.0 335.0
4020 1025.0 374.0
4031 992.0 414.0
4043 961.0 458.0
4055 933.0 504.0
4066 909.0 553.0
4078 887.0 604.0
4090 869.0 654.0
4102 852.0 705.0
4113 840.0 756.0
4125 830.0 804.0
4137 824.0 850.0
4149 820.0 893.0
4160 821.0 931.0
4172 825.0 966.0
4184 835.0 996.0
4196 846.0 1020.0
4208 859.0 1038.0
4220 874.0 1052.0
4231 888.0 1060.0
4243 902.0 1064.0
4255 916.0 1064.0
4267 929.0 1059.0
4279 942.0 1049.0
4291 955.0 1035.0
4302 968.0 1016.0
4314 983.0 991.0
4326 998.0 962.0
4338 1011.0 931.0
4349 1022.0 897.0
4362 1029.0 861.0
4373 1032.0 823.0
4385 1033.0 783.0
4397 1030.0 740.0
4408 1027.0 695.0
4420 1020.0 648.0
4432 1012.0 600.0
4444 1002.0 552.0
4456 987.0 504.0
4467 970.0 458.0
4479 947.0 414.0
4491 922.0 373.0
4502 892.0 334.0
4514 861.0 298.0
4526 827.0 264.0
4537 792.0 232.0
4549 758.0 203.0
4561 725.0 179.0
4573 693.0 158.0
4584 661.0 141.0
4595 630.0 131.0
4607 599.0 126.0
4619 569.0 126.0
4631 542.0 132.0
4642 517.0 143.0
4654 496.0 158.0
4666 478.0 176.0
4677 465.0 197.0
4689 457.0 220.0
4701 454.0 245.0
4712 455.0 272.0
4724 460.0 300.0
4736 471.0 328.0
4748 486.0 355.0
4759 507.0 381.0
4771 533.0 406.0
4783 566.0 427.0
4795 606.0 445.0
4807 651.0 460.0
4818 700.0 471.0
4830 751.0 479.0
4842 805.0 483.0
4853 862.0 485.0
4865 920.0 484.0
4877 979.0 481.0
4888 1039.0 475.0
4900 1100.0 467.0
4912 1162.0 457.0
4924 1223.0 444.0
4935 1283.0 430.0
4947 1341.0 415.0
4959 1391.0 399.0
4971 1433.0 382.0
4982 1467.0 363.0
4994 1494.0 344.0
5006 1518.0 323.0
5017 1536.0 301.0
5029 1553.0 279.0
5041 1565.0 258.0
5053 1573.0 238.0
5064 1576.0 219.0
5076 1574.0 201.0
5088 1567.0 185.0
5099 1555.0 172.0
5111 1537.0 161.0
5123 1515.0 153.0
5134 1487.0 150.0
5146 1456.0 149.0
5157 1420.0 154.0
5169 1382.0 164.0
5181 1341.0 179.0
5193 1297.0 198.0
5204 1252.0 222.0
5216 1205.0 249.0
5227 1157.0 281.0
5239 1110.0 315.0
5251 1064.0 353.0
5262 1021.0 391.0
5274 982.0 434.0
5286 945.0 479.0
5298 914.0 526.0
5310 884.0 575.0
5321 860.0 626.0
5333 838.0 678.0
5345 821.0 729.0
5356 809.0 779.0
5368 801.0 827.0
5380 798.0 873.0
5392 797.0 915.0
5404 801.0 953.0
5416 805.0 988.0
5427 812.0 1018.0
5439 821.0 1043.0
5451 831.0 1064.0
5463 844.0 1080.0
5475 858.0 1092.0
5487 872.0 1100.0
5498 888.0 1103.0
5510 903.0 1100.0
5522 918.0 1093.0
5534 931.0 1081.0
5546 943.0 1063.0
5557 954.0 1041.0
5569 965.0 1014.0
5581 975.0 983.0
5593 983.0 951.0
5605 989.0 915.0
5616 993.0 878.0
5628 995.0 839.0
5640 995.0 797.0
5652 991.0 753.0
5663 986.0 709.0
5675 978.0 665.0
5687 968.0 621.0
5699 953.0 577.0
5710 935.0 534.0
5722 912.0 490.0
5734 887.0 446.0
5745 860.0 402.0
5757 832.0 360.0
5769 806.0 319.0
5780 781.0 280.0
5792 757.0 244.0
5804 732.0 213.0
5815 704.0 186.0
5827 675.0 164.0
5839 644.0 148.0
5850 611.0 138.0
5862 578.0 130.0
5874 546.0 127.0
5885 518.0 127.0
5897 494.0 130.0
5909 473.0 136.0
5921 456.0 146.0
5932 441.0 157.0
5944 430.0 173.0
5956 422.0 191.0
5967 418.0 212.0
5979 417.0 236.0
5991 421.0 261.0
6002 429.0 288.0
6014 441.0 315.0
6026 459.0 342.0
6038 481.0 369.0
6049 508.0 395.0
6061 539.0 420.0
6073 574.0 444.0
6084 613.0 464.0
6096 657.0 482.0
6108 706.0 498.0
6120 759.0 508.0
6131 817.0 514.0
6143 877.0 517.0
6155 939.0 514.0
6166 1002.0 509.0
6178 1063.0 499.0
6190 1123.0 487.0
6201 1181.0 471.0
6213 1238.0 453.0
6225 1294.0 431.0
6237 1349.0 407.0
6248 1402.0 383.0
6260 1453.0 359.0
6272 1499.0 334.0
6283 1539.0 309.0
6295 1571.0 286.0
6307 1593.0 264.0
6318 1606.0 244.0
6330 1614.0 224.0
6342 1616.0 206.0
6353 1613.0 188.0
6365 1608.0 173.0
6377 1598.0 161.0
6388 1585.0 150.0
6400 1565.0 142.0
6412 1538.0 137.0
6423 1505.0 135.0
6435 1466.0 138.0
6447 1425.0 144.0
6459 1381.0 154.0
6470 1337.0 167.0
6482 1293.0 184.0
6494 1249.0 203.0
6505 1205.0 226.0
6517 1161.0 251.0
6529 1117.0 282.0
6540 1072.0 315.0
6552 1027.0 351.0
6564 984.0 389.0
6575 942.0 431.0
6587 904.0 475.0
6599 867.0 521.0
6611 835.0 568.0
6623 807.0 615.0
6634 784.0 661.0
6646 769.0 705.0
6658 760.0 748.0
6670 757.0 788.0
6681 760.0 827.0
6693 767.0 863.0
6705 777.0 898.0
6717 790.0 932.0
6729 804.0 964.0
6740 820.0 995.0
6752 837.0 1022.0
6764 857.0 1044.0
6776 878.0 1061.0
6788 899.0 1071.0
6800 919.0 1075.0
6812 937.0 1073.0
6823 954.0 1066.0
6835 967.0 1053.0
6847 980.0 1035.0
6859 991.0 1014.0
6870 1002.0 989.0
6882 1013.0 960.0
6894 1024.0 929.0
6906 1031.0 897.0
6917 1036.0 862.0
6929 1039.0 824.0
6941 1037.0 784.0
6953 1033.0 740.0
6965 1025.0 695.0
6977 1015.0 648.0
6988 1003.0 600.0
7000 988.0 551.0
7012 971.0 504.0
7023 953.0 458.0
7035 930.0 414.0
7047 906.0 375.0
7058 878.0 338.0
7070 849.0 304.0
7082 818.0 272.0
7094 787.0 243.0
7105 755.0 219.0
7117 723.0 198.0
7128 692.0 181.0
7140 660.0 170.0
7152 628.0 163.0
7163 597.0 161.0
7175 565.0 165.0
7187 534.0 176.0
7199 506.0 190.0
7211 482.0 208.0
7222 462.0 228.0
7234 448.0 251.0
7245 441.0 274.0
7257 439.0 298.0
7269 444.0 322.0
7280 454.0 347.0
7292 470.0 370.0
7304 491.0 393.0
7315 519.0 413.0
7327 554.0 431.0
7339 595.0 446.0
7350 642.0 458.0
7362 695.0 467.0
7374 749.0 472.0
7386 807.0 475.0
7397 866.0 474.0
7409 927.0 471.0
7421 989.0 467.0
7433 1050.0 458.0
7444 1110.0 447.0
7456 1170.0 433.0
7468 1227.0 418.0
7479 1282.0 402.0
7491 1334.0 384.0
7503 1380.0 364.0
7514 1421.0 342.0
7526 1458.0 319.0
7537 1488.0 296.0
7549 1512.0 274.0
7561 1532.0 251.0
7573 1545.0 230.0
7584 1554.0 209.0
7596 1557.0 191.0
7608 1555.0 174.0
7619 1551.0 161.0
7631 1542.0 150.0
7643 1529.0 144.0
7654 1509.0 140.0
7666 1482.0 138.0
7678 1450.0 141.0
7689 1413.0 146.0
7701 1375.0 155.0
7713 1336.0 165.0
7724 1297.0 177.0
7736 1259.0 193.0
7748 1220.0 210.0
7760 1181.0 231.0
7771 1142.0 256.0
7783 1102.0 285.0
7795 1063.0 318.0
7806 1028.0 354.0
7818 996.0 392.0
7830 966.0 434.0
7841 939.0 478.0
7853 914.0 523.0
7865 892.0 570.0
7876 874.0 617.0
7888 860.0 663.0
7900 850.0 708.0
7912 845.0 753.0
7923 843.0 796.0
7935 845.0 837.0
7947 848.0 876.0
7959 854.0 915.0
7971 861.0 951.0
7983 869.0 986.0
7994 879.0 1017.0
8006 889.0 1046.0
8018 900.0 1070.0
8030 912.0 1090.0
8042 925.0 1105.0
8054 938.0 1115.0
8065 952.0 1118.0
8077 964.0 1116.0
8089 976.0 1110.0
8101 987.0 1097.0
8113 999.0 1079.0
8124 1012.0 1056.0
8136 1024.0 1029.0
8148 1036.0 998.0
8160 1047.0 965.0
8172 1056.0 929.0
8183 1063.0 891.0
8195 1066.0 851.0
8207 1068.0 808.0
8219 1066.0 764.0
8230 1062.0 719.0
8242 1056.0 671.0
8254 1047.0 624.0
8266 1037.0 576.0
8277 1023.0 529.0
8289 1005.0 482.0
8301 986.0 436.0
8312 963.0 392.0
8324 937.0 353.0
8336 908.0 317.0
8347 877.0 285.0
8359 843.0 258.0
8371 806.0 234.0
8383 769.0 216.0
8394 733.0 201.0
8406 699.0 189.0
8418 667.0 180.0
8429 636.0 176.0
8441 608.0 176.0
8453 583.0 180.0
8464 559.0 191.0
8476 539.0 204.0
8487 522.0 222.0
8499 510.0 243.0
8511 503.0 265.0
8523 502.0 289.0
8535 507.0 312.0
8546 519.0 336.0
8558 537.0 360.0
8570 562.0 383.0
8581 592.0 405.0
8593 626.0 424.0
8605 667.0 442.0
8616 713.0 456.0
8628 765.0 466.0
8640 821.0 472.0
8651 880.0 474.0
8663 941.0 470.0
8675 1003.0 464.0
8687 1065.0 454.0
8698 1125.0 441.0
8710 1184.0 425.0
8722 1240.0 408.0
8734 1295.0 390.0
8745 1348.0 369.0
8757 1399.0 347.0
8769 1444.0 326.0
8780 1482.0 305.0
8792 1512.0 285.0
8804 1536.0 266.0
8816 1553.0 248.0
8827 1565.0 230.0
8839 1573.0 214.0
8851 1576.0 200.0
8862 1573.0 189.0
8874 1566.0 178.0
8885 1552.0 169.0
8897 1531.0 164.0
8909 1503.0 162.0
8920 1470.0 162.0
8932 1431.0 165.0
8944 1392.0 171.0
8955 1352.0 181.0
8967 1311.0 194.0
8979 1271.0 211.0
8991 1232.0 230.0
9002 1193.0 255.0
9014 1153.0 283.0
9026 1114.0 315.0
9038 1077.0 351.0
9049 1043.0 389.0
9061 1011.0 429.0
9073 981.0 474.0
9084 953.0 521.0
9096 926.0 570.0
9108 901.0 620.0
9120 877.0 670.0
9131 857.0 721.0
9143 839.0 771.0
9155 827.0 819.0
9167 818.0 864.0
9178 815.0 904.0
9190 817.0 941.0
9202 822.0 974.0
9214 832.0 1003.0
9226 842.0 1027.0
9238 854.0 1047.0
9249 867.0 1063.0
9261 880.0 1073.0
9273 893.0 1078.0
9285 907.0 1078.0
9297 920.0 1073.0
9309 933.0 1062.0
9320 944.0 1044.0
9332 954.0 1024.0
9344 961.0 999.0
9356 967.0 971.0
9367 973.0 940.0
9379 977.0 907.0
9391 981.0 870.0
9403 983.0 832.0
9415 982.0 791.0
9426 979.0 748.0
9438 974.0 703.0
9450 966.0 658.0
9461 957.0 613.0
9473 947.0 568.0
9485 935.0 523.0
9497 920.0 478.0
9508 903.0 435.0
9520 882.0 394.0
9532 858.0 355.0
9543 832.0 318.0
9555 803.0 284.0
9567 775.0 250.0
9578 747.0 218.0
9590 720.0 190.0
9602 694.0 166.0
9613 668.0 145.0
9625 643.0 129.0
9637 619.0 120.0
9648 596.0 117.0
9660 574.0 121.0
9672 553.0 131.0
9683 533.0 146.0
9695 516.0 165.0
9707 502.0 188.0
9718 492.0 212.0
9730 488.0 239.0
9742 488.0 268.0
9753 493.0 297.0
9765 503.0 326.0
9777 516.0 355.0
9789 535.0 383.0
9800 559.0 409.0
9812 588.0 433.0
9824 622.0 452.0
9836 661.0 468.0
9847 707.0 479.0
9859 755.0 487.0
9871 808.0 491.0
9882 865.0 491.0
9894 924.0 488.0
9906 982.0 481.0
9917 1040.0 472.0
9929 1096.0 460.0
9941 1151.0 444.0
9953 1204.0 427.0
9964 1255.0 408.0
9976 1301.0 387.0
9988 1345.0 365.0
9999 1383.0 343.0
10011 1414.0 320.0
10023 1438.0 298.0
10034 1455.0 278.0
10046 1468.0 259.0
10058 1476.0 241.0
10069 1479.0 223.0
10081 1481.0 208.0
10093 1477.0 195.0
10104 1471.0 184.0
10116 1460.0 173.0
10128 1442.0 167.0
10140 1418.0 163.0
10151 1388.0 163.0
10163 1353.0 167.0
10174 1315.0 176.0
10186 1277.0 187.0
10198 1238.0 203.0
10209 1200.0 222.0
10221 1165.0 245.0
10233 1130.0 272.0
10245 1097.0 303.0
10257 1063.0 337.0
10268 1030.0 375.0
10280 996.0 417.0
10292 963.0 462.0
10304 931.0 512.0
10315 902.0 564.0
10327 877.0 616.0
10339 854.0 668.0
10350 836.0 722.0
10362 820.0 776.0
10374 809.0 829.0
10386 801.0 877.0
10398 797.0 923.0
10409 795.0 965.0
10421 797.0 1003.0
10433 800.0 1034.0
10445 806.0 1061.0
10457 814.0 1082.0
10468 824.0 1099.0
10480 837.0 1109.0
10492 852.0 1116.0
10504 867.0 1117.0
10516 883.0 1113.0
10528 900.0 1102.0
10540 916.0 1087.0
10551 932.0 1067.0
10563 947.0 1042.0
10575 961.0 1013.0
10587 974.0 980.0
10598 985.0 944.0
10611 993.0 906.0
10622 1000.0 865.0
10634 1004.0 822.0
10646 1006.0 777.0
10658 1004.0 729.0
10669 1000.0 680.0
10681 993.0 631.0
10693 985.0 583.0
10705 975.0 535.0
10716 963.0 488.0
10728 948.0 442.0
10739 930.0 398.0
10751 908.0 358.0
10763 884.0 319.0
10775 857.0 285.0
10786 828.0 253.0
10798 797.0 225.0
10810 762.0 200.0
10821 728.0 181.0
10833 693.0 166.0
10845 659.0 156.0
10856 626.0 150.0
10868 595.0 149.0
10879 567.0 153.0
10891 542.0 161.0
10903 520.0 173.0
10915 503.0 190.0
10926 488.0 209.0
10938 478.0 231.0
10949 474.0 254.0
10961 474.0 278.0
10973 480.0 304.0
10984 491.0 332.0
10996 508.0 358.0
11008 530.0 384.0
11020 558.0 408.0
11031 592.0 429.0
11043 631.0 447.0
11055 677.0 463.0
11067 725.0 474.0
11078 777.0 483.0
11090 829.0 489.0
11102 883.0 493.0
11114 938.0 493.0
11125 993.0 489.0
11137 1047.0 482.0
11149 1100.0 471.0
11160 1153.0 457.0
11172 1204.0 439.0
11184 1253.0 421.0
11195 1298.0 401.0
11207 1341.0 379.0
11219 1378.0 356.0
11231 1410.0 332.0
11242 1438.0 308.0
11254 1461.0 285.0
11265 1478.0 262.0
11277 1491.0 240.0
11289 1500.0 219.0
11301 1504.0 199.0
11312 1505.0 180.0
11324 1503.0 163.0
11336 1499.0 148.0
11347 1490.0 135.0
11359 1475.0 124.0
11371 1455.0 119.0
11382 1429.0 117.0
11394 1397.0 121.0
11406 1361.0 128.0
11417 1323.0 140.0
11429 1282.0 157.0
11440 1239.0 177.0
11452 1195.0 202.0
11464 1150.0 231.0
11475 1104.0 263.0
11487 1058.0 298.0
11499 1012.0 336.0
11511 968.0 375.0
11522 927.0 418.0
11534 889.0 464.0
11546 858.0 512.0
11558 832.0 560.0
11569 814.0 608.0
11581 802.0 655.0
11593 794.0 703.0
11605 790.0 751.0
11616 788.0 799.0
11628 790.0 846.0
11640 793.0 892.0
11652 796.0 939.0
11664 801.0 985.0
11675 807.0 1026.0
11687 814.0 1065.0
11699 822.0 1098.0
11711 832.0 1126.0
11723 842.0 1146.0
11734 852.0 1158.0
11746 862.0 1164.0
11758 875.0 1162.0
11770 888.0 1155.0
11782 901.0 1141.0
11793 915.0 1121.0
11806 930.0 1096.0
11817 945.0 1066.0
11829 961.0 1033.0
11841 977.0 996.0
11853 991.0 956.0
11864 1004.0 912.0
11876 1016.0 866.0
11888 1028.0 813.0
11900 1039.0 753.0
11912 1049.0 693.0
11923 1052.0 634.0
11935 1048.0 581.0
11947 1038.0 532.0
11958 1026.0 488.0
11970 1010.0 448.0
11982 993.0 410.0
11993 974.0 376.0
12005 953.0 344.0
12017 930.0 313.0
12028 904.0 284.0
12040 872.0 257.0
12052 837.0 234.0
12063 799.0 216.0
12075 760.0 201.0
12087 721.0 190.0
12098 686.0 181.0
12110 652.0 174.0
12122 620.0 170.0
12133 590.0 167.0
12145 561.0 167.0
12157 533.0 170.0
12168 506.0 174.0
12180 481.0 182.0
12192 457.0 192.0
12204 438.0 202.0
12215 421.0 215.0
12227 410.0 231.0
12238 403.0 248.0
12250 399.0 268.0
12262 398.0 290.0
12274 402.0 314.0
12285 409.0 341.0
12297 420.0 368.0
12309 437.0 397.0
12320 458.0 424.0
12332 483.0 450.0
12344 515.0 473.0
12355 551.0 493.0
12367 594.0 510.0
12379 641.0 522.0
12391 694.0 530.0
12403 749.0 533.0
12414 809.0 533.0
12426 871.0 528.0
12438 935.0 521.0
12449 999.0 513.0
12461 1062.0 503.0
12473 1123.0 493.0
12484 1183.0 482.0
12496 1243.0 470.0
12508 1301.0 457.0
12520 1355.0 440.0
12531 1404.0 422.0
12543 1448.0 400.0
12555 1484.0 376.0
12567 1511.0 352.0
12578 1530.0 328.0
12590 1541.0 307.0
12602 1545.0 290.0
12613 1545.0 275.0
12625 1542.0 263.0
12637 1537.0 252.0
12648 1526.0 244.0
12660 1510.0 238.0
12672 1486.0 233.0
12683 1455.0 230.0
12695 1420.0 229.0
12707 1383.0 231.0
12719 1345.0 234.0
12730 1308.0 241.0
12742 1271.0 250.0
12754 1237.0 261.0
12765 1204.0 276.0
12777 1171.0 294.0
12789 1138.0 317.0
12800 1105.0 341.0
12812 1071.0 370.0
12824 1037.0 402.0
12836 1002.0 439.0
12847 967.0 478.0
12859 935.0 520.0
12871 905.0 564.0
12883 879.0 609.0
12895 856.0 655.0
12907 838.0 702.0
12918 820.0 749.0
12930 806.0 795.0
12942 795.0 840.0
12953 786.0 880.0
12965 782.0 918.0
12977 782.0 951.0
12989 786.0 980.0
13001 795.0 1004.0
13012 805.0 1021.0
13025 819.0 1035.0
13037 836.0 1044.0
13048 855.0 1048.0
13060 877.0 1048.0
13072 900.0 1044.0
13084 925.0 1034.0
13095 951.0 1020.0
13107 977.0 1002.0
13119 1002.0 979.0
13131 1024.0 955.0
13142 1041.0 929.0
13154 1057.0 902.0
13166 1067.0 873.0
13178 1076.0 843.0
13190 1080.0 811.0
13202 1081.0 776.0
13213 1078.0 738.0
13225 1073.0 699.0
13237 1064.0 659.0
13249 1053.0 618.0
13261 1038.0 579.0
13272 1020.0 539.0
13284 998.0 499.0
13296 974.0 459.0
13307 949.0 420.0
13319 924.0 381.0
13331 899.0 345.0
13342 874.0 311.0
13354 848.0 279.0
13366 821.0 250.0
13377 792.0 226.0
13389 762.0 205.0
13401 731.0 188.0
13413 701.0 177.0
13424 671.0 168.0
13436 642.0 165.0
13447 616.0 166.0
13459 592.0 170.0
13471 571.0 179.0
13483 554.0 191.0
13494 539.0 206.0
13506 530.0 223.0
13518 526.0 242.0
13529 526.0 262.0
13541 531.0 283.0
13553 542.0 305.0
13565 559.0 326.0
13576 581.0 346.0
13588 609.0 365.0
13600 642.0 383.0
13611 680.0 398.0
13623 720.0 411.0
13635 764.0 422.0
13646 809.0 431.0
13658 857.0 437.0
13670 908.0 441.0
13681 960.0 441.0
13693 1016.0 437.0
13705 1072.0 429.0
13717 1127.0 418.0
13728 1181.0 403.0
13740 1233.0 386.0
13752 1281.0 366.0
13764 1324.0 346.0
13775 1362.0 326.0
13787 1393.0 305.0
13799 1420.0 285.0
13811 1442.0 266.0
13822 1459.0 246.0
13834 1474.0 226.0
13845 1484.0 207.0
13857 1492.0 189.0
13869 1495.0 172.0
13880 1493.0 160.0
13892 1487.0 150.0
13904 1476.0 145.0
13916 1458.0 141.0
13927 1434.0 141.0
13939 1403.0 145.0
13951 1368.0 152.0
13962 1330.0 163.0
13974 1291.0 177.0
13986 1251.0 195.0
13997 1212.0 215.0
14009 1173.0 240.0
14021 1134.0 267.0
14032 1098.0 298.0
14044 1065.0 331.0
14056 1032.0 367.0
14068 1001.0 405.0
14079 973.0 445.0
14091 948.0 488.0
14103 926.0 533.0
14115 907.0 580.0
14126 892.0 627.0
14138 879.0 674.0
14150 868.0 721.0
14162 860.0 768.0
14174 853.0 814.0
14185 848.0 856.0
14197 845.0 895.0
14209 846.0 931.0
14221 849.0 962.0
14233 853.0 991.0
14244 861.0 1015.0
14256 871.0 1033.0
14268 883.0 1048.0
14280 897.0 1058.0
14292 911.0 1066.0
14304 925.0 1069.0
14315 939.0 1070.0
14327 953.0 1066.0
14339 968.0 1056.0
14351 984.0 1043.0
14363 1001.0 1024.0
14375 1019.0 1000.0
14387 1033.0 974.0
14398 1044.0 945.0
14410 1053.0 913.0
14422 1059.0 877.0
14434 1064.0 839.0
14445 1068.0 800.0
14457 1071.0 758.0
14469 1071.0 715.0
14481 1069.0 672.0
14493 1065.0 629.0
14504 1056.0 586.0
14516 1042.0 544.0
14528 1025.0 502.0
14539 1002.0 461.0
14551 977.0 422.0
14563 951.0 384.0
14575 926.0 347.0
14586 903.0 313.0
14598 881.0 280.0
14610 860.0 249.0
14621 838.0 222.0
14633 815.0 197.0
14645 791.0 175.0
14656 764.0 158.0
14668 736.0 143.0
14679 708.0 132.0
14691 680.0 125.0
14703 653.0 122.0
14715 626.0 125.0
14726 598.0 132.0
14738 571.0 145.0
14750 546.0 163.0
14761 524.0 186.0
14773 507.0 211.0
14785 496.0 237.0
14796 490.0 265.0
14808 491.0 293.0
14820 498.0 320.0
14832 510.0 348.0
14843 528.0 374.0
14855 551.0 399.0
14867 580.0 422.0
14879 615.0 440.0
14891 657.0 456.0
14902 703.0 466.0
14914 754.0 474.0
14925 806.0 477.0
14937 863.0 477.0
14949 921.0 473.0
14961 980.0 465.0
14972 1040.0 454.0
14984 1098.0 438.0
14996 1154.0 421.0
15007 1208.0 404.0
15019 1260.0 384.0
15031 1307.0 364.0
15043 1350.0 343.0
15054 1387.0 322.0
15066 1418.0 301.0
15078 1443.0 280.0
15089 1462.0 259.0
15101 1475.0 239.0
15113 1484.0 220.0
15124 1487.0 202.0
15136 1485.0 187.0
15148 1479.0 175.0
15159 1469.0 166.0
15171 1455.0 161.0
15182 1434.0 159.0
15194 1405.0 161.0
15206 1371.0 166.0
15217 1332.0 176.0
15229 1293.0 188.0
15241 1251.0 204.0
15253 1210.0 221.0
15264 1171.0 242.0
15276 1133.0 266.0
15288 1096.0 293.0
15299 1061.0 325.0
15311 1025.0 358.0
15323 990.0 396.0
15335 957.0 435.0
15346 926.0 479.0
15358 900.0 524.0
15370 876.0 572.0
15382 857.0 620.0
15394 841.0 669.0
15405 828.0 718.0
15417 818.0 765.0
15429 810.0 811.0
15441 807.0 853.0
15452 806.0 891.0
15464 809.0 926.0
15476 813.0 957.0
15488 822.0 985.0
15500 834.0 1010.0
15512 848.0 1028.0
15523 864.0 1043.0
15535 881.0 1052.0
15547 899.0 1056.0
15559 916.0 1057.0
15571 933.0 1053.0
15583 951.0 1045.0
15595 968.0 1034.0
15606 984.0 1017.0
15618 1000.0 999.0
15630 1015.0 976.0
15642 1028.0 951.0
15653 1039.0 923.0
15665 1047.0 893.0
15677 1053.0 862.0
15689 1057.0 829.0
15700 1058.0 794.0
15712 1057.0 756.0
15724 1054.0 718.0
15736 1049.0 679.0
15747 1041.0 639.0
15759 1031.0 598.0
15771 1018.0 556.0
15783 1002.0 514.0
15795 985.0 471.0
15806 964.0 431.0
15818 942.0 392.0
15830 919.0 356.0
15841 895.0 322.0
15853 870.0 290.0
15865 844.0 259.0
15877 815.0 232.0
15888 786.0 207.0
15900 757.0 188.0
15912 727.0 171.0
15923 698.0 160.0
15935 670.0 152.0
15946 643.0 148.0
15958 618.0 147.0
15970 594.0 151.0
15982 573.0 159.0
15993 553.0 170.0
16005 535.0 186.0
16017 521.0 204.0
16028 511.0 226.0
16040 504.0 248.0
16052 503.0 271.0
16064 507.0 294.0
16075 518.0 317.0
16087 533.0 339.0
16099 553.0 360.0
16111 579.0 380.0
16122 611.0 398.0
16134 647.0 412.0
16146 688.0 424.0
16157 734.0 434.0
16169 783.0 440.0
16181 835.0 444.0
16193 888.0 444.0
16204 943.0 442.0
16216 997.0 439.0
16228 1050.0 434.0
16239 1100.0 428.0
16251 1150.0 420.0
16263 1199.0 410.0
16274 1246.0 398.0
16286 1293.0 384.0
16298 1337.0 368.0
16310 1377.0 351.0
16321 1413.0 334.0
16333 1442.0 316.0
16345 1464.0 298.0
16356 1480.0 282.0
16368 1490.0 268.0
16380 1497.0 255.0
16392 1500.0 242.0
16403 1499.0 230.0
16415 1494.0 218.0
16427 1485.0 207.0
16438 1473.0 196.0
16450 1455.0 187.0
16462 1432.0 181.0
16473 1405.0 177.0
16485 1374.0 179.0
16497 1340.0 187.0
16508 1301.0 199.0
16520 1260.0 217.0
16532 1215.0 240.0
16543 1170.0 268.0
16555 1126.0 299.0
16567 1084.0 333.0
16579 1045.0 370.0
16590 1007.0 409.0
16602 973.0 453.0
16614 941.0 498.0
16625 913.0 546.0
16637 887.0 595.0
16649 864.0 645.0
16661 844.0 696.0
16672 827.0 746.0
16684 814.0 796.0
16696 805.0 842.0
16708 800.0 887.0
16719 797.0 927.0
16732 799.0 965.0
16743 803.0 998.0
16755 809.0 1026.0
16767 816.0 1050.0
16779 826.0 1069.0
16790 836.0 1085.0
16802 848.0 1095.0
16814 859.0 1101.0
16826 872.0 1102.0
16838 885.0 1098.0
16850 898.0 1090.0
16862 912.0 1079.0
16874 925.0 1062.0
16885 938.0 1042.0
16897 949.0 1019.0
16909 960.0 992.0
16920 969.0 961.0
16933 975.0 928.0
16944 979.0 891.0
16956 980.0 852.0
16968 980.0 810.0
16980 979.0 765.0
16991 976.0 720.0
17003 971.0 674.0
17015 963.0 626.0
17027 953.0 579.0
17038 941.0 531.0
17050 926.0 484.0
17062 909.0 438.0
17073 890.0 393.0
17085 868.0 352.0
17097 844.0 313.0
17108 818.0 278.0
17120 789.0 247.0
17132 758.0 219.0
17144 726.0 196.0
17155 692.0 179.0
17167 659.0 166.0
17178 626.0 158.0
17190 594.0 155.0
17202 565.0 156.0
17213 539.0 161.0
17225 517.0 169.0
17237 500.0 180.0
17248 487.0 195.0
17260 478.0 212.0
17272 475.0 232.0
17284 476.0 255.0
17295 482.0 280.0
17307 493.0 308.0
17319 510.0 337.0
17331 532.0 366.0
17342 561.0 394.0
17354 596.0 420.0
17365 636.0 445.0
17377 682.0 466.0
17389 732.0 483.0
17401 785.0 495.0
17412 843.0 504.0
17424 903.0 507.0
17436 966.0 505.0
17448 1030.0 498.0
17459 1091.0 487.0
17471 1151.0 472.0
17483 1209.0 455.0
17494 1263.0 437.0
17506 1313.0 418.0
17518 1358.0 400.0
17530 1398.0 382.0
17542 1435.0 364.0
17553 1466.0 346.0
17565 1491.0 328.0
17577 1512.0 308.0
17588 1527.0 288.0
17600 1537.0 268.0
17612 1540.0 249.0
17623 1540.0 231.0
17635 1535.0 213.0
17647 1526.0 199.0
17658 1512.0 185.0
17670 1492.0 174.0
17682 1467.0 164.0
17693 1436.0 159.0
17705 1401.0 157.0
17717 1362.0 160.0
17728 1319.0 166.0
17740 1275.0 178.0
17752 1230.0 194.0
17763 1184.0 213.0
17775 1138.0 237.0
17787 1094.0 263.0
17799 1053.0 293.0
17810 1014.0 325.0
17822 976.0 361.0
17834 941.0 399.0
17845 907.0 442.0
17857 875.0 487.0
17869 847.0 533.0
17880 822.0 581.0
17892 800.0 632.0
17904 781.0 683.0
17916 765.0 734.0
17927 755.0 784.0
17939 747.0 830.0
17951 744.0 875.0
17963 743.0 915.0
17975 745.0 953.0
17987 750.0 987.0
17998 758.0 1018.0
18010 768.0 1043.0
18022 779.0 1064.0
18034 793.0 1080.0
18046 809.0 1090.0
18058 825.0 1096.0
18069 842.0 1097.0
18081 860.0 1092.0
18093 877.0 1081.0
18105 896.0 1065.0
18117 916.0 1046.0
18128 936.0 1022.0
18140 956.0 998.0
18152 974.0 970.0
18164 992.0 942.0
18176 1005.0 913.0
18187 1016.0 882.0
18199 1022.0 849.0
18211 1025.0 813.0
18223 1024.0 775.0
18235 1021.0 734.0
18246 1015.0 690.0
18258 1008.0 646.0
18270 1000.0 603.0
18282 990.0 560.0
18293 978.0 518.0
18305 963.0 477.0
18317 946.0 437.0
18328 926.0 398.0
18340 904.0 362.0
18352 882.0 327.0
18364 858.0 294.0
18375 832.0 262.0
18387 804.0 231.0
18398 775.0 203.0
18410 746.0 177.0
18422 719.0 153.0
18433 694.0 133.0
18445 669.0 117.0
18457 647.0 107.0
18469 627.0 102.0
18480 607.0 103.0
18492 586.0 109.0
18504 565.0 121.0
18515 544.0 139.0
18527 524.0 163.0
18539 506.0 187.0
18550 494.0 214.0
18562 487.0 240.0
18574 486.0 267.0
18585 491.0 292.0
18597 503.0 316.0
18609 520.0 339.0
18621 543.0 361.0
18632 570.0 381.0
18644 604.0 399.0
18656 643.0 415.0
18667 689.0 426.0
18679 739.0 435.0
18691 792.0 440.0
18703 851.0 443.0
18714 911.0 442.0
18726 973.0 438.0
18738 1034.0 431.0
18749 1094.0 421.0
18761 1151.0 410.0
18773 1207.0 395.0
18784 1260.0 378.0
18796 1311.0 360.0
18808 1356.0 341.0
18820 1399.0 321.0
18831 1436.0 302.0
18843 1465.0 284.0
18855 1488.0 267.0
18866 1504.0 252.0
18878 1514.0 238.0
18890 1520.0 225.0
18901 1521.0 212.0
18913 1518.0 201.0
18925 1512.0 190.0
18936 1501.0 180.0
18948 1486.0 172.0
18960 1465.0 166.0
18972 1439.0 163.0
18983 1408.0 164.0
18995 1376.0 169.0
19007 1342.0 179.0
19018 1305.0 192.0
19030 1268.0 210.0
19042 1230.0 232.0
19053 1191.0 257.0
19065 1153.0 287.0
19077 1114.0 320.0
19088 1074.0 358.0
19100 1034.0 397.0
19112 993.0 440.0
19123 953.0 486.0
19135 914.0 534.0
19147 881.0 582.0
19159 852.0 630.0
19170 829.0 677.0
19182 812.0 724.0
19194 801.0 770.0
19206 793.0 813.0
19217 790.0 854.0
19229 788.0 893.0
19241 790.0 931.0
19253 793.0 966.0
19265 799.0 998.0
19277 809.0 1026.0
19288 822.0 1049.0
19300 840.0 1068.0
19312 861.0 1083.0
19324 884.0 1093.0
19335 907.0 1099.0
19347 930.0 1100.0
19359 950.0 1095.0
19371 970.0 1084.0
19383 988.0 1070.0
19395 1006.0 1051.0
19407 1022.0 1026.0
19418 1036.0 998.0
19430 1047.0 967.0
19442 1055.0 933.0
19454 1059.0 896.0
19465 1061.0 858.0
19478 1060.0 819.0
19489 1057.0 776.0
19501 1051.0 731.0
19513 1043.0 685.0
19524 1032.0 637.0
19536 1019.0 590.0
19548 1002.0 543.0
19560 983.0 496.0
19571 960.0 450.0
19583 936.0 408.0
19595 909.0 369.0
19607 881.0 332.0
19618 853.0 297.0
19630 825.0 263.0
19642 797.0 231.0
19653 770.0 201.0
19665 742.0 176.0
19677 714.0 156.0
19688 684.0 142.0
19700 655.0 132.0
19712 624.0 129.0
19723 595.0 131.0
19735 566.0 139.0
19747 538.0 150.0
19758 512.0 167.0
19770 489.0 186.0
19781 471.0 208.0
19793 459.0 232.0
19805 454.0 256.0
19817 455.0 281.0
19828 461.0 308.0
19840 474.0 336.0
19852 493.0 363.0
19864 518.0 389.0
19875 550.0 413.0
19887 588.0 432.0
19899 633.0 450.0
19911 684.0 463.0
19922 737.0 473.0
19934 793.0 479.0
19946 850.0 483.0
19958 909.0 485.0
19969 968.0 484.0
19981 1028.0 480.0
19993 1086.0 472.0
20004 1143.0 462.0
20016 1198.0 450.0
20028 1251.0 437.0
20039 1298.0 422.0
20051 1341.0 407.0
20063 1378.0 391.0
20075 1410.0 374.0
20086 1439.0 355.0
20098 1463.0 335.0
20110 1485.0 314.0
20121 1504.0 292.0
20133 1521.0 271.0
20145 1531.0 250.0
20157 1538.0 231.0
20168 1539.0 213.0
20180 1535.0 196.0
20192 1525.0 181.0
20203 1512.0 168.0
20215 1494.0 157.0
20226 1474.0 149.0
20238 1450.0 144.0
20250 1424.0 143.0
20262 1395.0 146.0
20273 1363.0 153.0
20285 1329.0 165.0
20296 1293.0 181.0
20308 1255.0 201.0
20320 1215.0 226.0
20332 1174.0 253.0
20344 1132.0 285.0
20355 1091.0 320.0
20367 1051.0 358.0
20378 1013.0 398.0
20390 977.0 442.0
20402 944.0 488.0
20414 913.0 538.0
20425 885.0 589.0
20437 861.0 640.0
20449 839.0 691.0
20461 822.0 742.0
20472 808.0 791.0
20484 798.0 838.0
20496 793.0 883.0
20508 789.0 926.0
20520 789.0 968.0
20532 790.0 1006.0
20544 793.0 1041.0
20555 798.0 1069.0
20567 806.0 1093.0
20579 816.0 1110.0
20591 827.0 1121.0
20603 840.0 1128.0
20614 854.0 1131.0
20626 869.0 1128.0
20638 884.0 1121.0
20650 899.0 1111.0
20662 914.0 1095.0
20673 930.0 1077.0
20685 945.0 1054.0
20697 961.0 1028.0
20709 976.0 997.0
20721 989.0 963.0
20733 1000.0 926.0
20745 1008.0 887.0
20756 1011.0 847.0
20768 1012.0 806.0
20780 1008.0 764.0
20791 1003.0 720.0
20803 995.0 676.0
20815 986.0 632.0
20827 976.0 587.0
20838 963.0 542.0
20850 946.0 498.0
20862 927.0 455.0
20873 904.0 415.0
20885 880.0 376.0
20897 856.0 340.0
20908 831.0 304.0
20920 806.0 270.0
20932 781.0 238.0
20944 758.0 209.0
20955 736.0 185.0
20967 713.0 165.0
20979 689.0 151.0
20990 664.0 144.0
21002 637.0 142.0
21014 608.0 146.0
21025 577.0 156.0
21037 547.0 169.0
21049 519.0 187.0
21060 494.0 210.0
21072 471.0 236.0
21084 453.0 265.0
21095 438.0 296.0
21107 431.0 328.0
21119 431.0 360.0
21131 439.0 390.0
21142 454.0 417.0
21154 476.0 442.0
21166 504.0 465.0
21177 538.0 484.0
21189 578.0 500.0
21201 625.0 511.0
21212 678.0 519.0
21224 734.0 522.0
21236 794.0 521.0
21248 857.0 518.0
21260 923.0 510.0
21271 989.0 500.0
21283 1056.0 487.0
21294 1121.0 472.0
21306 1185.0 457.0
21318 1247.0 440.0
21330 1306.0 423.0
21342 1359.0 406.0
21353 1406.0 389.0
21365 1446.0 368.0
21377 1479.0 347.0
21388 1506.0 324.0
21400 1526.0 302.0
21412 1539.0 281.0
21423 1546.0 262.0
21435 1548.0 244.0
21447 1544.0 229.0
21459 1533.0 216.0
21470 1516.0 205.0
21482 1488.0 196.0
21494 1454.0 190.0
21506 1415.0 186.0
21517 1374.0 186.0
21529 1333.0 190.0
21541 1292.0 197.0
21552 1252.0 208.0
21564 1212.0 224.0
21576 1174.0 242.0
21587 1138.0 266.0
21599 1103.0 292.0
21611 1070.0 323.0
21623 1038.0 356.0
21634 1006.0 395.0
21646 974.0 437.0
21658 944.0 483.0
21669 915.0 533.0
21681 888.0 583.0
21693 864.0 635.0
21705 845.0 686.0
21716 829.0 737.0
21728 819.0 787.0
21740 811.0 834.0
21752 808.0 880.0
21764 806.0 923.0
21776 808.0 964.0
21787 811.0 1002.0
21799 818.0 1034.0
21811 829.0 1060.0
21823 841.0 1078.0
21835 855.0 1089.0
21846 869.0 1094.0
21858 883.0 1094.0
21870 896.0 1090.0
21882 910.0 1082.0
21894 925.0 1071.0
21905 940.0 1055.0
21917 956.0 1037.0
21929 972.0 1016.0
21941 988.0 991.0
21953 1002.0 965.0
21965 1015.0 933.0
21976 1026.0 900.0
21988 1032.0 862.0
22000 1034.0 821.0
22012 1031.0 777.0
22024 1024.0 732.0
22035 1014.0 685.0
22047 1001.0 637.0
22059 988.0 590.0
22071 974.0 544.0
22082 957.0 499.0
22094 938.0 456.0
22106 913.0 416.0
22118 884.0 379.0
22129 849.0 345.0
22141 810.0 312.0
22153 769.0 279.0
22164 728.0 248.0
22176 690.0 220.0
22188 657.0 195.0
22199 626.0 175.0
22211 599.0 161.0
22222 574.0 155.0
22234 550.0 156.0
22246 527.0 164.0
22258 504.0 178.0
22269 484.0 198.0
22281 466.0 223.0
22293 455.0 249.0
22305 450.0 279.0
22316 450.0 310.0
22328 455.0 342.0
22340 466.0 373.0
22351 482.0 403.0
22363 502.0 429.0
22375 528.0 454.0
22386 560.0 475.0
22398 599.0 493.0
22410 643.0 508.0
22422 692.0 519.0
22434 745.0 525.0
22445 802.0 527.0
22457 861.0 525.0
22469 922.0 520.0
22480 984.0 511.0
22492 1044.0 499.0
22504 1100.0 485.0
22515 1155.0 468.0
22527 1208.0 451.0
22539 1260.0 432.0
22551 1307.0 411.0
22563 1352.0 390.0
22574 1391.0 368.0
22586 1427.0 346.0
22597 1456.0 326.0
22609 1479.0 307.0
22621 1496.0 289.0
22633 1507.0 273.0
22644 1514.0 258.0
22656 1516.0 245.0
22668 1512.0 232.0
22679 1503.0 220.0
22691 1489.0 209.0
22703 1468.0 200.0
22714 1441.0 193.0
22726 1409.0 188.0
22738 1374.0 185.0
22750 1337.0 186.0
22762 1299.0 190.0
22773 1259.0 199.0
22785 1219.0 211.0
22797 1178.0 228.0
22808 1138.0 248.0
22820 1098.0 273.0
22832 1059.0 300.0
22843 1021.0 331.0
22855 984.0 365.0
22867 948.0 401.0
22879 914.0 440.0
22891 882.0 482.0
22902 855.0 527.0
22914 830.0 573.0
22925 809.0 620.0
22937 791.0 668.0
22949 775.0 717.0
22961 764.0 765.0
22973 755.0 811.0
22984 751.0 857.0
22996 747.0 900.0
23008 747.0 942.0
23020 749.0 983.0
23032 753.0 1022.0
23044 761.0 1057.0
23056 771.0 1089.0
23067 784.0 1118.0
23079 802.0 1142.0
23091 822.0 1159.0
23103 846.0 1169.0
23114 870.0 1173.0
23126 894.0 1170.0
23138 919.0 1161.0
23150 944.0 1146.0
23162 968.0 1125.0
23174 990.0 1101.0
23185 1012.0 1074.0
23197 1033.0 1045.0
23209 1054.0 1013.0
23221 1073.0 976.0
23233 1091.0 936.0
23244 1106.0 893.0
23256 1116.0 848.0
23268 1120.0 804.0
23280 1121.0 759.0
23292 1117.0 714.0
23303 1109.0 668.0
23315 1098.0 623.0
23327 1082.0 580.0
23338 1064.0 538.0
23350 1042.0 496.0
23362 1018.0 456.0
23373 992.0 418.0
23385 964.0 383.0
23397 935.0 352.0
23408 904.0 321.0
23420 873.0 292.0
23432 841.0 264.0
23443 809.0 239.0
23455 777.0 215.0
23467 749.0 195.0
23478 722.0 178.0
23490 696.0 167.0
23502 670.0 161.0
23513 645.0 159.0
23525 620.0 163.0
23537 597.0 173.0
23548 577.0 187.0
23560 559.0 205.0
23572 545.0 228.0
23583 535.0 253.0
23595 528.0 281.0
23607 528.0 310.0
23618 533.0 340.0
23630 544.0 369.0
23642 561.0 396.0
23653 583.0 421.0
23665 611.0 445.0
23677 643.0 464.0
23689 682.0 481.0
23700 726.0 492.0
23712 773.0 501.0
23724 825.0 504.0
23735 879.0 502.0
23747 938.0 497.0
23759 997.0 488.0
23770 1057.0 478.0
23782 1116.0 465.0
23794 1173.0 451.0
23805 1229.0 436.0
23817 1283.0 420.0
23829 1333.0 403.0
23841 1378.0 386.0
23852 1420.0 368.0
23864 1456.0 348.0
23876 1486.0 328.0
23887 1510.0 308.0
23899 1527.0 290.0
23911 1538.0 272.0
23922 1544.0 256.0
23934 1545.0 243.0
23946 1541.0 232.0
23958 1534.0 221.0
23969 1521.0 212.0
23981 1503.0 205.0
23993 1482.0 200.0
24004 1458.0 196.0
24016 1430.0 194.0
24028 1402.0 195.0
24039 1372.0 198.0
24051 1341.0 203.0
24062 1309.0 210.0
24074 1275.0 221.0
24086 1239.0 234.0
24098 1202.0 251.0
24109 1164.0 272.0
24121 1125.0 296.0
24132 1086.0 323.0
24144 1049.0 355.0
24156 1015.0 388.0
24167 983.0 425.0
24179 955.0 465.0
24191 930.0 510.0
24203 906.0 557.0
24214 886.0 607.0
24226 868.0 658.0
24238 855.0 710.0
24250 846.0 762.0
24262 842.0 813.0
24273 841.0 862.0
24285 843.0 909.0
24297 846.0 955.0
24309 852.0 998.0
24321 860.0 1036.0
24332 869.0 1069.0
24344 879.0 1096.0
24356 891.0 1117.0
24368 904.0 1131.0
24380 919.0 1139.0
24392 935.0 1142.0
24404 951.0 1141.0
24415 967.0 1134.0
24427 984.0 1121.0
24439 1000.0 1103.0
24451 1016.0 1078.0
24463 1029.0 1050.0
24474 1040.0 1016.0
24486 1050.0 978.0
24498 1056.0 938.0
24510 1060.0 895.0
24521 1058.0 852.0
24533 1054.0 809.0
24545 1046.0 764.0
24557 1036.0 719.0
24568 1024.0 673.0
24580 1009.0 627.0
24592 992.0 581.0
24603 971.0 535.0
24616 947.0 490.0
24627 922.0 446.0
24639 896.0 405.0
24651 871.0 367.0
24662 846.0 334.0
24674 822.0 303.0
24685 796.0 277.0
24697 768.0 255.0
24709 739.0 237.0
24720 708.0 224.0
24732 677.0 214.0
24744 647.0 209.0
24755 618.0 206.0
24767 593.0 208.0
24779 569.0 211.0
24790 550.0 219.0
24802 533.0 229.0
24814 519.0 243.0
24825 508.0 261.0
24837 498.0 283.0
24849 493.0 308.0
24861 492.0 337.0
24872 496.0 367.0
24884 505.0 397.0
24896 520.0 426.0
24907 542.0 454.0
24919 569.0 479.0
24931 602.0 503.0
24943 641.0 523.0
24954 683.0 540.0
24966 728.0 550.0
24978 776.0 556.0
24989 828.0 558.0
25001 881.0 554.0
25013 939.0 547.0
25025 997.0 537.0
25036 1055.0 522.0
25048 1111.0 505.0
25060 1166.0 485.0
25071 1219.0 462.0
25084 1270.0 439.0
25095 1316.0 415.0
25107 1360.0 390.0
25119 1399.0 364.0
25130 1433.0 338.0
25142 1460.0 313.0
25154 1482.0 288.0
25165 1497.0 266.0
25177 1506.0 245.0
25188 1509.0 225.0
25200 1507.0 207.0
25212 1501.0 192.0
25223 1491.0 180.0
25235 1476.0 170.0
25247 1456.0 165.0
25258 1431.0 163.0
25270 1401.0 165.0
25282 1368.0 171.0
25293 1332.0 182.0
25305 1294.0 196.0
25317 1256.0 213.0
25329 1218.0 235.0
25340 1179.0 259.0
25352 1141.0 288.0
25364 1106.0 320.0
25375 1073.0 355.0
25387 1041.0 392.0
25399 1009.0 432.0
25410 977.0 476.0
25423 947.0 522.0
25434 921.0 571.0
25446 897.0 620.0
25458 880.0 668.0
25469 866.0 717.0
25481 858.0 766.0
25493 854.0 814.0
25505 852.0 860.0
25517 853.0 904.0
25528 856.0 944.0
25540 859.0 982.0
25552 866.0 1013.0
25564 876.0 1041.0
25576 887.0 1064.0
25588 900.0 1082.0
25599 913.0 1096.0
25611 926.0 1105.0
25623 938.0 1108.0
25635 951.0 1104.0
25647 963.0 1092.0
25659 976.0 1073.0
25670 987.0 1046.0
25682 998.0 1014.0
25694 1009.0 978.0
25706 1016.0 940.0
25718 1021.0 901.0
25729 1025.0 860.0
25741 1027.0 817.0
25753 1027.0 772.0
25765 1026.0 724.0
25776 1023.0 674.0
25788 1017.0 625.0
25800 1006.0 576.0
25812 993.0 528.0
25823 977.0 480.0
25835 960.0 434.0
25847 941.0 390.0
25858 921.0 350.0
25870 901.0 312.0
25882 879.0 277.0
25894 855.0 246.0
25905 829.0 219.0
25917 801.0 197.0
25928 771.0 180.0
25940 740.0 168.0
25952 709.0 161.0
25963 677.0 158.0
25975 645.0 160.0
25987 615.0 165.0
25998 588.0 175.0
26010 563.0 187.0
26022 542.0 201.0
26033 525.0 217.0
26045 510.0 235.0
26057 500.0 257.0
26069 492.0 281.0
26080 487.0 310.0
26092 487.0 341.0
26103 492.0 374.0
26115 503.0 408.0
26127 520.0 441.0
26139 543.0 473.0
26150 573.0 501.0
26162 608.0 525.0
26174 649.0 546.0
26186 695.0 561.0
26197 743.0 570.0
26209 795.0 573.0
26221 848.0 570.0
26233 905.0 563.0
26244 962.0 553.0
26256 1018.0 538.0
26268 1073.0 521.0
26279 1126.0 500.0
26291 1177.0 477.0
26303 1225.0 453.0
26315 1270.0 428.0
26327 1309.0 402.0
26338 1345.0 375.0
26350 1376.0 349.0
26361 1402.0 323.0
26373 1424.0 298.0
26385 1440.0 275.0
26396 1450.0 254.0
26408 1457.0 235.0
26420 1459.0 217.0
26432 1456.0 202.0
26443 1451.0 189.0
26455 1441.0 178.0
26466 1429.0 168.0
26478 1412.0 163.0
26490 1393.0 160.0
26501 1369.0 162.0
26513 1343.0 167.0
26525 1313.0 178.0
26536 1281.0 193.0
26548 1245.0 212.0
26560 1207.0 236.0
26572 1167.0 264.0
26584 1126.0 295.0
26595 1084.0 330.0
26607 1042.0 367.0
26619 1002.0 405.0
26630 965.0 448.0
26642 934.0 493.0
26654 906.0 540.0
26666 883.0 588.0
26677 864.0 636.0
26689 848.0 684.0
26701 836.0 733.0
26713 827.0 780.0
26724 823.0 826.0
26736 823.0 871.0
26748 826.0 913.0
26760 834.0 955.0
26772 843.0 994.0
26783 853.0 1032.0
26795 863.0 1063.0
26807 873.0 1090.0
26819 884.0 1110.0
26831 895.0 1123.0
26843 908.0 1129.0
26854 922.0 1128.0
26866 937.0 1118.0
26878 954.0 1100.0
26890 970.0 1075.0
26902 986.0 1045.0
26913 1000.0 1011.0
26925 1012.0 973.0
26937 1023.0 933.0
26949 1031.0 890.0
26961 1036.0 846.0
26973 1040.0 801.0
26984 1041.0 751.0
26996 1039.0 699.0
27008 1034.0 646.0
27019 1024.0 591.0
27031 1010.0 537.0
27043 990.0 484.0
27055 965.0 435.0
27066 938.0 390.0
27078 907.0 350.0
27090 875.0 312.0
27101 841.0 277.0
27113 806.0 243.0
27125 771.0 212.0
27136 736.0 183.0
27148 701.0 158.0
27160 668.0 137.0
27171 636.0 120.0
27183 607.0 110.0
27195 579.0 105.0
27206 552.0 106.0
27218 526.0 114.0
27229 501.0 128.0
27241 479.0 147.0
27253 460.0 171.0
27264 443.0 197.0
27276 432.0 225.0
27288 427.0 255.0
27300 428.0 285.0
27312 436.0 316.0
27323 450.0 347.0
27335 469.0 377.0
27346 494.0 405.0
27358 521.0 430.0
27370 553.0 454.0
27382 588.0 474.0
27394 627.0 492.0
27405 671.0 507.0
27417 719.0 517.0
27429 771.0 522.0
27441 825.0 523.0
27452 881.0 521.0
27464 938.0 517.0
27476 995.0 510.0
27487 1051.0 500.0
27499 1105.0 488.0
27511 1158.0 474.0
27523 1211.0 458.0
27534 1263.0 441.0
27546 1310.0 424.0
27558 1355.0 406.0
27570 1394.0 386.0
27581 1427.0 365.0
27593 1453.0 344.0
27605 1471.0 323.0
27616 1482.0 304.0
27628 1489.0 285.0
27640 1493.0 266.0
27651 1496.0 248.0
27663 1495.0 230.0
27675 1492.0 215.0
27687 1485.0 202.0
27698 1473.0 191.0
27710 1454.0 182.0
27722 1429.0 178.0
27733 1397.0 178.0
27745 1360.0 181.0
27757 1321.0 189.0
27768 1281.0 199.0
27780 1242.0 210.0
27792 1206.0 224.0
27803 1172.0 239.0
27815 1140.0 256.0
27827 1110.0 277.0
27838 1080.0 302.0
27850 1051.0 332.0
27862 1021.0 365.0
27874 990.0 402.0
27885 959.0 443.0
27897 928.0 488.0
27909 900.0 533.0
27921 874.0 580.0
27932 852.0 628.0
27944 835.0 676.0
27956 821.0 723.0
27968 812.0 770.0
27979 807.0 816.0
27991 803.0 858.0
28003 804.0 899.0
28015 807.0 938.0
28027 811.0 977.0
28038 816.0 1015.0
28050 823.0 1048.0
28062 833.0 1078.0
28074 844.0 1102.0
28086 859.0 1121.0
28098 876.0 1134.0
28109 892.0 1142.0
28121 908.0 1146.0
28133 922.0 1146.0
28145 936.0 1141.0
28157 952.0 1130.0
28169 969.0 1114.0
28180 989.0 1092.0
28193 1010.0 1063.0
28204 1030.0 1029.0
28216 1048.0 990.0
28228 1064.0 951.0
28240 1075.0 912.0
28251 1083.0 873.0
28263 1087.0 835.0
28275 1090.0 797.0
28287 1090.0 758.0
28298 1088.0 714.0
28310 1085.0 668.0
28322 1077.0 619.0
28334 1066.0 569.0
28345 1049.0 521.0
28357 1027.0 475.0
28369 999.0 433.0
28381 968.0 395.0
28393 935.0 362.0
28404 902.0 330.0
28416 870.0 301.0
28427 839.0 271.0
28439 809.0 243.0
28451 779.0 215.0
28462 748.0 188.0
28474 717.0 163.0
28485 683.0 141.0
28497 649.0 125.0
28509 615.0 116.0
28521 583.0 114.0
28532 554.0 120.0
28544 529.0 132.0
28556 506.0 150.0
28567 488.0 171.0
28579 473.0 195.0
28591 463.0 223.0
28602 459.0 252.0
28614 460.0 282.0
28626 466.0 311.0
28637 480.0 340.0
28649 500.0 368.0
28661 527.0 392.0
28673 560.0 415.0
28684 599.0 433.0
28696 644.0 449.0
28708 691.0 460.0
28719 742.0 469.0
28731 794.0 473.0
28743 849.0 475.0
28755 906.0 474.0
28766 965.0 471.0
28778 1025.0 464.0
28790 1083.0 453.0
28801 1139.0 440.0
28813 1194.0 424.0
28825 1247.0 407.0
28837 1297.0 387.0
28849 1342.0 365.0
28860 1382.0 341.0
28872 1417.0 319.0
28883 1445.0 298.0
28895 1467.0 280.0
28907 1482.0 262.0
