501.0 120.0
502.0113 120.00506
503.034 120.01529
504.0682 120.0308
505.114 120.05172
506.17154 120.07816
507.24088 120.11025
508.3221 120.14811
509.41534 120.191864
510.5207 120.24164
511.63824 120.29756
512.7681 120.359764
513.9104 120.42838
515.0652 120.50355
516.23254 120.585396
517.4126 120.674065
518.60547 120.7697
519.8112 120.87244
521.02997 120.98242
522.2618 121.0998
523.5068 121.22472
524.7651 121.35732
526.03674 121.49777
527.32184 121.64622
528.6205 121.80281
529.9328 121.967705
531.2588 122.14107
532.59863 122.32305
533.95233 122.51382
535.32 122.71354
536.7018 122.92237
538.0977 123.14049
539.5079 123.36806
540.9323 123.60525
542.37115 123.852234
543.82446 124.10919
545.2923 124.3763
546.7748 124.653725
548.272 124.94166
549.7839 125.24028
551.3106 125.54977
552.85223 125.87031
554.4089 126.20209
555.9805 126.545296
557.56726 126.900116
559.1691 127.26674
560.7862 127.64536
562.4185 128.03618
564.06616 128.43938
565.7291 128.85516
567.40753 129.28372
569.1014 129.72527
570.81067 130.17998
572.5355 130.64807
574.27594 131.12975
576.032 131.6252
577.80365 132.13464
579.591 132.65828
581.39404 133.19632
583.21277 133.74898
585.04724 134.31645
586.89746 134.89894
588.7634 135.49667
590.6452 136.10985
592.5428 136.73868
594.4561 137.38338
596.38525 138.04416
598.3302 138.72124
600.29095 139.41483
602.26746 140.12512
604.2597 140.85236
606.2677 141.59674
608.29144 142.35849
610.33093 143.13782
612.38605 143.93494
614.45685 144.75005
616.5433 145.58337
618.64526 146.43513
620.76276 147.30554
622.89575 148.19481
625.0442 149.10315
627.208 150.03078
629.38715 150.97789
631.58154 151.9447
633.7911 152.93143
636.01575 153.93828
638.2555 154.96545
640.5102 156.01317
642.7797 157.08162
645.064 158.17102
647.36304 159.28157
649.67664 160.41347
652.0047 161.56691
654.34717 162.74211
656.7039 163.93925
659.0748 165.15854
661.4597 166.40015
663.8585 167.66428
666.2711 168.95111
668.6973 170.26085
671.137 171.59366
673.5901 172.94972
676.05634 174.32922
678.5356 175.73235
681.0277 177.15926
683.5326 178.61012
686.05 180.08511
688.5798 181.5844
691.12177 183.10812
693.6757 184.65646
696.2415 186.22957
698.8189 187.82758
701.4078 189.45065
704.0078 191.09892
706.6189 192.77254
709.2408 194.47163
711.8732 196.19633
714.51605 197.94678
717.169 199.72308
719.83185 201.52536
722.5044 203.35373
725.18634 205.20831
727.8775 207.0892
730.5776 208.99649
733.2863 210.93028
736.0035 212.89067
738.7288 214.87775
741.46204 216.89157
744.2029 218.93224
746.95105 220.9998
749.7063 223.09435
752.4683 225.21591
755.2368 227.36456
758.01154 229.54034
760.7921 231.74329
763.5783 233.97343
766.3698 236.23082
769.1663 238.51547
771.9675 240.8274
774.7731 243.16661
777.5827 245.53311
780.39606 247.92691
783.2128 250.34799
786.03265 252.79636
788.8553 255.27197
791.6803 257.7748
794.5074 260.30484
797.33624 262.86203
800.1665 265.44632
802.99786 268.05765
805.8299 270.69598
808.6623 273.36124
811.49475 276.05334
814.32684 278.77222
817.15826 281.51776
819.98865 284.2899
822.8176 287.0885
825.64484 289.91348
828.47 292.7647
831.2926 295.6421
834.1124 298.54547
836.929 301.4747
839.74207 304.42966
842.55115 307.4102
845.35596 310.41614
848.15607 313.44733
850.9512 316.50357
853.74084 319.58472
856.5248 322.69055
859.30255 325.8209
862.07385 328.97556
864.83826 332.1543
867.59546 335.35693
870.34503 338.58322
873.0867 341.83295
875.81995 345.10587
878.54456 348.40173
881.26013 351.72028
883.96625 355.06128
886.6626 358.42447
889.3488 361.80954
892.0246 365.21625
894.6895 368.64432
897.34326 372.09344
899.9855 375.56332
902.6158 379.05368
905.2339 382.56418
907.8394 386.0945
910.432 389.64438
913.01135 393.21344
915.57715 396.80136
918.129 400.4078
920.6666 404.03244
923.1897 407.6749
925.6979 411.33484
928.19086 415.01187
930.66833 418.70566
933.13 422.41583
935.57556 426.14203
938.00464 429.88385
940.41705 433.64093
942.81244 437.41284
945.1905 441.19922
947.55096 444.99966
949.8936 448.81378
952.21814 452.64117
954.52423 456.4814
956.8117 460.33408
959.08026 464.19876
961.3296 468.07504
963.5595 471.96252
965.7698 475.86075
967.96014 479.7693
970.1304 483.6877
972.2803 487.6156
974.4096 491.55252
976.5181 495.49802
978.60565 499.45163
980.672 503.41296
982.7169 507.38153
984.74023 511.3569
986.7418 515.3386
988.72144 519.32623
990.67896 523.31934
992.6142 527.31744
994.527 531.32007
996.4172 535.3268
998.2846 539.33716
1000.12915 543.3507
1001.9507 547.367
1003.7491 551.38556
1005.52423 555.40594
1007.276 559.4277
1009.00433 563.4503
1010.70905 567.47345
1012.3901 571.4966
1014.04736 575.5193
1015.6808 579.5411
1017.29034 583.5615
1018.8759 587.5802
1020.43744 591.5966
1021.97485 595.61035
1023.4881 599.621
1024.9772 603.62805
1026.442 607.6311
1027.8826 611.6297
1029.2988 615.6235
1030.6909 619.61194
1032.0586 623.59467
1033.402 627.5712
1034.7211 631.5412
1036.0159 635.5042
1037.2864 639.45984
1038.5327 643.40765
1039.7548 647.3472
1040.9526 651.27814
1042.1263 655.2001
1043.276 659.11255
1044.4016 663.0152
1045.5032 666.90765
1046.5808 670.78955
1047.6346 674.66046
1048.6647 678.52
1049.671 682.36786
1050.6537 686.2036
1051.6128 690.027
1052.5485 693.8375
1053.4608 697.63495
1054.35 701.4189
1055.2161 705.18896
1056.0591 708.9449
1056.8793 712.68634
1057.6766 716.41296
1058.4514 720.1245
1059.2037 723.8206
1059.9337 727.501
1060.6415 731.1653
1061.3271 734.81323
1061.991 738.4445
1062.633 742.0589
1063.2535 745.6561
1063.8525 749.2359
1064.4303 752.7979
1064.9869 756.3419
1065.5227 759.86774
1066.0377 763.37506
1066.5322 766.86365
1067.0063 770.33325
1067.4602 773.7837
1067.8942 777.2147
1068.3082 780.6261
1068.7028 784.01764
1069.0779 787.38916
1069.4337 790.7404
1069.7706 794.0713
1070.0887 797.38153
1070.3882 800.67096
1070.6693 803.93945
1070.9323 807.1868
1071.1772 810.4129
1071.4045 813.61755
1071.6143 816.8006
1071.8066 819.9619
1071.982 823.1014
1072.1405 826.2189
1072.2823 829.3143
1072.4078 832.38745
1072.5171 835.4383
1072.6104 838.4667
1072.6879 841.47253
1072.7499 844.45575
1072.7966 847.41626
1072.8284 850.354
1072.8452 853.26886
1072.8475 856.1608
1072.8354 859.0298
1072.8092 861.8757
1072.7692 864.6985
1072.7155 867.4981
1072.6482 870.27454
1072.5677 873.0278
1072.4744 875.75775
1072.3682 878.4644
1072.2495 881.1478
1072.1185 883.8079
1071.9755 886.44464
1071.8206 889.05804
1071.654 891.64813
1071.4762 894.2149
1071.2871 896.75836
1071.087 899.27856
1070.8763 901.77545
1070.6552 904.2491
1070.4236 906.6995
1070.182 909.1268
1069.9305 911.5309
1069.6694 913.91187
1069.3989 916.26984
1069.1193 918.6048
1068.8306 920.9168
1068.5332 923.20593
1068.2272 925.4722
1067.9128 927.71576
1067.5903 929.9366
1067.2599 932.13477
1066.9218 934.3104
1066.576 936.4636
1066.223 938.5944
1065.8628 940.70294
1065.4956 942.78925
1065.1217 944.85345
1064.7412 946.8956
1064.3544 948.9159
1063.9613 950.91437
1063.5623 952.8911
1063.1573 954.84625
1062.7468 956.7799
1062.3308 958.6922
1061.9095 960.58325
1061.4832 962.4531
1061.0518 964.302
1060.6156 966.12994
1060.1749 967.93713
1059.7297 969.7237
1059.2803 971.48975
1058.8267 973.23535
1058.3691 974.96075
1057.9078 976.666
1057.4429 978.35126
1056.9744 980.01666
1056.5026 981.66235
1056.0276 983.28845
1055.5496 984.89514
1055.0686 986.48254
1054.5848 988.0508
1054.0985 989.60004
1053.6096 991.13043
1053.1184 992.64215
1052.6249 994.1353
1052.1293 995.61005
1051.6317 997.0665
1051.1323 998.5049
1050.6311 999.9253
1050.1283 1001.32794
1049.624 1002.7129
1049.1183 1004.0804
1048.6113 1005.43054
1048.1031 1006.7635
1047.594 1008.0794
1047.0839 1009.3784
1046.5729 1010.6607
1046.0612 1011.92645
1045.5488 1013.1758
1045.0359 1014.4089
1044.5225 1015.62585
1044.0087 1016.8269
1043.4946 1018.01215
1042.9805 1019.18176
1042.4662 1020.33594
1041.9519 1021.4748
1041.4376 1022.59845
1040.9235 1023.7071
1040.4095 1024.8009
1039.896 1025.88
1039.3828 1026.9446
1038.8701 1027.9948
1038.3579 1029.0306
1037.8463 1030.0525
1037.3353 1031.0604
1036.8251 1032.0546
1036.3156 1033.035
1035.8069 1034.0021
1035.2992 1034.9558
1034.7925 1035.8964
1034.2867 1036.8239
1033.7821 1037.7384
1033.2786 1038.6403
1032.7762 1039.5295
1032.2751 1040.4064
1031.7753 1041.2709
1031.2767 1042.1233
1030.7795 1042.9636
1030.2838 1043.7921
1029.7896 1044.6089
1029.2968 1045.4141
1028.8055 1046.2078
1028.3158 1046.9902
1027.8278 1047.7615
1027.3413 1048.5217
1026.8566 1049.2711
1026.3735 1050.0096
1025.8922 1050.7375
1025.4127 1051.455
1024.9349 1052.162
1024.459 1052.8589
1023.9849 1053.5457
1023.5127 1054.2224
1023.04236 1054.8893
1022.574 1055.5465
1022.10754 1056.1941
1021.64307 1056.8323
1021.18054 1057.461
1020.72003 1058.0806
1020.26154 1058.691
1019.80505 1059.2925
1019.35065 1059.885
1018.89825 1060.4689
1018.44794 1061.0441
1017.9997 1061.6107
1017.5536 1062.169
1017.10956 1062.7189
1016.66766 1063.2606
1016.2279 1063.7943
1015.7903 1064.3201
1015.3548 1064.838
1014.92145 1065.3481
1014.49023 1065.8506
1014.06116 1066.3456
1013.6343 1066.8331
1013.20953 1067.3134
1012.7869 1067.7863
1012.3665 1068.2521
1011.94824 1068.7108
1011.53217 1069.1627
1011.1182 1069.6078
1010.7065 1070.046
1010.2969 1070.4777
1009.88947 1070.9027
1009.4842 1071.3213
1009.0811 1071.7335
1008.6802 1072.1394
1008.2814 1072.5392
1007.8847 1072.9329
1007.4902 1073.3204
1007.0978 1073.7021
1006.7075 1074.078
1006.3194 1074.448
1005.9334 1074.8124
1005.54956 1075.1711
1005.1678 1075.5244
1004.7881 1075.8722
1004.41046 1076.2146
1004.035 1076.5518
1003.6615 1076.8837
1003.2901 1077.2104
1002.9208 1077.5321
1002.55347 1077.8489
1002.18823 1078.1606
1001.825 1078.4675
1001.4638 1078.7697
1001.10455 1079.0671
1000.7473 1079.36
1000.392 1079.6482
1000.0387 1079.9319
999.6873 1080.2112
999.3379 1080.4861
998.9904 1080.7567
998.64484 1081.0231
998.30115 1081.2852
997.95935 1081.5431
997.61945 1081.797
997.2814 1082.0469
996.9452 1082.2928
996.61084 1082.5349
996.2783 1082.7731
995.9476 1083.0074
995.6186 1083.2382
995.29144 1083.4652
994.96606 1083.6886
994.6424 1083.9084
994.3205 1084.1248
994.0003 1084.3375
993.6818 1084.5469
993.365 1084.7529
993.04987 1084.9556
992.7364 1085.155
992.42456 1085.3512
992.1144 1085.5442
991.8058 1085.734
991.4988 1085.9208
991.19336 1086.1045
990.8895 1086.2852
990.5872 1086.4629
990.2865 1086.6377
989.98724 1086.8097
989.6895 1086.9788
989.3933 1087.145
989.0986 1087.3086
988.8053 1087.4695
988.5134 1087.6277
988.223 1087.7832
987.934 1087.936
987.6464 1088.0863
987.36017 1088.2341
987.0753 1088.3794
986.7918 1088.5222
986.5096 1088.6626
986.2287 1088.8005
985.9491 1088.9362
985.6708 1089.0695
985.39374 1089.2004
985.118 1089.3291
984.84344 1089.4556
984.5701 1089.5798
984.29803 1089.7019
984.0271 1089.8218
983.7574 1089.9396
983.48883 1090.0552
983.2214 1090.1687
982.9551 1090.2803
982.6899 1090.3898
982.4258 1090.4973
982.1628 1090.6029
981.9008 1090.7065
981.63995 1090.8082
981.3801 1090.908
981.1213 1091.0059
980.86346 1091.1019
980.6066 1091.1962
980.35077 1091.2886
980.0959 1091.3792
979.8419 1091.468
979.58887 1091.5552
979.33673 1091.6406
979.0855 1091.7244
978.8352 1091.8064
978.58575 1091.8867
978.33716 1091.9655
978.0894 1092.0425
977.84247 1092.1179
977.5964 1092.1918
977.3511 1092.264
977.1065 1092.3347
976.86273 1092.4039
976.6197 1092.4716
976.3774 1092.5377
976.1358 1092.6024
975.89496 1092.6656
975.6548 1092.7274
975.4153 1092.7877
975.17645 1092.8466
974.9383 1092.9039
974.70074 1092.96
974.46387 1093.0145
974.2276 1093.0677
973.9919 1093.1196
973.7568 1093.1702
973.5222 1093.2194
973.2882 1093.2672
973.05475 1093.3137
972.8218 1093.3589
972.58936 1093.4027
972.3574 1093.4453
972.126 1093.4866
971.89496 1093.5266
971.6644 1093.5654
971.4343 1093.6029
971.20465 1093.6392
970.9754 1093.6742
970.7465 1093.708
970.51807 1093.7406
970.29 1093.772
970.06226 1093.8021
969.83484 1093.831
969.6078 1093.8588
969.38104 1093.8854
969.1546 1093.9108
968.92847 1093.9349
968.7026 1093.958
968.477 1093.9799
968.25165 1094.0006
968.02655 1094.0201
967.80164 1094.0386
967.57697 1094.0558
967.3525 1094.0719
967.1282 1094.0869
966.90405 1094.1007
966.68005 1094.1134
966.45624 1094.125
966.23254 1094.1354
966.009 1094.1447
965.78546 1094.1528
965.5621 1094.1599
965.33875 1094.1659
965.1155 1094.1707
964.8923 1094.1743
964.6691 1094.1769
964.446 1094.1783
964.22284 1094.1787
963.9997 1094.178
963.77655 1094.1761
963.55334 1094.1731
963.33014 1094.169
963.1069 1094.1637
962.88354 1094.1573
962.6601 1094.1499
962.4366 1094.1414
962.21295 1094.1316
961.9892 1094.1207
961.7653 1094.1088
961.54126 1094.0957
961.3171 1094.0814
961.0927 1094.066
960.86816 1094.0496
960.6434 1094.0319
960.4184 1094.0131
960.1932 1093.993
959.9677 1093.9719
959.742 1093.9496
959.51605 1093.9261
959.2898 1093.9015
959.06323 1093.8757
958.83636 1093.8488
958.6092 1093.8206
958.38165 1093.7911
958.1538 1093.7605
957.9256 1093.7288
957.69696 1093.6958
957.46796 1093.6615
957.2385 1093.626
957.0087 1093.5892
956.77844 1093.5513
956.5477 1093.5121
956.3166 1093.4716
956.08496 1093.4298
955.85284 1093.3867
955.62024 1093.3424
955.3871 1093.2968
955.15344 1093.2498
954.91925 1093.2014
954.6845 1093.1517
954.44916 1093.1007
954.21326 1093.0483
953.97675 1092.9946
953.7396 1092.9395
953.50183 1092.8829
953.2634 1092.825
953.02435 1092.7656
952.7846 1092.7048
952.5442 1092.6426
952.3031 1092.5789
952.0613 1092.5137
951.8187 1092.4469
951.57544 1092.3787
951.33136 1092.3088
951.08655 1092.2375
950.84094 1092.1647
950.59454 1092.0902
950.3473 1092.0142
950.09924 1091.9365
949.85034 1091.8572
949.6006 1091.7762
949.3499 1091.6936
949.0984 1091.6093
948.84595 1091.5232
948.5926 1091.4354
948.33826 1091.346
948.083 1091.2546
947.8268 1091.1616
947.5696 1091.0668
947.3114 1090.9701
947.0522 1090.8715
946.79193 1090.771
946.53064 1090.6686
946.2683 1090.5643
946.0049 1090.4581
945.74036 1090.3499
945.47473 1090.2396
945.208 1090.1273
944.9401 1090.013
944.67114 1089.8965
944.40094 1089.778
944.1296 1089.6572
943.85706 1089.5344
943.5833 1089.4094
943.30835 1089.2821
943.0321 1089.1526
942.7546 1089.0208
942.4758 1088.8866
942.19574 1088.7501
941.91437 1088.6112
941.63165 1088.47
941.3476 1088.3263
941.0622 1088.18
940.77545 1088.0314
940.4873 1087.8801
940.19775 1087.7263
939.9068 1087.5698
939.6144 1087.4106
939.32056 1087.2488
939.02527 1087.0842
938.72845 1086.9169
938.4302 1086.7467
938.1304 1086.5737
937.82904 1086.3978
937.5262 1086.219
937.22174 1086.0371
936.9158 1085.8523
936.6082 1085.6644
936.299 1085.4734
935.9882 1085.2792
935.6758 1085.0818
935.3617 1084.8811
935.04596 1084.6771
934.7285 1084.4698
934.40936 1084.2592
934.0885 1084.045
933.7659 1083.8274
933.44165 1083.6062
933.1156 1083.3815
932.7878 1083.1531
932.4582 1082.921
932.1268 1082.6852
931.7935 1082.4456
931.4585 1082.202
931.1216 1081.9546
930.78284 1081.7032
930.4422 1081.4479
930.09973 1081.1884
929.7554 1080.9247
929.40906 1080.6567
929.06085 1080.3845
928.7107 1080.108
928.3586 1079.8271
928.0045 1079.5417
927.6485 1079.2518
927.2905 1078.9573
926.93054 1078.6581
926.56854 1078.3541
926.2045 1078.0454
925.8385 1077.7318
925.47046 1077.4132
925.10034 1077.0896
924.7282 1076.7609
924.354 1076.427
923.9777 1076.0879
923.59937 1075.7435
923.21893 1075.3937
922.83636 1075.0385
922.4517 1074.6776
922.06494 1074.3112
921.676 1073.939
921.285 1073.5609
920.8918 1073.177
920.49646 1072.7871
920.099 1072.3912
919.6994 1071.9891
919.29767 1071.5808
918.89374 1071.1663
918.4877 1070.7452
918.07947 1070.3177
917.66907 1069.8837
917.25653 1069.4429
916.8418 1068.9954
916.4249 1068.5409
916.00586 1068.0795
915.58466 1067.611
915.16125 1067.1354
914.7357 1066.6525
914.308 1066.1622
913.8781 1065.6644
913.4461 1065.159
913.01196 1064.646
912.5756 1064.1252
912.13715 1063.5966
911.6966 1063.0598
911.2539 1062.515
910.8091 1061.9619
910.3622 1061.4005
909.9132 1060.8307
909.46216 1060.2523
909.00903 1059.6653
908.55383 1059.0695
908.0966 1058.4647
907.6373 1057.851
907.1761 1057.228
906.7128 1056.5958
906.2476 1055.9542
905.78046 1055.3031
905.31134 1054.6423
904.84033 1053.9718
904.36743 1053.2914
903.89264 1052.6008
903.416 1051.9001
902.93756 1051.1892
902.45734 1050.4679
901.97534 1049.736
901.49164 1048.9934
901.0062 1048.24
900.51917 1047.4757
900.03046 1046.7003
899.54016 1045.9137
899.04834 1045.1157
898.555 1044.3063
898.0602 1043.4851
897.5639 1042.6522
897.0662 1041.8074
896.5672 1040.9504
896.0669 1040.0813
895.5653 1039.1998
895.0625 1038.3059
894.55853 1037.3993
894.05347 1036.4799
893.54736 1035.5475
893.0402 1034.602
892.53217 1033.6434
892.0232 1032.6714
891.5134 1031.6858
891.00287 1030.6865
890.49164 1029.6735
889.9798 1028.6464
889.46735 1027.6051
888.9544 1026.5496
888.44104 1025.4796
887.92737 1024.395
887.4134 1023.2957
886.89923 1022.18146
886.38495 1021.0521
885.8706 1019.9076
885.3563 1018.7477
884.84216 1017.57227
884.32825 1016.38116
883.81464 1015.1742
883.3014 1013.95123
882.78864 1012.7121
882.2765 1011.45667
881.765 1010.18475
881.25433 1008.89624
880.7445 1007.59094
880.2357 1006.2687
879.728 1004.9293
879.2215 1003.57275
878.7163 1002.1988
878.2125 1000.80725
877.7103 999.398
877.2098 997.9709
876.711 996.52576
876.2141 995.0625
875.7193 993.58093
875.2266 992.0809
874.73627 990.5622
874.2483 989.0248
873.7629 987.46844
873.28015 985.89307
872.80023 984.29846
872.3233 982.6845
871.8495 981.0511
871.3789 979.3981
870.91174 977.7253
870.4481 976.0326
869.9882 974.3198
869.53217 972.5869
869.08014 970.8337
868.63226 969.06
868.1887 967.26575
867.7497 965.4508
867.31537 963.61505
866.88586 961.75836
866.46136 959.8806
866.04205 957.9816
865.62805 956.06134
865.2196 954.1196
864.8169 952.15643
864.42004 950.1716
864.0293 948.165
863.6448 946.13654
863.2667 944.0861
862.8953 942.0137
862.53076 939.91907
862.1732 937.80225
861.8229 935.6631
861.48 933.5015
861.14465 931.31744
860.8172 929.1108
860.49774 926.8815
860.1865 924.62946
859.8837 922.3547
859.5896 920.057
859.3043 917.73645
859.0281 915.3929
858.7611 913.0263
858.50366 910.63666
858.2559 908.2239
858.01807 905.78796
857.79034 903.32886
857.573 900.8465
857.3663 898.3409
857.17035 895.812
856.9854 893.2598
856.81177 890.6843
856.6496 888.0855
856.4991 885.4634
856.36053 882.8179
856.23413 880.14905
856.1201 877.4569
856.0187 874.7415
855.9301 872.00287
855.8546 869.24097
855.7924 866.4558
855.7438 863.6475
855.70886 860.8161
855.6879 857.96155
855.6812 855.084
855.68896 852.1835
855.71136 849.26
855.7487 846.3137
855.8012 843.34467
855.869 840.3529
855.95245 837.33856
856.0517 834.30176
856.167 831.24255
856.2986 828.161
856.44666 825.0573
856.61145 821.9316
856.7932 818.7839
856.9921 815.6144
857.20844 812.4232
857.4423 809.2105
857.69403 805.97644
857.96375 802.7211
858.2517 799.44476
858.55817 796.14746
858.8833 792.82947
859.2273 789.4909
859.5904 786.132
859.9727 782.753
860.3746 779.35394
860.7961 775.9352
861.2375 772.4968
861.6989 769.0392
862.1806 765.56244
862.68274 762.06683
863.2055 758.55255
863.7491 755.0199
864.31366 751.46906
864.89935 747.9003
865.5064 744.314
866.13495 740.7103
866.78516 737.08954
867.45715 733.45197
868.1511 729.79785
868.8672 726.1275
869.6055 722.4412
870.3663 718.7393
871.14954 715.0221
871.9555 711.28986
872.78424 707.5429
873.6359 703.7816
874.5106 700.0063
875.4085 696.2172
876.32965 692.41486
877.2742 688.5994
878.2422 684.77136
879.23376 680.931
880.24896 677.07874
881.2879 673.21484
882.35065 669.3398
883.4373 665.45386
884.5479 661.5575
885.68256 657.6511
886.84125 653.73505
888.0241 649.8097
889.2311 645.8755
890.4623 641.9328
891.7177 637.982
892.99744 634.02356
894.3014 630.05786
895.62964 626.0853
896.98224 622.1064
898.35913 618.12146
899.7603 614.131
901.1858 610.1354
902.6355 606.135
904.10944 602.1304
905.6076 598.12195
907.12994 594.1101
908.67645 590.09534
910.247 586.078
911.8416 582.0586
913.46014 578.0376
915.1026 574.01544
916.76886 569.99255
918.45886 565.96936
920.1725 561.94635
921.90967 557.924
923.6703 553.9027
925.4542 549.88293
927.26135 545.8652
929.0916 541.84985
930.9448 537.83746
932.82086 533.8284
934.7196 529.8232
936.64087 525.8222
938.58453 521.8259
940.5504 517.83484
942.5383 513.84937
944.54816 509.86996
946.57965 505.8971
948.6327 501.9312
950.70703 497.97275
952.8025 494.02213
954.9189 490.0798
957.05597 486.14624
959.21356 482.22186
961.3914 478.3071
963.5893 474.4024
965.807 470.50818
968.0443 466.62488
970.3009 462.75293
972.5766 458.89273
974.8711 455.0447
977.1842 451.2093
979.51556 447.38687
981.865 443.57785
984.2322 439.78265
986.6168 436.00168
989.0187 432.23532
991.43744 428.48398
993.8728 424.74802
996.32446 421.02783
998.7921 417.3238
1001.27545 413.63626
1003.77423 409.96564
1006.2881 406.31226
1008.81665 402.67648
1011.3597 399.0587
1013.9168 395.4592
1016.48773 391.87836
1019.07214 388.3165
1021.6697 384.77396
1024.28 381.25107
1026.9027 377.74814
1029.5376 374.26547
1032.1842 370.8034
1034.8422 367.3622
1037.5112 363.94217
1040.191 360.54358
1042.8811 357.16675
1045.5812 353.81192
1048.2909 350.47937
1051.0099 347.16937
1053.7378 343.88217
1056.4742 340.618
1059.2189 337.37714
1061.9714 334.15976
1064.7314 330.96613
1067.4985 327.79648
1070.2723 324.651
1073.0525 321.5299
1075.8386 318.43338
1078.6304 315.36163
1081.4274 312.31485
1084.2294 309.29318
1087.0359 306.29684
1089.8466 303.32596
1092.661 300.3807
1095.4789 297.46124
1098.2998 294.5677
1101.1234 291.7002
1103.9493 288.8589
1106.7773 286.04388
1109.6069 283.25528
1112.4377 280.4932
1115.2695 277.75772
1118.1018 275.04898
1120.9343 272.36703
1123.7666 269.71198
1126.5984 267.08386
1129.4293 264.48276
1132.2592 261.90872
1135.0874 259.36182
1137.9138 256.84207
1140.7379 254.34955
1143.5596 251.88426
1146.3783 249.44623
1149.1938 247.03548
1152.0059 244.65201
1154.814 242.29584
1157.6179 239.96696
1160.4174 237.66537
1163.212 235.39107
1166.0016 233.14401
1168.7858 230.92418
1171.5642 228.73154
1174.3365 226.56606
1177.1027 224.42769
1179.8622 222.31638
1182.6147 220.23207
1185.3601 218.17471
1188.098 216.14423
1190.8282 214.14055
1193.5505 212.1636
1196.2645 210.21332
1198.97 208.28958
1201.6666 206.39232
1204.3544 204.52142
1207.0328 202.6768
1209.7018 200.85834
1212.361 199.06593
1215.0101 197.29945
1217.649 195.55879
1220.2775 193.84383
1222.8953 192.15442
1225.5022 190.49043
1228.098 188.85175
1230.6825 187.2382
1233.2555 185.64966
1235.8168 184.08597
1238.3662 182.54698
1240.9036 181.03255
1243.4287 179.54251
1245.9414 178.07669
1248.4414 176.63493
1250.9287 175.21707
1253.4031 173.82294
1255.8644 172.45235
1258.3124 171.10513
1260.747 169.78111
1263.168 168.4801
1265.5753 167.20192
1267.9689 165.94637
1270.3485 164.71326
1272.714 163.50241
1275.0653 162.31363
1277.4023 161.14671
1279.725 160.00148
1282.0331 158.87772
1284.3265 157.77522
1286.6052 156.6938
1288.8691 155.63326
1291.1182 154.59337
1293.3522 153.57394
1295.5712 152.57477
1297.7749 151.59564
1299.9635 150.63634
1302.1368 149.69666
1304.2948 148.7764
1306.4374 147.87534
1308.5645 146.99327
1310.676 146.12997
1312.7721 145.28525
1314.8525 144.45886
1316.9174 143.65062
1318.9666 142.8603
1321.0 142.08769
1323.0178 141.33258
1325.0199 140.59474
1327.0062 139.87398
1328.9767 139.17006
1330.9314 138.48279
1332.8704 137.81194
1334.7935 137.1573
1336.7008 136.51866
1338.5924 135.89581
1340.4681 135.28854
1342.3281 134.69664
1344.1724 134.11989
1346.0009 133.55809
1347.8136 133.01103
1349.6106 132.4785
1351.392 131.96028
1353.1577 131.45619
1354.9078 130.966
1356.6423 130.48953
1358.3612 130.02657
1360.0646 129.57689
1361.7526 129.14032
1363.425 128.71664
1365.0822 128.30568
1366.7239 127.90723
1368.3503 127.52108
1369.9615 127.14705
1371.5576 126.78494
1373.1385 126.43457
1374.7045 126.09574
1376.2554 125.768265
1377.7914 125.45196
1379.3125 125.14664
1380.8188 124.85211
1382.3104 124.5682
1383.7874 124.29472
1385.2496 124.03151
1386.6974 123.77837
1388.1307 123.53514
1389.5497 123.301636
1390.9543 123.07769
1392.3448 122.86314
1393.7212 122.6578
1395.0835 122.46152
1396.4319 122.27412
1397.7665 122.09544
1399.0873 121.92533
1400.3944 121.763626
1401.6879 121.61016
1402.9678 121.46479
1404.2344 121.327354
1405.4875 121.1977
1406.7275 121.075676
1407.9543 120.961136
1409.1681 120.853935
1410.3689 120.75393
1411.5569 120.66097
1412.732 120.57492
1413.8947 120.495636
1415.0447 120.42299
1416.1823 120.356834
1417.3074 120.29704
1418.4203 120.243484
1419.521 120.19602
1420.6096 120.15453
1421.6863 120.1189
1422.7511 120.08898
1423.8041 120.06467
1424.8455 120.04583
1425.8752 120.03235
1426.8936 120.02411
1427.9005 120.020996
1428.8962 120.022896
1429.8807 120.0297
1430.8542 120.0413
1431.8168 120.05758
1432.7684 120.07844
1433.7094 120.10377
1434.6396 120.13346
1435.5593 120.16743
1436.4686 120.20556
1437.3676 120.24776
1438.2562 120.29393
1439.1348 120.34398
1440.0033 120.39782
1440.8618 120.45535
1441.7104 120.51649
1442.5493 120.58114
1443.3785 120.649216
1444.1982 120.72064
1445.0085 120.79533
1445.8094 120.87319
1446.6011 120.954155
1447.3835 121.03814
1448.157 121.12506
1448.9215 121.21485
1449.6771 121.30743
1450.424 121.402725
1451.1621 121.50066
1451.8917 121.60118
1452.6128 121.70421
1453.3254 121.80967
1454.0298 121.9175
1454.726 122.02765
1455.414 122.14004
1456.094 122.25461
1456.7661 122.3713
1457.4303 122.49005
1458.0868 122.61081
1458.7356 122.73351
1459.3768 122.8581
1460.0105 122.98453
1460.6368 123.11273
1461.2559 123.24267
1461.8676 123.37428
1462.4722 123.50752
1463.0697 123.64234
1463.6603 123.778694
1464.2439 123.91653
1464.8207 124.0558
1465.3907 124.196465
1465.9541 124.33848
1466.511 124.4818
1467.0613 124.62638
1467.6052 124.77219
1468.1428 124.91918
1468.6741 125.06732
1469.1992 125.21657
1469.7183 125.36689
1470.2312 125.51824
1470.7382 125.67059
1471.2393 125.82391
1471.7345 125.978165
1472.224 126.133316
1472.7079 126.28934
1473.1862 126.4462
1473.6589 126.60386
1474.1262 126.7623
1474.5881 126.92149
1475.0447 127.081406
1475.496 127.24202
1475.942 127.4033
1476.3829 127.56522
1476.8188 127.72777
1477.2498 127.89091
1477.6758 128.05461
1478.0969 128.21887
1478.5132 128.38365
1478.9247 128.54893
1479.3315 128.7147
1479.7338 128.88095
1480.1315 129.04764
1480.5247 129.21475
1480.9133 129.38228
1481.2976 129.55019
1481.6776 129.71848
1482.0533 129.88712
1482.4248 130.05609
1482.7921 130.2254
1483.1553 130.39502
1483.5144 130.56493
1483.8695 130.73512
1484.2207 130.90558
1484.568 131.0763
1484.9114 131.24725
1485.251 131.41844
1485.5868 131.58986
1485.919 131.76147
1486.2474 131.93329
1486.5723 132.1053
1486.8936 132.27748
1487.2114 132.44983
1487.5258 132.62234
1487.8367 132.79501
1488.1442 132.96782
1488.4484 133.14076
1488.7493 133.31383
1489.047 133.48701
1489.3414 133.66032
1489.6328 133.83374
1489.921 134.00726
1490.2062 134.18088
1490.4883 134.35458
1490.7673 134.52838
1491.0435 134.70226
1491.3167 134.8762
1491.587 135.05023
1491.8545 135.22432
1492.1193 135.39848
1492.3812 135.57271
1492.6404 135.747
1492.8969 135.92134
1493.1508 136.09573
1493.402 136.27019
1493.6506 136.44469
1493.8967 136.61923
1494.1403 136.79382
1494.3813 136.96848
1494.62 137.14317
1494.8562 137.31792
1495.09 137.4927
1495.3214 137.66754
1495.5505 137.84242
1495.7773 138.01735
1496.002 138.19232
1496.2242 138.36734
1496.4443 138.5424
1496.6622 138.71753
1496.878 138.8927
1497.0917 139.06792
1497.3032 139.2432
1497.5127 139.41853
1497.7201 139.59393
1497.9255 139.7694
1498.1289 139.94492
1498.3303 140.1205
1498.5298 140.29616
1498.7274 140.4719
1498.9231 140.6477
1499.117 140.8236
1499.309 140.99956
1499.4991 141.17561
1499.6875 141.35176
1499.874 141.528
1500.0588 141.70433
1500.242 141.88077
1500.4233 142.05731
1500.603 142.23398
1500.781 142.41075
1500.9574 142.58765
1501.1321 142.76468
1501.3052 142.94183
1501.4767 143.11913
1501.6466 143.29657
1501.8151 143.47415
1501.9819 143.65189
1502.1473 143.82979
1502.3112 144.00786
1502.4735 144.1861
1502.6344 144.36452
1502.7938 144.54312
1502.9519 144.72192
1503.1085 144.90092
1503.2638 145.08012
1503.4176 145.25954
1503.5701 145.43916
1503.7212 145.61902
1503.871 145.7991
1504.0194 145.97943
1504.1666 146.16002
1504.3125 146.34085
1504.4572 146.52196
1504.6005 146.70332
1504.7426 146.88498
1504.8834 147.06693
1505.0231 147.24916
1505.1615 147.4317
1505.2987 147.61455
1505.4348 147.79773
1505.5697 147.98123
1505.7034 148.16507
1505.8359 148.34926
1505.9674 148.53381
1506.0977 148.71873
1506.2268 148.90402
1506.3549 149.08969
1506.4818 149.27576
1506.6077 149.46223
1506.7325 149.64912
1506.8563 149.83644
1506.979 150.02419
1507.1007 150.21237
1507.2213 150.40102
1507.341 150.59012
1507.4595 150.7797
1507.577 150.96976
1507.6936 151.16032
1507.8091 151.3514
1507.9236 151.54298
1508.0371 151.73509
1508.1497 151.92775
1508.2612 152.12096
1508.3718 152.31473
1508.4816 152.50908
1508.5903 152.70401
1508.6981 152.89954
1508.8049 153.09567
1508.9109 153.29243
1509.0159 153.48984
1509.12 153.68788
1509.2231 153.88658
1509.3254 154.08595
1509.4268 154.28601
1509.5272 154.48677
1509.6267 154.68823
1509.7253 154.89043
1509.8231 155.09335
1509.9199 155.29703
1510.0159 155.50146
1510.111 155.7067
1510.2052 155.9127
1510.2985 156.11952
1510.3909 156.32716
1510.4824 156.53564
1510.5731 156.74496
1510.663 156.95515
1510.752 157.16623
1510.8401 157.37819
1510.9272 157.59106
1511.0135 157.80486
1511.099 158.01959
1511.1836 158.23529
1511.2673 158.45195
1511.3502 158.6696
1511.4323 158.88826
1511.5134 159.10794
1511.5938 159.32866
1511.6732 159.55043
1511.7517 159.77327
1511.8293 159.9972
1511.9061 160.22221
1511.982 160.44836
1512.0571 160.67566
1512.1312 160.9041
1512.2045 161.13371
1512.2769 161.36453
1512.3484 161.59656
1512.419 161.82982
1512.4886 162.06432
1512.5574 162.3001
1512.6252 162.53716
1512.6923 162.77553
1512.7583 163.01521
1512.8234 163.25626
1512.8876 163.49866
1512.9508 163.74245
1513.0131 163.98764
1513.0745 164.23427
1513.1349 164.48233
1513.1943 164.73187
1513.2528 164.9829
1513.3103 165.23543
1513.3668 165.4895
1513.4224 165.74513
1513.4769 166.00233
1513.5304 166.26114
1513.5829 166.52156
1513.6343 166.78363
1513.6847 167.04738
1513.734 167.3128
1513.7823 167.57996
1513.8296 167.84885
1513.8757 168.11949
1513.9208 168.39194
1513.9647 168.66618
1514.0076 168.94228
1514.0492 169.22023
1514.0897 169.50006
1514.1292 169.78181
1514.1674 170.0655
1514.2043 170.35117
1514.2401 170.63881
1514.2747 170.92848
1514.308 171.2202
1514.3401 171.51399
1514.371 171.80988
1514.4005 172.1079
1514.4287 172.40807
1514.4557 172.71042
1514.4813 173.01498
1514.5056 173.3218
1514.5284 173.63087
1514.5499 173.94226
1514.57 174.25598
1514.5886 174.57205
1514.6058 174.89052
1514.6216 175.21141
1514.6357 175.53476
1514.6484 175.86058
1514.6595 176.18892
1514.6691 176.5198
1514.677 176.85327
1514.6833 177.18935
1514.688 177.52808
1514.691 177.86948
1514.6924 178.2136
1514.692 178.56046
1514.6898 178.9101
1514.6859 179.26254
1514.6802 179.61784
1514.6726 179.97603
1514.6632 180.33713
1514.6519 180.70119
1514.6385 181.06824
1514.6233 181.43831
1514.6061 181.81145
1514.5868 182.18768
1514.5654 182.56705
1514.542 182.94958
1514.5165 183.33534
1514.4888 183.72435
1514.4589 184.11664
1514.4266 184.51225
1514.3922 184.91124
1514.3555 185.31363
1514.3163 185.71945
1514.2748 186.12877
1514.2308 186.5416
1514.1843 186.958
1514.1354 187.37799
1514.0837 187.80164
1514.0295 188.22897
1513.9727 188.66003
1513.9131 189.09486
1513.8507 189.53351
1513.7855 189.97601
1513.7175 190.42241
1513.6466 190.87274
1513.5728 191.32706
1513.4958 191.7854
1513.4159 192.24782
1513.3329 192.71434
1513.2467 193.18503
1513.1572 193.65991
1513.0645 194.13905
1512.9684 194.62248
1512.8689 195.11024
1512.766 195.6024
1512.6595 196.09898
1512.5496 196.60004
1512.4359 197.10562
1512.3185 197.61577
1512.1973 198.13052
1512.0723 198.64995
1511.9434 199.17407
1511.8104 199.70296
1511.6735 200.23665
1511.5325 200.77518
1511.3872 201.3186
1511.2377 201.86697
1511.0839 202.42033
1510.9257 202.97873
1510.763 203.54222
1510.5956 204.11084
1510.4236 204.68465
1510.247 205.26369
1510.0654 205.848
1509.879 206.43765
1509.6876 207.03267
1509.4912 207.63312
1509.2897 208.23904
1509.0829 208.85048
1508.8707 209.46748
1508.6532 210.09012
1508.4302 210.71841
1508.2015 211.35242
1507.9672 211.99219
1507.727 212.63777
1507.481 213.28922
1507.2289 213.94656
1506.9707 214.60986
1506.7063 215.27916
1506.4357 215.95451
1506.1586 216.63596
1505.875 217.32355
1505.5848 218.01732
1505.288 218.71733
1504.9843 219.42361
1504.6736 220.13623
1504.3558 220.85522
1504.0309 221.58063
1503.6986 222.3125
1503.3589 223.05087
1503.0117 223.7958
1502.6569 224.54733
1502.2942 225.3055
1501.9236 226.07034
1501.545 226.8419
1501.1583 227.62022
1500.7633 228.40535
1500.3599 229.19733
1499.9479 229.99619
1499.5272 230.80197
1499.0977 231.61472
1498.6592 232.43446
1498.2117 233.26125
1497.7549 234.09511
1497.2887 234.93608
1496.813 235.7842
1496.3276 236.63948
1495.8325 237.50198
1495.3274 238.37172
1494.8121 239.24873
1494.2866 240.13306
1493.7507 241.02472
1493.2042 241.92374
1492.6471 242.83014
1492.0791 243.74396
1491.5 244.66522
1490.9097 245.59395
1490.3081 246.53017
1489.695 247.47389
1489.0702 248.42514
1488.4336 249.38394
1487.7849 250.35031
1487.124 251.32425
1486.4508 252.30579
1485.7651 253.29494
1485.0668 254.2917
1484.3555 255.2961
1483.6312 256.30814
1482.8937 257.32782
1482.1428 258.35516
1481.3784 259.39014
1480.6002 260.43277
1479.8081 261.48306
1479.002 262.54102
1478.1815 263.60663
1477.3466 264.67987
1476.497 265.76077
1475.6324 266.8493
1474.7529 267.94543
1473.8583 269.0492
1472.9482 270.16052
1472.0226 271.27945
1471.0812 272.4059
1470.1238 273.53992
1469.1501 274.68143
1468.1603 275.8304
1467.1538 276.98685
1466.1306 278.15073
1465.0905 279.322
1464.0332 280.5006
1462.9586 281.68652
1461.8666 282.87973
1460.7568 284.08017
1459.6292 285.28778
1458.4834 286.50253
1457.3193 287.7244
1456.1368 288.95328
1454.9357 290.18915
1453.7156 291.43195
1452.4764 292.68158
1451.218 293.93802
1449.9402 295.20117
1448.6427 296.471
1447.3254 297.7474
1445.988 299.03033
1444.6305 300.31967
1443.2526 301.61536
1441.854 302.9173
1440.4346 304.22543
1438.9941 305.53964
1437.5326 306.85983
1436.0497 308.1859
1434.5452 309.5178
1433.0189 310.85538
1431.4708 312.19855
1429.9006 313.54718
1428.3081 314.90118
1426.6931 316.26044
1425.0555 317.6248
1423.3951 318.99414
1421.7117 320.36838
1420.0051 321.74738
1418.2753 323.13098
1416.5219 324.51907
1414.7448 325.9115
1412.9438 327.30814
1411.1189 328.7088
1409.2698 330.11337
1407.3964 331.5217
1405.4985 332.93362
1403.576 334.349
1401.6288 335.76764
1399.6566 337.1894
1397.6594 338.61407
1395.637 340.04153
1393.5892 341.4716
1391.516 342.90405
1389.4172 344.33878
1387.2927 345.77554
1385.1423 347.21417
1382.966 348.65448
1380.7635 350.09625
1378.5349 351.5393
1376.28 352.98343
1373.9987 354.42844
1371.6908 355.8741
1369.3563 357.32025
1366.9952 358.76663
1364.6073 360.21304
1362.1925 361.65927
1359.7509 363.1051
1357.2821 364.5503
1354.7864 365.99463
1352.2634 367.4379
1349.7134 368.87982
1347.136 370.3202
1344.5314 371.7588
1341.8994 373.19534
1339.2401 374.62964
1336.5533 376.0614
1333.8391 377.49042
1331.0975 378.9164
1328.3285 380.33914
1325.532 381.75836
1322.708 383.17383
1319.8566 384.58527
1316.9777 385.9924
1314.0713 387.395
1311.1375 388.79276
1308.1763 390.18546
1305.1877 391.5728
1302.1719 392.95456
1299.1288 394.33044
1296.0585 395.7002
1292.9609 397.0635
1289.8363 398.42014
1286.6847 399.7698
1283.5061 401.11224
1280.3008 402.44717
1277.0686 403.77432
1273.8098 405.0934
1270.5245 406.40414
1267.2128 407.70627
1263.8748 408.9995
1260.5105 410.28357
1257.1202 411.5582
1253.7041 412.8231
1250.2622 414.07797
1246.7948 415.32257
1243.3019 416.5566
1239.7838 417.77985
1236.2406 418.99197
1232.6725 420.19272
1229.0797 421.3818
1225.4625 422.55896
1221.821 423.7239
1218.1555 424.87637
1214.4661 426.0161
1210.753 427.14282
1207.0166 428.25626
1203.2571 429.35614
1199.4746 430.44223
1195.6696 431.51425
1191.8422 432.57196
1187.9927 433.61508
1184.1213 434.64334
1180.2284 435.65652
1176.3142 436.65436
1172.3792 437.6366
1168.4235 438.60303
1164.4474 439.55338
1160.4513 440.4874
1156.4355 441.40488
1152.4004 442.30557
1148.3463 443.18927
1144.2736 444.05573
1140.1824 444.90472
1136.0732 445.73602
1131.9465 446.54944
1127.8026 447.34476
1123.6418 448.12177
1119.4645 448.88025
1115.271 449.62003
1111.0619 450.34088
1106.8374 451.04263
1102.598 451.7251
1098.3441 452.3881
1094.076 453.03146
1089.7943 453.655
1085.4993 454.25858
1081.1914 454.842
1076.8711 455.40512
1072.5388 455.94778
1068.1951 456.46985
1063.8402 456.97116
1059.4746 457.4516
1055.0988 457.91104
1050.7131 458.34933
1046.3182 458.7664
1041.9146 459.16208
1037.5024 459.5363
1033.0824 459.88892
1028.6549 460.21988
1024.2205 460.52908
1019.7795 460.8164
1015.33246 461.08182
1010.8799 461.32523
1006.42224 461.54657
1001.96 461.74576
997.4937 461.92276
993.02374 462.07755
988.55066 462.21002
984.0749 462.3202
979.597 462.40802
975.1174 462.47348
970.6366 462.51654
966.1551 462.5372
961.6734 462.53546
957.192 462.5113
952.71136 462.46472
948.232 462.39578
943.7544 462.30447
939.279 462.19083
934.80634 462.05487
930.3369 461.89664
925.8712 461.71616
921.40967 461.5135
916.9528 461.2887
912.5011 461.04187
908.055 460.77304
903.615 460.4823
899.1816 460.1697
894.75525 459.83536
890.3364 459.47934
885.9256 459.10178
881.52325 458.70276
877.1298 458.28238
872.7457 457.84076
868.3715 457.37802
864.00757 456.89432
859.65436 456.38974
855.3123 455.86444
850.98193 455.31857
846.6636 454.7523
842.3577 454.1657
838.06476 453.55902
833.78516 452.93237
829.5193 452.28595
825.26764 451.6199
821.0305 450.93442
816.8084 450.22968
812.6017 449.50586
808.41077 448.76315
804.236 448.00177
800.0778 447.2219
795.9365 446.42374
791.81256 445.6075
787.70624 444.77344
783.6179 443.92172
779.54803 443.05258
775.4968 442.16623
771.4647 441.2629
767.452 440.34283
763.45905 439.40625
759.48615 438.45337
755.5336 437.48447
751.6018 436.49976
747.691 435.4995
743.80145 434.48395
739.9335 433.45334
736.08734 432.40793
732.26337 431.348
728.4618 430.27374
724.6829 429.1855
720.92694 428.08347
717.19415 426.96793
713.4848 425.83917
709.7991 424.69745
706.1372 423.54303
702.49945 422.37616
698.88605 421.19714
695.2971 420.00623
691.7329 418.8037
688.1936 417.58984
684.67944 416.36493
681.19055 415.1292
677.7271 413.883
674.28925 412.62653
670.87714 411.3601
667.49097 410.084
664.13086 408.7985
660.79694 407.50385
657.4893 406.20035
654.2081 404.88828
650.9535 403.56793
647.7255 402.23956
644.52435 400.90344
641.35004 399.55988
638.20264 398.2091
635.0823 396.8514
631.989 395.48706
628.9229 394.11636
625.88403 392.73956
622.87244 391.3569
619.8881 389.9687
616.9312 388.57516
614.00165 387.1766
611.09955 385.7733
608.22485 384.36545
605.3776 382.95337
602.55786 381.53732
599.76556 380.11752
597.00073 378.69424
594.26337 377.26776
591.55347 375.8383
588.871 374.4061
586.2159 372.97144
583.5882 371.53455
580.9878 370.09567
578.4147 368.65503
575.86884 367.21286
573.35016 365.7694
570.85864 364.32492
568.39417 362.8796
565.95667 361.4337
563.5461 359.9874
561.16235 358.54095
558.8054 357.09457
556.47516 355.6485
554.17145 354.2029
551.8942 352.75803
549.64343 351.31406
547.4189 349.8712
545.2205 348.42963
543.0482 346.98956
540.90186 345.5512
538.7814 344.11475
536.6866 342.68036
534.6174 341.24826
532.5736 339.8186
530.5551 338.39157
528.5618 336.96732
526.59357 335.54605
524.6502 334.1279
522.73157 332.71307
520.8375 331.3017
518.96796 329.89395
517.1227 328.48996
515.3015 327.0899
513.50433 325.69394
511.73096 324.3022
509.9812 322.9148
508.25494 321.5319
506.552 320.15363
504.8722 318.78015
503.21533 317.41156
501.58127 316.048
499.96982 314.68958
498.3808 313.33643
496.81403 311.98865
495.26935 310.64636
493.74655 309.30966
492.24545 307.97867
490.76587 306.65347
489.30762 305.3342
487.8705 304.02094
486.45438 302.71378
485.05902 301.41278
483.68423 300.11807
482.32983 298.82974
480.99564 297.54785
479.68143 296.27246
478.38702 295.00366
477.11224 293.74155
475.85687 292.48618
474.62073 291.2376
473.40363 289.9959
472.20538 288.76114
471.02576 287.53336
469.8646 286.3126
468.72168 285.09894
467.59683 283.89243
466.48984 282.6931
465.4005 281.50104
464.32867 280.31625
463.2741 279.1388
462.23663 277.9687
461.21606 276.80597
460.2122 275.6507
459.22482 274.50287
458.25378 273.36252
457.29886 272.2297
456.3599 271.10443
455.43668 269.9867
454.529 268.87653
453.6367 267.77396
452.75955 266.67902
451.89743 265.59167
451.0501 264.51196
450.2174 263.4399
449.39914 262.3755
448.59515 261.31873
447.80524 260.26962
447.0292 259.22818
446.2669 258.1944
445.51813 257.16827
444.7827 256.14978
444.0605 255.13893
443.35126 254.13573
442.65485 253.14015
441.9711 252.15219
441.29987 251.17184
440.64093 250.19908
439.99414 249.2339
439.35934 248.27628
438.73636 247.3262
438.12503 246.38365
437.52518 245.44861
436.93668 244.52104
436.3593 243.60094
435.79297 242.68828
435.2375 241.78302
434.6927 240.88515
434.15842 239.99463
433.63455 239.11145
433.1209 238.23557
432.61734 237.36696
432.12372 236.50558
431.6399 235.65141
431.16568 234.80441
430.701 233.96455
430.24564 233.1318
429.7995 232.30612
429.36243 231.48747
428.9343 230.67581
428.51498 229.87111
428.1043 229.07333
427.70218 228.28242
427.30844 227.49837
426.92297 226.7211
426.54565 225.95059
426.17633 225.1868
425.8149 224.42967
425.46124 223.67918
425.1152 222.93529
424.7767 222.19794
424.4456 221.46707
424.12177 220.74266
423.8051 220.02467
423.49548 219.31305
423.1928 218.60774
422.89694 217.9087
422.6078 217.2159
422.32526 216.52927
422.0492 215.84877
421.77954 215.17436
421.51617 214.506
421.25897 213.84363
421.00784 213.18721
420.7627 212.53668
420.52344 211.89201
420.28995 211.25314
420.06216 210.62003
419.83997 209.99261
419.62326 209.37086
419.41196 208.75473
419.20596 208.14415
419.0052 207.5391
418.80957 206.9395
418.619 206.34532
418.43338 205.75652
418.25266 205.17302
418.07672 204.5948
417.9055 204.0218
417.7389 203.45398
417.57684 202.89128
417.41928 202.33366
417.2661 201.78108
417.11728 201.23349
416.9727 200.69083
416.83228 200.15306
416.69598 199.62013
416.56372 199.092
416.43542 198.5686
416.31104 198.04991
416.19046 197.53587
416.07367 197.02644
415.96057 196.52158
415.8511 196.02122
415.7452 195.52533
415.64282 195.03386
415.54388 194.54677
415.44833 194.06401
415.35614 193.58554
415.2672 193.11131
415.1815 192.64128
415.09894 192.1754
415.0195 191.71362
414.9431 191.2559
414.86972 190.80222
414.7993 190.3525
414.73175 189.90671
414.66705 189.46481
414.60516 189.02676
414.54602 188.59253
414.48956 188.16205
414.4358 187.73529
414.3846 187.31221
414.336 186.89278
414.28992 186.47694
414.2463 186.06467
414.20514 185.6559
414.16638 185.25061
414.12997 184.84875
414.0959 184.4503
414.06406 184.0552
414.0345 183.66344
414.0071 183.27495
413.9819 182.8897
413.9588 182.50764
413.9378 182.12877
413.91885 181.75302
413.90195 181.38037
413.88702 181.01077
413.87405 180.6442
413.863 180.28061
413.85385 179.91997
413.84656 179.56224
413.8411 179.20738
413.83743 178.85536
413.83557 178.50615
413.83545 178.15971
413.83704 177.81602
413.84033 177.47504
413.84528 177.13672
413.85187 176.80104
413.86008 176.46797
413.86987 176.13748
413.88123 175.80954
413.89413 175.4841
413.90857 175.16115
413.9245 174.84064
413.9419 174.52255
413.96075 174.20685
413.98105 173.8935
414.00275 173.58247
414.02582 173.27374
414.05026 172.96729
414.07608 172.66306
414.1032 172.36104
414.13168 172.0612
414.16144 171.76352
414.19247 171.46796
414.22476 171.1745
414.2583 170.8831
414.2931 170.59375
414.3291 170.30641
414.3663 170.02106
414.4047 169.73767
414.44424 169.45622
414.48495 169.17668
414.52682 168.89902
414.56982 168.62321
414.61392 168.34924
414.65915 168.07709
414.70544 167.80672
414.75284 167.5381
414.8013 167.27122
414.85083 167.00606
414.9014 166.74258
414.953 166.48077
415.00565 166.2206
415.0593 165.96204
415.11395 165.70508
415.16962 165.44969
415.2263 165.19586
415.28394 164.94356
415.34256 164.69276
415.40216 164.44345
415.4627 164.1956
415.52423 163.9492
415.5867 163.70422
415.6501 163.46065
415.71442 163.21846
415.77966 162.97763
415.84586 162.73814
415.91296 162.49998
415.981 162.26312
416.04993 162.02754
416.11975 161.79323
416.1905 161.56017
416.26212 161.32832
416.33463 161.0977
416.40802 160.86827
416.4823 160.64001
416.55746 160.4129
416.6335 160.18694
416.71045 159.96208
416.78824 159.73833
416.8669 159.51566
416.94647 159.29405
417.0269 159.0735
417.1082 158.85399
417.19034 158.63548
417.27335 158.41798
417.35724 158.20148
417.442 157.98593
417.52762 157.77135
417.6141 157.5577
417.70145 157.34497
417.78967 157.13315
417.87875 156.92221
417.96872 156.71216
418.05954 156.50296
418.15125 156.29462
418.24384 156.0871
418.33728 155.8804
418.4316 155.67451
418.52682 155.46942
418.62292 155.26509
418.7199 155.06152
418.81778 154.8587
418.91656 154.65663
419.01624 154.45528
419.11682 154.25462
419.2183 154.05467
419.32068 153.85541
419.42398 153.65681
419.5282 153.45888
419.63333 153.26158
419.7394 153.06491
419.8464 152.86887
419.95435 152.67343
420.06323 152.47859
420.17307 152.28433
420.28387 152.09065
420.39563 151.89754
420.50836 151.70497
420.62207 151.51294
420.7368 151.32144
420.85248 151.13045
420.96918 150.93996
421.08688 150.74997
421.2056 150.56047
421.32535 150.37144
421.4461 150.18288
421.56793 149.99477
421.6908 149.8071
421.81473 149.61986
421.93973 149.43303
422.0658 149.24663
422.19296 149.06062
422.32123 148.87502
422.4506 148.68979
422.5811 148.50493
422.7127 148.32043
422.84546 148.13629
422.97937 147.9525
423.11444 147.76904
423.25067 147.58592
423.3881 147.40312
423.52673 147.22063
423.66656 147.03844
423.80762 146.85654
423.94992 146.67493
424.09348 146.49359
424.23828 146.31253
424.38437 146.13173
424.53177 145.95119
424.68045 145.77089
424.83047 145.59084
424.98184 145.41101
425.13455 145.23141
425.28864 145.05203
425.4441 144.87286
425.60095 144.6939
425.75922 144.51512
425.9189 144.33655
426.08005 144.15816
426.24265 143.97995
426.40674 143.80191
426.57233 143.62404
426.73944 143.44632
426.90808 143.26875
427.07828 143.09134
427.25006 142.91406
427.42343 142.73692
427.59842 142.55992
427.77502 142.38304
427.95328 142.20628
428.1332 142.02965
428.31485 141.85312
428.4982 141.6767
428.6833 141.50038
428.87015 141.32416
429.05878 141.14803
429.2492 140.97198
429.44147 140.79604
429.6356 140.62016
429.83157 140.44437
430.02945 140.26865
430.22925 140.093
430.431 139.91742
430.6347 139.74191
430.84042 139.56647
431.04816 139.39108
431.25793 139.21576
431.4698 139.0405
431.68375 138.86528
431.89984 138.69012
432.1181 138.51501
432.33856 138.33995
432.56122 138.16493
432.78613 137.98997
433.0133 137.81506
433.2428 137.6402
433.4746 137.46538
433.7088 137.2906
433.94537 137.11588
434.1844 136.9412
434.42587 136.76656
434.66983 136.59196
434.91632 136.41742
435.16537 136.24294
435.41702 136.0685
435.6713 135.8941
435.92822 135.71977
436.18787 135.5455
436.45023 135.37129
436.71536 135.19714
436.9833 135.02306
437.25412 134.84904
437.5278 134.67511
437.8044 134.50125
438.08398 134.32747
438.36655 134.15378
438.65216 133.98018
438.94086 133.80667
439.23267 133.63327
439.52765 133.45998
439.82584 133.2868
440.1273 133.11375
440.43204 132.94083
440.7401 132.76804
441.05157 132.5954
441.36646 132.42291
441.6848 132.25058
442.00668 132.07841
442.33212 131.90643
442.6612 131.73465
442.99393 131.56306
443.33035 131.39168
443.67053 131.22052
444.01453 131.04959
444.3624 130.8789
444.71417 130.70848
445.06992 130.53833
445.42966 130.36847
445.7935 130.1989
446.16144 130.02965
446.53357 129.86072
446.9099 129.69214
447.29056 129.52391
447.67554 129.35606
448.0649 129.18861
448.45877 129.02156
448.85715 128.85495
449.2601 128.68878
449.6677 128.52309
450.07996 128.35788
450.49698 128.19318
450.91882 128.029
451.34555 127.86539
451.77722 127.70234
452.2139 127.539894
452.65564 127.37807
453.10254 127.21689
453.55463 127.05638
454.012 126.896576
454.4747 126.737495
454.9428 126.57917
455.4164 126.42163
455.89554 126.2649
456.38028 126.10902
456.87073 125.954
457.3669 125.7999
457.86893 125.64673
458.37686 125.49453
458.89075 125.34334
459.4107 125.193184
459.93677 125.044106
460.46906 124.89614
461.0076 124.74933
461.55252 124.60371
462.10385 124.45931
462.6617 124.31619
463.22617 124.174385
463.79727 124.033936
464.37515 123.89488
464.95987 123.75728
465.55148 123.62116
466.1501 123.48659
466.7558 123.3536
467.36865 123.222244
467.98877 123.092575
468.6162 122.964645
469.2511 122.8385
469.8935 122.7142
470.5435 122.591805
471.20117 122.47136
471.8666 122.35292
472.53992 122.23656
473.2212 122.12232
473.9105 122.01028
474.60794 121.90049
475.3136 121.79302
476.0276 121.687935
476.75 121.5853
477.4809 121.485176
478.2204 121.38764
478.9686 121.29276
479.7256 121.200615
480.49146 121.11127
481.2663 121.024796
482.05023 120.941284
482.84332 120.8608
483.6457 120.78343
484.45743 120.70925
485.27863 120.63834
486.1094 120.57079
486.94986 120.50668
487.80008 120.446106
488.66016 120.389145
489.53018 120.33589
490.41028 120.28644
491.30054 120.240875
492.20105 120.1993
493.11194 120.16181
494.0333 120.12851
494.9652 120.09949
495.9078 120.07485
496.86118 120.0547
497.8254 120.03915
498.80063 120.02829
499.7869 120.02224
500.78436 120.02111
