1759.99 602.99994
1759.96 605.9996
1759.91 608.99866
1759.8401 611.9968
1759.75 614.9938
1759.64 617.9892
1759.51 620.98285
1759.3601 623.9744
1759.1902 626.96356
1759.0002 629.95
1758.7903 632.9335
1758.5604 635.91364
1758.3105 638.89026
1758.0408 641.8629
1757.751 644.8314
1757.4414 647.7955
1757.1118 650.7547
1756.7622 653.70886
1756.3927 656.65765
1756.0034 659.6008
1755.594 662.53796
1755.1648 665.4689
1754.7158 668.39325
1754.2468 671.3108
1753.7582 674.2212
1753.2495 677.12415
1752.7211 680.0194
1752.1729 682.9067
1751.6047 685.78564
1751.0168 688.65607
1750.4092 691.5176
1749.7817 694.36993
1749.1348 697.2129
1748.4678 700.04614
1747.7812 702.8693
1747.075 705.68225
1746.349 708.4846
1745.6034 711.2761
1744.8381 714.0565
1744.0532 716.82544
1743.2488 719.58276
1742.4248 722.3281
1741.581 725.0612
1740.718 727.7818
1739.8353 730.4896
1738.9331 733.1844
1738.0115 735.86584
1737.0703 738.5337
1736.1099 741.18774
1735.1299 743.82764
1734.1306 746.4531
1733.112 749.06396
1732.074 751.6599
1731.0167 754.2407
1729.9402 756.8061
1728.8444 759.3558
1727.7292 761.8895
1726.5952 764.4071
1725.4418 766.9082
1724.2693 769.3927
1723.0776 771.86017
1721.867 774.3105
1720.6372 776.74335
1719.3884 779.15857
1718.1206 781.55585
1716.834 783.93494
1715.5283 786.2957
1714.2039 788.6378
1712.8604 790.96106
1711.4983 793.26526
1710.1172 795.55005
1708.7175 797.8153
1707.2991 800.0608
1705.8619 802.28625
1704.4062 804.4916
1702.9319 806.67633
1701.4388 808.84045
1699.9272 810.9837
1698.3973 813.1059
1696.8489 815.2067
1695.282 817.2861
1693.6968 819.3436
1692.0931 821.3793
1690.4712 823.3928
1688.831 825.38403
1687.1727 827.35266
1685.4961 829.2986
1683.8014 831.22156
1682.0886 833.12146
1680.3578 834.998
1678.6089 836.851
1676.842 838.68036
1675.0574 840.48584
1673.2548 842.26733
1671.4343 844.02454
1669.5961 845.7574
1667.74 847.4656
1665.8665 849.1491
1663.9751 850.8077
1662.0662 852.44116
1660.1396 854.04944
1658.1958 855.6323
1656.2344 857.1896
1654.2554 858.7212
1652.2593 860.22687
1650.2458 861.70654
1648.2151 863.16003
1646.1671 864.5873
1644.102 865.988
1642.0198 867.3621
1639.9204 868.7095
1637.8042 870.03
1635.6711 871.3236
1633.521 872.58997
1631.354 873.8291
1629.1703 875.04083
1626.9698 876.2251
1624.7527 877.3817
1622.519 878.5106
1620.2687 879.61163
1618.0018 880.6847
1615.7186 881.72974
1613.419 882.7466
1611.103 883.7351
1608.7708 884.6953
1606.4221 885.627
1604.0576 886.53015
1601.6768 887.40466
1599.28 888.2504
1596.8672 889.0674
1594.4385 889.8554
1591.994 890.6145
1589.5337 891.3445
1587.0576 892.0453
1584.5658 892.7169
1582.0583 893.3593
1579.5355 893.97235
1576.9971 894.556
1574.4432 895.1102
1571.874 895.6349
1569.2896 896.13
1566.6897 896.59546
1564.0748 897.0314
1561.4448 897.4375
1558.7998 897.81384
1556.1399 898.16046
1553.4648 898.4773
1550.7751 898.7642
1548.0706 899.0213
1545.3513 899.2485
1542.6174 899.44574
1539.8691 899.61304
1537.1062 899.75037
1534.3289 899.8577
1531.5371 899.9351
1528.7312 899.98254
1525.9109 899.9999
1523.0767 899.9873
1520.2281 899.9447
1517.3657 899.8721
1514.4893 899.76953
1511.5991 899.63696
1508.6951 899.4744
1505.7773 899.282
1502.846 899.0596
1499.901 898.80725
1496.9425 898.525
1493.9707 898.213
1490.9854 897.87115
1487.9869 897.4995
1484.9752 897.09814
1481.9503 896.667
1478.9125 896.2062
1475.8616 895.7158
1472.7979 895.19586
1469.7213 894.64636
1466.632 894.0674
1463.53 893.45905
1460.4155 892.8214
1457.2885 892.1544
1454.1489 891.4582
1450.9971 890.73285
1447.8329 889.9784
1444.6566 889.195
1441.4681 888.3827
1438.2676 887.5415
1435.0552 886.6716
1431.8309 885.77295
1428.5947 884.8458
1425.3469 883.89014
1422.0875 882.9061
1418.8164 881.8938
1415.5339 880.8533
1412.2401 879.78467
1408.9349 878.6881
1405.6185 877.5636
1402.291 876.4114
1398.9524 875.23157
1395.6028 874.0242
1392.2423 872.7894
1388.8711 871.52734
1385.4891 870.23816
1382.0964 868.92194
1378.6932 867.5788
1375.2797 866.2089
1371.8556 864.8124
1368.4213 863.3894
1364.9767 861.9401
1361.5221 860.4646
1358.0574 858.963
1354.5828 857.43555
1351.0981 855.8824
1347.6039 854.3036
1344.1 852.6994
1340.5863 851.0699
1337.0632 849.4153
1333.5308 847.7358
1329.9889 846.03143
1326.4377 844.30255
1322.8774 842.5492
1319.3081 840.7716
1315.7297 838.97
1312.1426 837.14435
1308.5465 835.2951
1304.9418 833.42224
1301.3285 831.5261
1297.7065 829.6068
1294.0762 827.66455
1290.4375 825.6995
1286.7905 823.7119
1283.1355 821.7019
1279.4723 819.6698
1275.801 817.61566
1272.122 815.5398
1268.435 813.4424
1264.7405 811.3236
1261.0383 809.1837
1257.3286 807.0229
1253.6113 804.8414
1249.8868 802.63934
1246.1552 800.4171
1242.4163 798.1748
1238.6702 795.91266
1234.9172 793.6309
1231.1575 791.32983
1227.3909 789.00964
1223.6177 786.67053
1219.8378 784.31274
1216.0514 781.9365
1212.2585 779.5421
1208.4596 777.12976
1204.6543 774.69965
1200.8429 772.25214
1197.0254 769.78735
1193.2021 767.3056
1189.3729 764.8071
1185.538 762.2922
1181.6975 759.761
1177.8513 757.2138
1173.9999 754.65094
1170.143 752.0726
1166.2808 749.479
1162.4136 746.8705
1158.5411 744.2473
1154.6638 741.6097
1150.7816 738.95795
1146.8947 736.29224
1143.003 733.613
1139.1068 730.9203
1135.2062 728.21454
1131.3011 725.496
1127.3917 722.76483
1123.4783 720.0214
1119.5605 717.26605
1115.639 714.4989
1111.7135 711.72034
1107.7842 708.93054
1103.8512 706.1299
1099.9147 703.31866
1095.9746 700.4971
1092.0311 697.6654
1088.0844 694.82404
1084.1343 691.97314
1080.1813 689.11304
1076.2252 686.244
1072.2661 683.36646
1068.3043 680.48047
1064.3398 677.5865
1060.3728 674.6847
1056.4031 671.77545
1052.431 668.8591
1048.4568 665.9358
1044.4802 663.00586
1040.5015 660.0697
1036.5209 657.1275
1032.5382 654.17957
1028.5538 651.22626
1024.5677 648.2678
1020.57996 645.3045
1016.5907 642.33673
1012.60004 639.3647
1008.60803 636.3887
1004.61487 633.40906
1000.62054 630.42615
996.62524 627.4401
992.62897 624.45135
988.6319 621.4602
984.63416 618.46686
980.63574 615.4717
976.63684 612.4749
972.6375 609.477
968.6379 606.478
964.63806 603.47845
960.63806 600.4786
956.63806 597.4786
952.6382 594.4789
948.6385 591.47974
944.63904 588.4814
940.63995 585.48425
936.6414 582.4885
932.64343 579.49457
928.6461 576.5027
924.6496 573.5131
920.654 570.5262
916.65936 567.54224
912.6658 564.5615
908.6734 561.58435
904.6823 558.611
900.69257 555.64185
896.70435 552.67706
892.7177 549.71704
888.7327 546.7621
884.7496 543.8124
880.76825 540.86835
876.78894 537.9302
872.8117 534.9983
868.8366 532.0729
864.86383 529.1542
860.89343 526.2427
856.9255 523.3385
852.96014 520.44196
848.9975 517.5534
845.0376 514.6731
841.08057 511.80133
837.12646 508.93835
833.17554 506.0845
829.2277 503.24005
825.2832 500.40524
821.342 497.5804
817.4043 494.76584
813.47015 491.9618
809.5397 489.16852
805.6129 486.38635
801.69006 483.61554
797.7712 480.85635
793.8563 478.10907
789.9457 475.37402
786.0392 472.6514
782.1371 469.94153
778.2395 467.24466
774.3464 464.56107
770.4579 461.89102
766.5742 459.23477
762.6953 456.59262
758.82135 453.96478
754.95245 451.35156
751.0886 448.75323
747.23004 446.16998
743.37683 443.60214
739.529 441.04993
735.68665 438.5136
731.8499 435.99347
728.0189 433.4897
724.1937 431.00256
720.3744 428.53235
716.56104 426.0793
712.7538 423.64362
708.95276 421.2256
705.15796 418.82544
701.3695 416.4434
697.5876 414.0797
693.8122 411.7346
690.04346 409.40833
686.2815 407.1011
682.52637 404.81317
678.77814 402.5448
675.0369 400.29614
671.30286 398.06744
667.57605 395.85895
663.85657 393.67084
660.1444 391.50342
656.4398 389.3568
652.7428 387.23126
649.0534 385.127
645.3718 383.04425
641.6981 380.98315
638.03235 378.94397
634.37463 376.9269
630.7251 374.93216
627.08374 372.9599
623.4507 371.0103
619.8259 369.08362
616.2098 367.18
612.6022 365.29968
609.0033 363.4428
605.41315 361.60962
601.8319 359.8003
598.25964 358.01495
594.69635 356.2538
591.1422 354.51703
587.5973 352.80484
584.06177 351.11734
580.5355 349.45474
577.0188 347.8172
573.5117 346.2049
570.01416 344.61792
566.5265 343.05652
563.0486 341.5208
559.5806 340.01096
556.1227 338.5271
552.6748 337.06937
549.2372 335.63797
545.80975 334.23297
542.3927 332.85455
538.9861 331.50287
535.59 330.17804
532.2046 328.8802
528.82983 327.60944
525.4658 326.36594
522.1127 325.14978
518.7705 323.96115
515.4394 322.8001
512.11926 321.66678
508.8105 320.56128
505.5129 319.48373
502.22675 318.43423
498.95197 317.4129
495.68878 316.41983
492.43713 315.4551
489.1972 314.51883
485.9691 313.6111
482.75275 312.73206
479.5484 311.8817
476.35605 311.06018
473.17578 310.26752
470.00766 309.50388
466.8518 308.76926
463.7083 308.06378
460.5772 307.38748
457.4586 306.74045
454.35254 306.12274
451.2591 305.53442
448.1784 304.97556
445.11053 304.4462
442.05548 303.94638
439.01337 303.4762
435.9843 303.03564
432.96838 302.6248
429.96558 302.24368
426.97607 301.89236
423.99988 301.57083
421.03705 301.27914
418.08777 301.01733
415.15198 300.78543
412.22986 300.58347
409.32135 300.4114
406.4267 300.26932
403.54584 300.15723
400.6789 300.0751
397.82593 300.02298
394.987 300.00085
392.16223 300.00873
389.35168 300.0466
386.55536 300.11447
383.77338 300.2123
381.0058 300.34015
378.2527 300.49796
375.51416 300.68573
372.79022 300.9034
370.081 301.151
367.38647 301.4285
364.7068 301.73584
362.04193 302.073
359.39215 302.44
356.75726 302.8367
354.1375 303.26315
351.5329 303.71927
348.94348 304.20502
346.3694 304.72034
343.8106 305.26517
341.2672 305.8395
338.73932 306.44327
336.22693 307.07635
333.73016 307.73877
331.24902 308.4304
328.78363 309.15115
326.33398 309.90103
323.9002 310.6799
321.48236 311.48773
319.08038 312.32437
316.69458 313.18982
314.3247 314.08392
311.97107 315.00665
309.6336 315.95782
307.31238 316.93744
305.0075 317.94537
302.719 318.9815
300.44696 320.04575
298.19135 321.13794
295.95227 322.2581
293.72986 323.40594
291.5241 324.5815
289.33502 325.7846
287.16272 327.0151
285.00726 328.27292
282.86865 329.55792
280.74695 330.86996
278.6422 332.2089
276.55457 333.57462
274.484 334.96698
272.43054 336.38586
270.39435 337.83112
268.37537 339.30258
266.37366 340.80008
264.38922 342.32355
262.4223 343.87274
260.47272 345.44757
258.5407 347.04785
256.62616 348.67343
254.72925 350.32416
252.84998 351.99985
250.98834 353.70032
249.14447 355.42545
247.3183 357.17502
245.51007 358.94885
243.7196 360.74683
241.94708 362.56873
240.1925 364.41437
238.45593 366.28357
236.73737 368.17612
235.03693 370.09186
233.35455 372.0306
231.69043 373.99216
230.0445 375.9763
228.41675 377.98285
226.80731 380.0116
225.21625 382.06232
223.64355 384.13486
222.08923 386.22897
220.55334 388.34448
219.03601 390.48114
217.53711 392.6388
216.05688 394.81714
214.59521 397.01605
213.15216 399.23523
211.72778 401.47446
210.32208 403.73358
208.93518 406.01233
207.56702 408.31042
206.21765 410.62775
204.88715 412.964
203.57556 415.31897
202.28284 417.69238
201.0091 420.084
199.75427 422.49365
198.51855 424.92102
197.30182 427.36597
196.10413 429.82812
194.92554 432.3073
193.76611 434.80325
192.6258 437.31573
191.5047 439.84445
190.40283 442.38922
189.32019 444.94974
188.25677 447.52576
187.2127 450.11703
186.18793 452.7233
185.18256 455.3443
184.19647 457.97974
183.22986 460.6294
182.2826 463.293
181.3548 465.97028
180.44647 468.66095
179.55768 471.36475
178.68835 474.08142
177.83856 476.81067
177.00836 479.55225
176.1977 482.30588
175.40662 485.0713
174.6352 487.84818
173.88336 490.6363
173.15125 493.4353
172.43872 496.24503
171.74591 499.0651
171.07288 501.89526
170.4195 504.73523
169.78589 507.58475
169.172 510.44348
168.57794 513.3112
168.0036 516.18756
167.4491 519.0723
166.91443 521.9652
166.39954 524.86584
165.90454 527.774
165.42938 530.6894
164.97406 533.6117
164.53864 536.54065
164.12305 539.47595
163.72742 542.41736
163.35168 545.36444
162.99585 548.317
162.65997 551.2748
162.34406 554.23737
162.04803 557.2046
161.77197 560.1761
161.51587 563.15155
161.27966 566.1307
161.06354 569.1132
160.86731 572.0988
160.6911 575.0872
160.53485 578.0781
160.39856 581.0712
160.28235 584.0662
160.18604 587.0628
160.1098 590.06067
160.05353 593.0596
160.01727 596.0591
160.00098 599.0591
160.0047 602.05914
160.02844 605.05896
160.07214 608.0583
160.13593 611.0568
160.2196 614.05426
160.32336 617.0503
160.44702 620.0446
160.59076 623.0369
160.75446 626.0269
160.93811 629.01434
161.14178 631.99884
161.36536 634.9801
161.60901 637.95795
161.87256 640.93195
162.156 643.90186
162.45947 646.8674
162.7829 649.82825
163.12622 652.78406
163.48938 655.7347
163.87256 658.6797
164.27563 661.61884
164.69861 664.55176
165.14148 667.4783
165.60413 670.3981
166.08673 673.3108
166.58911 676.2162
167.11139 679.114
167.6535 682.00385
168.21533 684.8855
168.797 687.75867
169.3985 690.62305
170.01971 693.4784
170.6607 696.3244
171.32141 699.16077
172.00183 701.9872
172.70197 704.80347
173.42181 707.6092
174.16132 710.4042
174.92041 713.1882
175.69922 715.9608
176.49756 718.72186
177.31549 721.471
178.15302 724.208
179.01007 726.9326
179.88666 729.64453
180.78278 732.3435
181.69836 735.0292
182.63342 737.7014
183.58783 740.35986
184.56177 743.0042
185.55505 745.63434
186.56763 748.2499
187.59961 750.8506
188.65088 753.43616
189.72144 756.0065
190.81128 758.56116
191.92035 761.1
193.04858 763.6227
194.19604 766.129
195.36261 768.6187
196.54828 771.0916
197.75311 773.54736
198.97693 775.9858
200.21979 778.40656
201.48163 780.8096
202.76245 783.1944
204.06226 785.561
205.38086 787.90894
206.71838 790.23816
208.07477 792.5484
209.44995 794.8393
210.84381 797.1107
212.25647 799.3625
213.6878 801.5943
215.13782 803.8059
216.60645 805.9972
218.09363 808.16785
219.59943 810.3177
221.12366 812.4465
222.66644 814.5541
224.2276 816.64014
225.80713 818.7046
227.40509 820.7472
229.0213 822.7677
230.65582 824.76587
232.3086 826.7416
233.97949 828.6947
235.66864 830.6249
237.3758 832.532
239.10107 834.4159
240.84436 836.2763
242.60565 838.11316
244.38489 839.92615
246.18195 841.7151
247.99689 843.4799
249.82965 845.2204
251.68018 846.9364
253.54834 848.6276
255.43427 850.294
257.3377 851.9354
259.25873 853.5516
261.19733 855.1424
263.15338 856.70764
265.12683 858.2473
267.11768 859.7611
269.12585 861.2489
271.15125 862.71063
273.19397 864.14606
275.25378 865.55505
277.3307 866.9375
279.42474 868.29333
281.53577 869.6222
283.66376 870.9242
285.80865 872.1991
287.9704 873.4467
290.149 874.667
292.3443 875.85986
294.55627 877.02515
296.7849 878.16266
299.03015 879.2724
301.29187 880.35425
303.57007 881.40796
305.8647 882.4336
308.17566 883.43097
310.50293 884.4
312.84644 885.3406
315.20612 886.2527
317.58197 887.1361
319.97382 887.99084
322.3817 888.8168
324.80548 889.6138
327.24518 890.38184
329.70068 891.12085
332.172 891.8308
334.65894 892.5116
337.16156 893.163
339.6797 893.7852
342.21338 894.378
344.7625 894.94135
347.32703 895.4752
349.90686 895.9795
352.50195 896.4542
355.11218 896.8993
357.7376 897.31464
360.37805 897.7003
363.03345 898.05615
365.70386 898.3822
368.38904 898.67847
371.08905 898.94476
373.80383 899.1813
376.5332 899.38776
379.27716 899.56433
382.03564 899.711
384.8086 899.82764
387.59595 899.9143
390.39758 899.97107
393.2135 899.99774
396.04352 899.9944
398.88763 899.9611
401.7458 899.8978
404.61792 899.8045
407.50397 899.6812
410.4038 899.52795
413.31738 899.3447
416.24463 899.1316
419.1855 898.88855
422.13977 898.6156
425.1076 898.3128
428.08875 897.9802
431.08325 897.61774
434.09094 897.2256
437.1117 896.80365
440.14557 896.35205
443.1925 895.8708
446.25238 895.36
449.325 894.8196
452.41046 894.24976
455.50858 893.6505
458.61935 893.02185
461.74265 892.3639
464.8784 891.6767
468.0265 890.9603
471.18692 890.2149
474.35956 889.4404
477.5443 888.637
480.74118 887.80475
483.95 886.9437
487.17075 886.05396
490.4033 885.13556
493.64758 884.1887
496.90353 883.2134
500.17105 882.2098
503.45007 881.178
506.74054 880.1179
510.0423 879.03
513.35535 877.9141
516.67944 876.77045
520.0148 875.5991
523.361 874.4002
526.71826 873.1738
530.08624 871.92017
533.465 870.6393
536.85443 869.33136
540.25446 867.9965
543.6649 866.6349
547.0859 865.2465
550.5171 863.83167
553.95856 862.39044
557.4102 860.923
560.8719 859.4294
564.34357 857.9099
567.8251 856.36456
571.3165 854.79364
574.81757 853.1972
578.32825 851.57544
581.8485 849.9286
585.3783 848.25665
588.91736 846.55994
592.4657 844.83856
596.0232 843.0927
599.58984 841.3225
603.1655 839.5282
606.7501 837.70996
610.3435 835.8679
613.9457 834.0023
617.5564 832.1133
621.1758 830.20105
624.8036 828.2658
628.4398 826.30774
632.08435 824.327
635.73706 822.32385
639.3978 820.29846
643.06665 818.2511
646.7434 816.1818
650.428 814.09094
654.1203 811.9787
657.8203 809.8452
661.5278 807.6908
665.2428 805.51556
668.9651 803.3198
672.6947 801.1037
676.4315 798.8675
680.1754 796.6113
683.9264 794.3356
687.68414 792.0404
691.4487 789.72595
695.2201 787.3926
698.99805 785.04047
702.7825 782.66986
706.57336 780.281
710.3706 777.874
714.1741 775.44934
717.9837 773.0071
721.7994 770.54755
725.621 768.0709
729.4485 765.5775
733.28174 763.06757
737.1206 760.54126
740.9651 757.9989
744.81506 755.4408
748.6704 752.86707
752.53107 750.27814
756.39685 747.67413
760.26776 745.05536
764.1437 742.4221
768.0245 739.7746
771.91003 737.1131
775.80035 734.43787
779.69525 731.7492
783.59467 729.04736
787.4985 726.33264
791.4066 723.6053
795.319 720.8656
799.2354 718.1138
803.1559 715.35016
807.0803 712.575
811.00854 709.7886
814.9405 706.99115
818.8761 704.1831
822.8152 701.36456
826.7577 698.5359
830.7036 695.6974
834.6527 692.84937
838.6049 689.99194
842.5602 687.1256
846.51843 684.25055
850.47943 681.36707
854.44324 678.4754
858.40967 675.5759
862.3786 672.6689
866.35004 669.7546
870.3238 666.83325
874.29974 663.90533
878.2779 660.97095
882.25806 658.0305
886.2402 655.0842
890.2241 652.13245
894.20984 649.1755
898.1972 646.2136
902.1861 643.2471
906.1764 640.27625
910.1681 637.30133
914.161 634.32275
918.1551 631.3407
922.1502 628.3555
926.1463 625.36755
930.1432 622.377
934.14087 619.3842
938.13916 616.3895
942.13806 613.3931
946.1373 610.39545
950.13696 607.3967
954.1369 604.3972
958.1369 601.39734
962.137 598.3973
966.137 595.39734
970.1369 592.39795
974.13654 589.39923
978.1358 586.4016
982.13464 583.4054
986.1329 580.41077
990.1305 577.41815
994.1274 574.4278
998.1234 571.43994
1002.1184 568.45496
1006.1124 565.47314
1010.1053 562.4948
1014.09686 559.5202
1018.0871 556.5496
1022.0759 553.58344
1026.0631 550.6219
1030.0487 547.6652
1034.0326 544.7138
1038.0145 541.76794
1041.9946 538.8279
1045.9725 535.894
1049.9484 532.96643
1053.922 530.04565
1057.8932 527.13184
1061.862 524.2253
1065.8282 521.32635
1069.7919 518.43524
1073.7527 515.5523
1077.7107 512.67786
1081.6658 509.81207
1085.6178 506.95532
1089.5667 504.1079
1093.5123 501.27008
1097.4546 498.4421
1101.3936 495.6243
1105.3289 492.81693
1109.2606 490.02026
1113.1885 487.23462
1117.1127 484.46024
1121.033 481.69742
1124.9491 478.9464
1128.8611 476.20752
1132.769 473.48102
1136.6725 470.76715
1140.5717 468.06622
1144.4662 465.37848
1148.3562 462.70422
1152.2415 460.0437
1156.122 457.39713
1159.9974 454.76483
1163.868 452.1471
1167.7335 449.5441
1171.5938 446.95618
1175.4487 444.38354
1179.2983 441.82648
1183.1425 439.28522
1186.981 436.76007
1190.8138 434.25122
1194.6409 431.75894
1198.4622 429.2835
1202.2773 426.8251
1206.0865 424.38403
1209.8896 421.96054
1213.6864 419.55487
1217.4768 417.1672
1221.2609 414.79785
1225.0383 412.44702
1228.8092 410.11493
1232.5734 407.80182
1236.3307 405.50793
1240.081 403.23352
1243.8246 400.97876
1247.5609 398.7439
1251.29 396.5292
1255.0118 394.33484
1258.7263 392.161
1262.4333 390.008
1266.1328 387.87598
1269.8246 385.76517
1273.5085 383.67578
1277.1848 381.60803
1280.853 379.56213
1284.5133 377.53827
1288.1655 375.53665
1291.8094 373.5575
1295.4451 371.60095
1299.0723 369.66727
1302.6912 367.75662
1306.3013 365.8692
1309.9028 364.0052
1313.4956 362.16476
1317.0796 360.34814
1320.6547 358.55548
1324.2207 356.78696
1327.7776 355.0428
1331.3253 353.3231
1334.8638 351.62805
1338.3928 349.95786
1341.9124 348.31268
1345.4225 346.69266
1348.9229 345.09796
1352.4136 343.52878
1355.8945 341.98523
1359.3655 340.4675
1362.8265 338.9757
1366.2773 337.51004
1369.7181 336.0706
1373.1487 334.65756
1376.5688 333.27106
1379.9788 331.91122
1383.3779 330.57822
1386.7667 329.27213
1390.1448 327.9931
1393.512 326.74133
1396.8684 325.51685
1400.214 324.3198
1403.5485 323.15036
1406.8718 322.00858
1410.1841 320.8946
1413.4851 319.80856
1416.7748 318.75052
1420.0531 317.7206
1423.3198 316.71893
1426.575 315.74557
1429.8185 314.80063
1433.0502 313.88422
1436.2701 312.99643
1439.4781 312.13733
1442.6741 311.30704
1445.8582 310.50558
1449.0299 309.73312
1452.1895 308.98965
1455.3368 308.2753
1458.4717 307.59012
1461.594 306.93417
1464.704 306.30753
1467.8013 305.71027
1470.8857 305.14246
1473.9575 304.6041
1477.0166 304.0953
1480.0625 303.6161
1483.0956 303.16653
1486.1155 302.74664
1489.1223 302.35648
1492.116 301.99606
1495.0962 301.66547
1498.063 301.36472
1501.0165 301.0938
1503.9564 300.8528
1506.8828 300.64172
1509.7954 300.46057
1512.6942 300.3094
1515.5793 300.18814
1518.4504 300.09692
1521.3077 300.03564
1524.1509 300.0044
1526.98 300.00314
1529.7949 300.0319
1532.5955 300.09064
1535.3818 300.17938
1538.1538 300.2981
1540.9114 300.44678
1543.6543 300.62543
1546.3827 300.834
1549.0964 301.07254
1551.7954 301.3409
1554.4796 301.6392
1557.1489 301.9673
1559.8035 302.3252
1562.4429 302.7129
1565.0671 303.13028
1567.6764 303.57736
1570.2704 304.0541
1572.8491 304.56042
1575.4126 305.0963
1577.9607 305.66168
1580.4934 306.25647
1583.0105 306.88068
1585.512 307.53415
1587.9978 308.2169
1590.468 308.92883
1592.9225 309.66986
1595.3611 310.4399
1597.7838 311.23892
1600.1907 312.06683
1602.5813 312.92352
1604.956 313.8089
1607.3147 314.72293
1609.657 315.66547
1611.9832 316.63644
1614.2931 317.63577
1616.5865 318.66333
1618.8636 319.71902
1621.1243 320.80273
1623.3684 321.9144
1625.5958 323.05383
1627.8066 324.22098
1630.0009 325.4157
1632.1782 326.6379
1634.3389 327.88742
1636.4827 329.16415
1638.6094 330.468
1640.7192 331.79874
1642.8123 333.15634
1644.888 334.54062
1646.9465 335.95145
1648.988 337.3887
1651.0122 338.8522
1653.0193 340.3418
1655.009 341.85736
1656.9812 343.39877
1658.936 344.96582
1660.8734 346.55838
1662.7932 348.17627
1664.6956 349.81937
1666.5802 351.4875
1668.4473 353.18042
1670.2965 354.89807
1672.128 356.64023
1673.9418 358.4067
1675.7375 360.19736
1677.5156 362.012
1679.2756 363.8504
1681.0178 365.71246
1682.7417 367.59796
1684.4478 369.50665
1686.1355 371.43842
1687.8053 373.39307
1689.4568 375.37036
1691.0901 377.3701
1692.7051 379.3921
1694.3018 381.43616
1695.88 383.5021
1697.44 385.58966
1698.9814 387.6987
1700.5044 389.82898
1702.0088 391.98022
1703.4949 394.1523
1704.9622 396.34497
1706.4109 398.55798
1707.841 400.79117
1709.2523 403.04425
1710.6449 405.31708
1712.0188 407.6093
1713.3738 409.92084
1714.7101 412.25134
1716.0275 414.60062
1717.3259 416.96844
1718.6055 419.35455
1719.866 421.75876
1721.1075 424.1808
1722.3301 426.62036
1723.5336 429.07733
1724.718 431.55133
1725.8832 434.04224
1727.0293 436.54968
1728.1562 439.07352
1729.2639 441.61343
1730.3525 444.1692
1731.4218 446.7405
1732.4717 449.32718
1733.5023 451.9289
1734.5137 454.54547
1735.5056 457.1765
1736.4781 459.8219
1737.4313 462.48126
1738.365 465.15442
1739.2793 467.84106
1740.1741 470.5409
1741.0493 473.25366
1741.905 475.97913
1742.7412 478.71698
1743.5579 481.46698
1744.3549 484.22882
1745.1322 487.00226
1745.89 489.78696
1746.6282 492.5827
1747.3467 495.38922
1748.0454 498.20615
1748.7245 501.03326
1749.3838 503.8703
1750.0234 506.71695
1750.6433 509.5729
1751.2434 512.4379
1751.8237 515.3117
1752.3843 518.1939
1752.925 521.08435
1753.4459 523.98267
1753.947 526.88855
1754.4282 529.80176
1754.8895 532.72205
1755.331 535.649
1755.7527 538.5824
1756.1543 541.522
1756.5361 544.46735
1756.898 547.4183
1757.24 550.3745
1757.562 553.3357
1757.864 556.3015
1758.1462 559.2717
1758.4084 562.246
1758.6506 565.22406
1758.8728 568.20557
1759.0752 571.1903
1759.2574 574.1779
1759.4197 577.1681
1759.562 580.1605
1759.6844 583.15497
1759.7867 586.1511
1759.8691 589.1486
1759.9314 592.1472
1759.9739 595.1466
1759.9962 598.1465
1759.9985 601.1465
