80 1554.0012 856.42737
95 1516.1455 876.06384
136 1396.5197 925.4174
145 1367.3296 935.0472
162 1309.6393 951.71564
178 1252.5956 965.36005
195 1189.4976 977.43115
214 1116.5448 987.6951
229 1057.6122 993.2378
245 993.92584 996.5568
263 921.8561 997.0234
279 857.96515 994.52313
296 790.8305 988.9046
312 728.85724 980.91797
329 664.82654 969.7126
346 603.178 955.90717
362 547.76105 940.7647
379 492.05502 922.67145
396 439.97906 902.83435
413 391.83173 881.6074
429 350.3061 860.6921
446 310.34955 837.8338
463 274.74542 814.6874
480 243.4738 791.61096
497 216.43257 768.93396
514 193.44226 746.94446
530 175.28322 727.08734
546 160.23978 708.1914
563 147.34961 689.2639
580 137.28828 671.5477
597 129.68933 654.9921
613 124.478386 640.35767
630 120.719795 625.631
647 118.56558 611.508
664 117.86726 597.70197
680 118.49136 584.7231
697 120.55724 570.6577
714 124.20288 556.0283
731 129.64815 540.5874
747 136.67328 525.1397
764 146.4723 507.63193
781 159.02534 488.94156
797 173.67542 470.28687
814 192.57544 449.42413
831 215.20586 427.6463
848 241.81557 405.1767
864 270.66104 383.6435
881 305.45587 360.6561
898 344.55835 337.8964
915 387.92484 315.72842
931 432.5251 295.73737
948 483.7426 275.7736
965 538.6363 257.4715
981 593.352 242.06004
998 654.34393 227.89783
1015 717.8285 216.2714
1032 783.30035 207.39807
1048 846.2506 201.7124
1065 914.0064 198.61363
1082 982.0848 198.60538
1099 1049.8928 201.69115
1115 1112.9375 207.37393
1133 1182.3567 216.87085
1149 1242.2166 227.92007
1166 1303.4144 242.14072
1183 1361.6758 258.66153
1200 1416.5853 277.18167
1216 1464.8864 296.13995
1233 1512.3462 317.5652
1250 1555.6246 339.94516
1267 1594.5929 362.90158
1283 1627.2902 384.70108
1300 1657.8381 407.7322
1317 1684.1808 430.312
1334 1706.5099 452.16064
1350 1724.0902 471.85434
1367 1739.4161 491.70178
1384 1751.6298 510.35318
1400 1760.6111 526.80426
1417 1767.8291 543.17444
1434 1772.9825 558.5396
1451 1776.3583 573.1054
1467 1778.1051 586.3148
1484 1778.5656 600.0974
1501 1777.622 613.92175
1518 1775.2117 628.0915
1534 1771.4645 641.9935
1551 1765.6885 657.5922
1568 1757.7726 674.2218
1585 1747.3782 691.9965
1602 1734.148 710.9562
1618 1718.788 729.85077
1635 1699.0635 750.9384
1652 1675.5469 772.89545
1669 1648.0029 795.4856
1685 1618.2487 817.0694
1702 1582.4735 840.0362
1719 1542.3936 862.69366
1735 1500.7932 883.4074
1752 1452.6062 904.4135
1769 1400.5251 924.02936
1786 1344.8402 941.906
1802 1289.4592 956.852
1819 1227.8577 970.45844
1836 1163.8748 981.47546
1853 1098.0251 989.69666
1869 1034.8359 994.7403
1886 966.9548 997.1388
1903 898.88574 996.44086
1919 835.18036 992.9633
1936 768.43396 986.334
1953 703.2158 976.80023
1970 640.06946 964.53656
1986 582.9837 950.70123
2003 525.2607 933.82074
2020 470.95377 914.99524
2037 420.4039 894.5635
2053 376.5018 874.1905
2070 333.94437 851.6867
2087 295.7106 828.67
2104 261.8314 805.50977
2120 233.87665 783.8932
2137 208.22708 761.4186
2154 186.55176 739.71716
2170 169.54169 720.1913
2187 154.76657 700.5416
2204 143.04236 682.0954
2220 134.46469 665.8321
2238 127.28068 648.72327
2254 122.78291 634.4292
2271 119.683975 619.9741
2287 118.171646 606.8255
2304 117.94809 593.0576
2321 119.13222 579.1958
2338 121.80324 564.93933
2354 125.827324 550.9158
2371 131.94234 535.1541
2388 140.25221 518.3372
2405 151.10014 500.3631
2421 163.94952 482.36417
2438 180.74144 462.1358
2455 201.08714 440.8873
2472 225.269 418.8053
2488 251.7346 397.48
2505 283.9428 374.52414
2522 320.44568 351.58438
2538 358.73038 330.3259
2555 403.51266 308.44156
2572 452.37442 287.64487
2589 505.0864 268.2988
2606 561.3462 250.7486
2622 617.2073 236.157
2639 679.24524 222.97125
2656 743.58057 212.41315
2672 805.7636 205.0545
2689 873.04016 200.11658
2706 940.9946 198.2391
2722 1005.0425 199.30292
2739 1072.6257 203.42412
2756 1139.1536 210.5538
2773 1204.0591 220.56218
2789 1263.1826 232.44795
2806 1323.4388 247.4766
2823 1380.6118 264.708
2840 1434.3065 283.82928
2856 1481.3693 303.24487
2873 1527.4365 325.03473
2890 1569.2698 347.65158
2906 1604.6831 369.35538
2923 1638.085 392.5096
2940 1667.1959 415.42258
2957 1692.1582 437.78424
2973 1712.0546 458.09116
2990 1729.6359 478.68637
3007 1743.8704 498.13608
3024 1755.1157 516.3772
3040 1763.2994 532.4548
3057 1769.7847 548.4665
3074 1774.309 563.53577
3090 1777.0138 577.0587
3107 1778.4177 590.9836
3124 1778.405 604.7456
3141 1776.978 618.6535
3158 1774.0414 633.0046
3174 1769.7338 647.15576
3191 1763.271 663.0854
3208 1754.5574 680.09247
3224 1743.9893 697.16473
3241 1729.9044 716.4515
3258 1712.5343 736.86237
3275 1691.5593 758.2664
3291 1668.2793 779.1428
3308 1639.5792 801.86035
3325 1606.6498 824.8374
3342 1569.419 847.74
3358 1530.4554 868.90735
3375 1484.9716 890.634
3392 1435.4415 911.2109
3408 1385.3447 929.2038
3425 1328.7161 946.53644
3442 1268.9536 961.72156
3458 1210.2333 973.8008
3475 1145.6763 984.0568
3493 1075.4629 991.8125
3509 1011.97095 995.8947
3526 943.96014 997.25006
3542 879.9506 995.694
3559 812.50494 991.0581
3576 746.212 983.43176
3592 685.3758 973.64606
3609 622.8992 960.6592
3626 563.13324 945.2382
3643 506.52148 927.6648
3659 456.46652 909.44385
3676 407.01562 888.62805
3693 361.65256 866.672
3709 322.84473 845.30365
3726 285.8258 822.21045
3743 253.15503 799.07355
3760 224.75658 776.23303
3777 200.47534 753.9918
3793 181.18091 733.8339
3810 164.18867 713.4244
3827 150.48456 694.17645
3843 140.267 677.16754
3860 131.90797 660.24554
3877 125.775215 644.40625
3894 121.55408 629.4754
3910 119.099976 616.04346
3927 117.939606 602.16754
3944 118.1886 588.4025
3960 119.72184 575.2722
3977 122.83432 560.85535
3994 127.66678 545.70197
4011 134.48648 529.59985
4027 143.00684 513.4438
4044 154.62637 495.13892
4061 169.24202 475.65625
4077 186.04475 456.30612
4094 207.43408 434.8037
4111 232.72849 412.53076
4128 262.1343 389.7473
4145 295.78717 366.75864
4161 331.39352 345.23776
4178 373.3856 322.83713
4195 419.56635 301.27878
4212 469.75766 280.93204
4228 520.43317 263.20987
4245 577.6191 246.21863
4262 637.8692 231.42476
4278 696.9767 219.75337
4295 761.86127 209.96547
4312 828.3701 203.04951
4329 895.94104 199.13722
4345 959.9858 198.26788
4362 1027.9465 200.35242
4379 1095.2382 205.50063
4395 1157.4402 213.06224
4412 1221.7959 223.84288
4429 1283.8483 237.25873
4446 1343.1112 253.06398
4462 1395.9506 269.86444
4479 1448.6134 289.4526
4496 1497.3894 310.4871
4513 1542.0433 332.5986
4529 1580.1648 354.0548
4546 1616.4479 377.18045
4563 1648.3896 400.2903
4580 1676.0801 423.04965
4596 1698.4071 443.88492
4613 1718.3868 465.16693
4630 1734.7996 485.38718
4646 1747.291 503.34515
4664 1758.3031 522.2646
4680 1765.7278 537.97864
4697 1771.5171 553.6505
4713 1775.2585 567.5992
4730 1777.6505 581.79816
4747 1778.5697 595.63367
4764 1778.0841 609.4105
4780 1776.3173 622.59875
4797 1772.9303 637.1228
4814 1767.7827 652.42303
4830 1761.0818 667.7145
4847 1751.6794 685.04126
4864 1739.5791 703.54675
4881 1724.4229 723.2233
4898 1705.8693 743.98773
4914 1685.0289 764.3871
4931 1659.053 786.76587
4948 1628.9375 809.60645
4964 1596.701 831.2466
4981 1558.2688 854.0654
4998 1515.5604 876.3499
5015 1468.6879 897.72943
5031 1420.939 916.69476
5048 1366.597 935.2781
5065 1308.8649 951.9191
5082 1248.1399 966.31396
5098 1188.6584 977.5713
5115 1123.4613 986.8858
5132 1056.733 993.30237
5149 989.0399 996.6984
5165 924.97107 997.07513
5182 857.082 994.46924
5198 793.87775 989.2271
5215 728.0076 980.7893
5232 664.00476 969.54846
5249 602.39056 955.7107
5266 543.64294 939.5294
5282 491.35062 922.4228
5299 439.32422 902.5652
5316 391.22983 881.3226
5332 349.75626 860.3969
5349 309.85635 837.5325
5366 274.3091 814.3847
5383 243.0936 791.31146
5400 216.1066 768.64166
5416 194.40916 747.9321
5433 175.05374 726.81824
5449 160.05159 707.9364
5466 147.20074 689.0247
5483 137.17392 671.32416
5500 129.60478 654.783
5516 124.41804 640.1603
5533 120.68173 625.4432
5550 118.547295 611.32623
5567 117.86744 597.52234
5583 118.50885 584.54175
5600 120.59429 570.4708
5617 124.26185 555.83234
5634 129.73239 540.3794
5650 136.78506 524.91846
5667 146.61775 507.39545
5684 159.20914 488.68958
5700 173.8995 470.021
5717 192.8464 449.1451
5734 215.52733 427.3567
5750 240.50813 406.21628
5767 271.0879 383.34323
5784 305.9389 360.35654
5801 345.09753 337.60217
5817 385.84875 316.72467
5834 433.1692 295.46735
5851 484.43668 275.52304
5868 539.3762 257.24493
5885 597.6432 240.96275
5901 655.1582 227.72908
5918 718.6721 216.13731
5935 784.1664 207.30118
5951 847.1311 201.65219
5968 914.8949 198.59354
5985 982.9736 198.6258
6002 1050.7742 201.75175
6018 1113.8049 207.47137
6035 1179.398 216.39474
6052 1243.033 228.08986
6068 1300.6747 241.43762
6086 1362.4155 258.89127
6102 1414.1511 276.29517
6119 1465.5325 296.41205
6135 1510.2644 316.56104
6152 1553.7377 338.90558
6169 1592.9048 361.84384
6186 1627.7169 385.0035
6203 1658.209 408.03073
6219 1683.0647 429.29276
6236 1705.5723 451.18024
6252 1723.3086 470.91864
6269 1738.7855 490.81927
6286 1751.1335 509.52625
6303 1760.7201 527.02527
6319 1767.5463 542.4486
6336 1772.7875 557.8557
6353 1776.2393 572.4528
6370 1778.1202 586.496
6386 1778.5751 599.46814
6403 1777.6963 613.2839
6420 1775.3558 627.4314
6437 1771.4015 642.1914
6453 1765.9971 656.85706
6470 1758.1863 673.4364
6487 1747.913 691.1573
6504 1734.8203 710.0629
6520 1719.6044 728.9097
6537 1700.0469 749.9529
6554 1676.7094 771.8748
6570 1651.0778 793.1015
6587 1619.7827 816.01685
6604 1584.2047 838.98926
6621 1544.321 861.66876
6637 1502.9012 882.41876
6654 1454.8983 903.4799
6671 1402.9895 923.1672
6688 1347.4622 941.1306
6704 1292.2133 956.1713
6721 1230.7323 969.89056
6738 1166.8474 981.03094
6754 1104.9834 988.97284
6771 1037.9281 994.557
6788 970.06964 997.0965
6805 901.9963 996.54047
6821 838.262 993.195
6838 771.4592 986.7019
6855 706.15906 977.2976
6872 642.9065 965.15436
6888 585.7005 951.422
6905 527.8304 934.6382
6922 473.3592 915.8944
6939 422.63095 895.52844
6955 378.55118 875.20184
6972 335.79797 852.7305
6989 297.36505 829.7291
7006 263.28708 806.5677
7022 235.14908 784.9359
7039 209.31223 762.432
7056 187.46046 740.69006
7072 170.29668 721.1183
7089 155.37329 701.4148
7106 143.51749 682.91296
7123 134.36092 665.61365
7139 127.88483 650.36145
7156 122.96441 635.107
7173 119.79106 620.6226
7189 118.215485 607.4583
7206 117.92781 593.6874
7223 119.04653 579.83655
7240 121.64644 565.6043
7256 125.59484 551.6143
7273 131.61708 535.89734
7290 139.81923 519.13153
7307 150.54323 501.21155
7323 163.26097 483.26318
7340 179.89778 463.08493
7357 200.07431 441.87952
7374 224.07523 419.8307
7390 250.36241 398.52536
7407 282.37552 375.57687
7424 318.68112 352.6288
7440 356.78152 331.34732
7457 401.3729 309.42206
7474 450.0524 288.56757
7491 502.59427 269.1474
7507 555.3066 252.4903
7524 614.43134 236.81943
7541 676.35236 223.51897
7557 736.75964 213.38806
7574 802.7107 205.35236
7591 869.9423 200.27623
7608 937.87854 198.25745
7625 1005.9297 199.33699
7641 1069.5518 203.16907
7658 1136.1404 210.16351
7675 1201.1322 220.04375
7691 1260.3586 231.8176
7708 1320.7456 246.73854
7725 1378.0687 263.87573
7742 1431.9303 282.91782
7758 1479.1625 302.2737
7775 1525.4198 324.0167
7792 1567.4497 346.60397
7808 1603.0505 368.2956
7826 1638.4927 392.8112
7842 1665.9557 414.38388
7859 1691.1038 436.77692
7875 1711.1646 457.1233
7892 1728.907 477.76816
7909 1743.2871 497.27225
7926 1754.6611 515.5689
7942 1762.9507 531.6966
7959 1769.5331 547.7558
7976 1774.1406 562.8638
7992 1776.9143 576.4126
8009 1778.3849 590.3523
8026 1778.4362 604.115
8043 1777.0752 618.0095
8059 1774.4241 631.47473
8076 1769.981 646.45026
8093 1763.6133 662.33386
8110 1755.01 679.2891
8126 1744.5609 696.3103
8143 1730.618 715.54364
8160 1713.4056 735.9054
8177 1692.6019 757.2678
8193 1669.4935 778.1145
8210 1640.984 800.8127
8227 1608.2502 823.785
8243 1573.5145 845.3587
8260 1532.437 867.89166
8277 1487.1428 889.66205
8294 1437.7932 910.29956
8311 1384.6268 929.44275
8327 1331.3789 945.7879
8344 1271.7507 961.0777
8360 1213.1376 973.26636
8377 1148.6721 983.6483
8394 1082.4653 991.19354
8411 1015.0738 995.7588
8427 951.08264 997.2534
8444 883.0551 995.833
8461 815.5705 991.33636
8478 749.2123 983.84424
8494 688.29175 974.17804
8511 625.7026 961.3086
8528 565.8024 945.99316
8545 509.0375 928.51154
8561 458.8235 910.3631
8578 409.1909 889.60834
8595 363.63644 867.6962
8612 322.33304 845.0038
8628 287.42462 823.2709
8645 254.5559 800.1283
8662 225.96474 777.2673
8679 201.49954 754.99274
8695 182.04272 734.7939
8712 164.8918 714.3336
8728 151.77437 696.13293
8745 140.70847 677.9698
8762 132.23929 660.9952
8779 126.01192 645.1097
8796 121.70937 630.14197
8812 119.1878 616.68604
8829 117.961655 602.7978
8846 118.1466 589.0344
8863 119.752335 575.0876
8879 122.65612 561.5293
8896 127.40452 546.4147
8913 134.12662 530.3598
8929 142.54095 514.25305
8946 154.03195 496.0025
8963 168.50278 476.57275
8980 186.30008 456.03116
8996 206.37187 435.80627
9013 231.48256 413.5633
9030 260.69672 390.79684
9047 294.15332 367.81036
9063 329.5741 346.27692
9080 371.3715 323.84665
9097 417.3639 302.24164
9114 467.37668 281.8315
9130 517.8962 264.03506
9147 574.9322 246.95041
9164 635.05133 232.04973
9180 694.05524 220.26718
9197 758.8525 210.35187
9214 825.2991 203.30122
9230 888.84155 199.40303
9248 960.87537 198.27515
9264 1024.8468 200.18965
9281 1092.1818 205.19926
9297 1154.4485 212.63538
9314 1218.8973 223.29033
9331 1281.066 236.59059
9348 1340.4667 252.29251
9364 1393.4524 269.0085
9381 1446.2864 288.5219
9398 1495.2458 309.49817
9415 1540.0925 331.5686
9431 1578.4003 353.002
9448 1614.8827 376.11987
9465 1647.0219 399.23804
9482 1674.9036 422.0202
9498 1697.4025 442.8884
9515 1717.5529 464.2151
9532 1734.1217 484.48697
9548 1746.7454 502.49686
9565 1757.347 520.4557
9582 1765.4135 537.2373
9599 1771.295 552.95404
9615 1775.1115 566.93604
9632 1777.5741 581.15857
9649 1778.5585 595.00415
9666 1778.1371 608.777
9683 1776.2834 622.78455
9699 1773.1218 636.443
9716 1768.0604 651.7029
9732 1761.4534 666.949
9749 1752.1659 684.2229
9766 1740.1969 702.674
9783 1725.1881 722.2983
9799 1707.9781 741.76917
9816 1686.1215 763.37866
9833 1660.3308 785.7295
9850 1630.4081 808.5555
9866 1598.3566 830.1956
9897 1525.4166 871.4627
9900 1517.6068 875.3471
9916 1473.7799 895.54675
9933 1423.3387 915.8033
9950 1369.1605 934.46765
9967 1311.5753 951.20447
9984 1250.9778 965.70825
10000 1191.5963 977.07837
10017 1126.4824 986.5217
10034 1059.812 993.074
10051 992.1504 996.61017
10067 928.0865 997.1204
10084 860.1763 994.6557
10101 793.00757 989.1357
10117 730.9852 981.238
10134 666.88525 970.12134
10151 605.15094 956.3972
10168 546.2624 940.31696
10184 493.8209 923.2925
10201 441.62112 903.5069
10218 393.34137 882.31964
10235 349.20715 860.1016
10251 311.5873 838.58777
10268 275.84073 815.44495
10285 244.42863 792.36084
10302 217.25151 769.666
10318 195.38406 748.9217
10335 175.86028 727.7618
10352 159.86394 707.6816
10368 147.72433 689.8636
10385 137.57635 672.10815
10402 129.90251 655.51624
10419 124.357994 639.9631
10435 120.81626 626.10144
10452 118.612434 611.96313
10469 117.86789 598.1515
10485 118.44868 585.17664
10503 120.6316 570.2838
10519 124.05662 556.5183
10536 129.43881 541.1073
10552 136.39528 525.6926
10569 146.1103 508.223
10586 158.56761 489.57138
10603 174.12418 469.75494
10619 191.89998 450.1218
10636 214.40416 428.37067
10653 240.88048 405.9196
10669 269.59586 384.39493
10686 304.25003 361.40607
10703 343.21188 338.6332
10720 386.44052 316.44006
10736 430.9158 296.41418
10753 482.00812 276.40195
10770 536.7866 258.04016
10787 594.9098 241.65988
10803 652.3076 228.3221
10820 715.71844 216.60907
10837 781.13367 207.64279
10854 848.0118 201.59251
10870 911.78265 198.66626
10887 979.85986 198.55658
10904 1047.686 201.54173
10920 1110.7654 207.13222
10937 1176.435 215.92445
10954 1240.1713 227.49704
10970 1297.9288 240.73936
10988 1359.8218 258.08798
11004 1411.7091 275.4122
11021 1463.2661 295.4598
11038 1510.8596 316.84747
11054 1551.8417 337.86725
11071 1591.2075 360.78656
11088 1626.2188 383.944
11105 1656.9066 406.98462
11121 1681.9402 428.272
11138 1704.6267 450.1978
11155 1723.5325 471.18597
11172 1738.9662 491.07147
11188 1750.6316 508.69678
11205 1760.3364 526.25024
11222 1767.6274 542.656
11238 1772.5887 557.17017
11255 1776.117 571.7991
11272 1778.0662 585.8613
11288 1778.5815 598.8389
11306 1777.6754 613.4659
11322 1775.4967 626.77264
11339 1771.6207 641.499
11355 1766.3013 656.1241
11372 1758.5947 672.65344
11389 1748.4419 690.32056
11406 1735.4861 709.1721
11423 1719.3721 729.17816
11439 1701.0223 748.9692
11456 1677.8634 770.8556
11473 1650.6962 793.39905
11489 1621.3079 814.9644
11506 1585.927 837.94165
11523 1546.2396 860.6425
11539 1505.0007 881.4281
11556 1457.1821 902.5434
11573 1405.4463 922.30133
11590 1350.0773 940.351
11606 1294.9613 955.48584
11623 1233.6019 969.3173
11640 1169.8162 980.5806
11657 1104.115 989.065
11673 1041.0186 994.3674
11690 973.1841 997.04767
11707 905.1076 996.6336
11724 837.38214 993.1295
11740 774.4876 987.06366
11757 709.1065 977.78925
11774 645.74884 965.76685
11790 588.4235 952.13806
11807 530.4072 935.4514
11824 475.77246 916.7902
11841 424.86642 896.4908
11857 380.60934 876.2113
11874 337.66064 853.77325
11891 299.02863 830.78796
11908 264.75183 807.626
11925 234.78496 784.6381
11941 210.40575 763.447
11958 188.37697 741.66504
11975 170.08043 720.8534
11991 155.98645 702.2905
12008 143.99828 683.73303
12025 134.72621 666.3798
12042 127.80816 650.15625
12058 123.14954 635.7864
12075 119.90137 621.2722
12092 118.20267 607.2776
12108 117.91045 594.3169
12125 118.96393 580.47644
12142 121.493065 566.268
12159 125.660805 551.4151
12175 131.29639 536.63837
12192 139.39154 519.9234
12209 149.99236 502.0575
12225 162.57913 484.15982
12242 179.06155 464.03186
12259 199.0695 442.86993
12276 222.88997 420.8548
12292 248.99904 399.57004
12309 280.81726 376.6296
12326 316.92563 353.67395
12343 357.33694 331.05557
12359 399.2417 310.40482
12376 447.7385 289.4933
12393 500.1096 269.99976
12410 556.059 252.27148
12426 611.6613 237.48683
12443 673.4644 224.07217
12460 737.61053 213.2646
12476 799.66046 205.65642
12493 866.84595 200.4423
12510 934.76276 198.28227
12527 1002.82153 199.21997
12543 1066.4756 202.92035
12560 1133.1239 209.77927
12577 1198.2008 219.531
12594 1261.1654 231.99701
12610 1318.0459 246.00514
12627 1375.5184 263.04742
12644 1429.5461 282.0096
12660 1476.9473 301.3051
12677 1523.3943 323.0004
12694 1565.6205 345.5573
12711 1603.5175 368.59808
12728 1637.0612 391.75455
12744 1664.7068 413.3441
12761 1690.0409 435.76794
12778 1711.4194 457.39978
12794 1728.1711 476.84753
12811 1742.6974 496.40588
12828 1754.201 514.7581
12845 1763.0508 531.91327
12861 1769.2772 547.0432
12879 1774.1891 563.0557
12895 1776.943 576.59717
12912 1778.3945 590.53253
12929 1778.4275 604.295
12945 1777.1693 617.3665
12962 1774.3772 631.6654
12978 1770.2241 645.74664
12995 1763.9509 661.5846
13012 1755.4574 678.4883
13029 1744.3983 696.55396
13045 1731.325 714.6382
13062 1714.2694 734.95056
13079 1693.6365 756.271
13095 1670.6993 777.08734
13112 1642.38 799.7656
13129 1609.8418 822.73236
13146 1573.0056 845.6564
13163 1531.8722 868.18176
13179 1489.3055 888.6878
13196 1440.137 909.3851
13213 1387.1389 928.6044
13229 1334.0352 945.03485
13246 1274.5422 960.4287
13263 1212.309 973.4195
13279 1151.6642 983.2339
13296 1085.5251 990.9124
13313 1018.17535 995.6164
13330 950.193 997.2549
13346 886.1607 995.9655
13363 818.6384 991.60834
13380 752.2161 984.25073
13397 687.45886 974.0268
13414 624.90173 961.1237
13430 568.4783 946.7436
13447 511.56088 929.35443
13464 458.14984 910.101
13480 411.3747 890.5862
13497 365.62924 868.7189
13514 324.1287 846.05383
13530 289.03253 824.3312
13547 255.96573 801.18365
13564 227.18156 778.3028
13581 202.53194 755.99536
13597 182.91217 735.756
13614 165.60184 715.2453
13631 151.61151 695.8878
13648 140.58188 677.74054
13664 132.5753 661.74713
13681 126.25264 645.815
13698 121.86815 630.80994
13715 119.16241 616.5025
13731 117.98664 603.4282
13748 118.10756 589.6659
13765 119.64666 575.7341
13782 122.70662 561.3371
13798 127.146385 547.1255
13815 133.77155 531.11743
13832 142.67339 514.0223
13848 153.44377 496.86362
13865 167.77051 477.48694
13882 185.4084 456.99368
13899 206.67426 435.52023
13915 230.24522 414.59473
13932 259.268 391.84592
13949 292.52853 368.86234
13966 330.09256 345.98016
13983 371.94556 323.5583
13999 415.16986 303.207
14016 465.00357 282.73422
14032 515.36646 264.86417
14049 572.2517 247.68678
14066 632.2391 232.67984
14082 691.1383 220.7866
14099 755.84717 210.7443
14116 822.23035 203.5592
14132 885.73706 199.52994
14149 953.75305 198.23183
14166 1021.74567 200.03333
14183 1089.1228 204.90414
14199 1151.4532 212.2145
14216 1215.994 222.74332
14233 1278.2781 235.9275
14250 1337.8153 251.52548
14266 1390.9469 268.15637
14283 1443.951 287.59427
14300 1493.0938 308.51154
14317 1538.1327 330.54013
14333 1576.6265 351.94998
14350 1613.3083 375.05933
14367 1645.645 398.18503
14384 1673.7186 420.98944
14400 1696.3898 441.89005
14417 1716.7114 463.26102
14434 1733.437 483.5843
14450 1746.1936 501.64603
14467 1756.92 519.66016
14484 1765.0946 536.4938
14500 1770.7727 551.3553
14518 1775.1538 567.1255
14534 1777.4946 580.51825
14551 1778.5443 594.3746
14568 1778.187 608.1439
14585 1776.4009 622.13416
14601 1773.3097 635.7648
14618 1768.334 650.9847
14635 1761.3478 667.16724
14652 1752.0276 684.45624
14668 1740.8082 701.8038
14685 1725.9463 721.3755
14702 1707.7169 742.0457
14718 1687.2057 762.37177
14735 1661.6 784.69415
14752 1631.8696 807.5048
14769 1597.8849 830.49567
14786 1559.5935 853.32574
14802 1519.6445 874.3424
14819 1473.1462 895.8201
14836 1422.6545 916.0581
14852 1371.7169 933.6532
14869 1314.2794 950.48517
14886 1253.8103 965.0972
14903 1190.7582 977.21967
14919 1129.5002 986.15155
14936 1062.8889 992.83923
14953 995.26 996.5154
14969 931.2022 997.1592
14986 863.27216 994.83575
15003 796.05676 989.4538
15020 730.1348 981.1105
15036 669.7706 970.68866
15053 607.9173 957.07874
15070 548.88873 941.1002
15087 493.11493 923.04456
15103 443.92624 904.4457
15120 395.46158 883.3146
15137 351.13388 861.1355
15154 311.09225 838.28656
15170 277.38144 816.5054
15187 245.77254 793.4111
15204 218.40494 770.6917
15220 196.36699 749.9132
15237 176.67421 728.7076
15254 160.52368 708.57513
15270 148.25386 690.705
15287 137.98396 672.8946
15304 130.2047 656.2516
15321 124.569695 640.6546
15337 120.95415 626.76105
15354 118.68061 612.6007
15371 117.87127 598.7807
15388 118.46555 584.9955
15404 120.34038 571.7781
15421 123.85512 557.2026
15438 129.14957 541.83307
15455 136.50604 525.4719
15471 145.60861 509.04803
15488 157.93256 490.45074
15505 173.3397 470.68613
15522 192.16936 449.8432
15538 213.28932 429.3832
15555 239.57927 406.95853
15572 270.02087 384.09473
15588 302.57022 362.45605
15605 341.3352 339.66547
15622 384.37064 317.4377
15639 431.55823 296.14362
15655 479.5873 277.2843
15672 534.2041 258.83957
15689 592.1826 242.3618
15706 653.12085 228.15227
15723 716.56116 216.47382
15739 778.10406 207.99052
15756 844.9275 201.80386
15772 908.6711 198.74547
15789 976.74554 198.49385
15807 1048.5679 201.60104
15823 1111.6334 207.22841
15840 1177.2812 216.0581
15856 1237.3043 226.9096
15873 1298.7133 240.93819
15889 1353.8674 256.268
15906 1409.2594 274.53278
15923 1460.9915 294.51038
15940 1508.7716 315.8448
15957 1552.3838 338.16354
15973 1589.5011 359.72977
15990 1624.7115 382.88425
16007 1655.5955 405.9376
16024 1682.262 428.56357
16040 1703.6733 449.21344
16057 1722.7457 470.24863
16074 1738.3309 490.18716
16090 1750.1239 507.86475
16107 1759.9478 525.4728
16124 1767.3416 541.92865
16140 1772.3861 556.48285
16157 1775.9913 571.1441
16174 1778.0092 585.2262
16191 1778.58 599.01855
16207 1777.8359 612.01013
16224 1775.6343 626.1152
16241 1771.836 640.8084
16258 1766.2148 656.3331
16274 1758.9982 671.87286
16292 1748.2915 690.55914
16308 1736.1453 708.28375
16325 1720.1833 728.2387
16341 1701.9899 747.98737
16358 1679.0092 769.83777
16375 1652.0297 792.357
16392 1620.8734 815.26483
16408 1587.6401 836.89355
16425 1548.1493 859.6149
16442 1504.4022 881.7111
16459 1456.531 902.81104
16475 1407.8955 921.4319
16492 1352.6855 939.5671
16509 1294.1775 955.682
16525 1236.4664 968.73865
16542 1172.7809 980.12445
16559 1107.1558 988.73987
16576 1040.1365 994.4222
16592 976.29803 996.9924
16609 908.21967 996.7203
16626 840.4652 993.3566
16642 777.5191 987.4194
16660 708.2647 977.64954
16676 648.59656 966.374
16693 587.64557 951.93414
16709 532.99115 936.26056
16726 478.19354 917.6826
16743 427.1103 897.4504
16760 380.0209 875.92334
16777 337.128 853.4757
16793 300.70132 831.8464
16810 266.2256 808.68463
16826 237.7203 787.0244
16843 211.50763 764.4637
16860 189.30132 742.642
16877 170.84055 721.7821
16894 155.81076 702.0403
16910 144.48474 684.5557
16927 135.09642 667.1484
16944 128.07823 650.87585
16960 123.338356 636.46747
16977 120.01489 621.9229
16994 118.248634 607.91077
17011 117.91511 594.1372
17027 118.88439 581.1156
17044 121.34312 566.9303
17061 125.43112 552.11237
17077 130.98022 537.3772
17094 138.96909 520.7129
17111 149.44746 502.90094
17128 162.77309 483.9041
17145 179.29951 463.76175
17161 198.07268 443.85855
17178 221.71318 421.87762
17195 249.38734 399.27188
17211 279.26797 377.6823
17228 315.17914 354.71982
17245 355.3944 332.07803
17262 399.8492 310.12405
17278 445.43268 290.42197
17295 497.63242 270.8558
17312 553.4256 253.03952
17328 608.89716 238.15916
17345 670.5813 224.63084
17362 734.6312 213.69917
17379 800.53094 205.56898
17395 863.7511 200.61478
17412 931.6472 198.3136
17429 999.71246 199.1094
17446 1067.3539 202.9907
17463 1133.9854 209.88834
17479 1195.2649 219.02394
17496 1258.3375 231.37038
17512 1315.3397 245.2764
17529 1372.9608 262.22318
17547 1430.2275 282.26855
17563 1477.5806 301.58133
17579 1521.3599 321.9859
17596 1563.7821 344.5117
17613 1601.8785 367.53848
17630 1635.6207 390.6974
17646 1663.4492 412.30316
17663 1688.9698 434.75726
17680 1710.5238 456.43042
17697 1728.382 477.1106
17713 1742.1014 495.53696
17730 1753.7354 513.9448
17747 1762.6986 531.15344
17763 1769.0172 546.32855
17781 1774.0183 562.3826
17797 1776.8413 575.9504
17814 1778.3595 589.90094
17830 1778.4895 602.8546
17847 1777.2601 616.72437
17864 1774.5399 630.998
17881 1770.1552 645.94727
17898 1763.855 661.7983
17914 1755.8994 677.6898
17931 1744.9655 695.7013
17947 1732.0249 713.7351
17964 1715.1256 733.9978
17981 1694.6628 755.2758
17998 1670.356 777.38043
18014 1643.7671 798.7192
18031 1611.4243 821.6797
18048 1574.7853 844.6133
18065 1533.8475 867.1649
18081 1491.4598 887.7112
18098 1442.4727 908.4675
18115 1389.6437 927.7621
18132 1333.2776 945.2503
18148 1277.328 959.7748
18165 1215.21 972.8811
18182 1150.8104 983.3528
18198 1088.5825 990.62506
18215 1021.2756 995.4676
18232 953.3093 997.2475
18249 885.27405 995.92834
18266 817.7624 991.5314
18282 755.2235 984.65125
18299 690.3781 974.55475
18316 627.7091 961.7695
18332 571.1606 947.48944
18349 514.0916 930.1934
18366 460.5125 911.01794
18383 410.7504 890.3073
18402 359.96066 865.7935
18416 325.93344 847.103
18433 288.5726 824.0285
18449 257.38455 802.23956
18466 228.40706 779.3395
18483 203.57254 756.99976
18500 182.6632 735.48114
18517 165.39844 714.9848
18533 152.18427 696.7474
18550 141.02722 678.54456
18566 132.91603 662.5014
18583 126.49741 646.52234
18600 122.030426 631.47943
18617 119.252464 617.14575
18634 117.9792 603.2482
18650 118.07147 590.29706
18667 119.54415 576.37964
18684 122.53097 562.00995
18700 126.89234 547.8343
18717 133.42123 531.87274
18734 142.21143 514.8298
18751 153.61104 496.61807
18767 167.04517 478.39877
18784 184.52432 457.95416
18801 205.61787 436.52164
18817 229.0165 415.62503
18834 257.8482 392.89447
18851 290.91275 369.91452
18868 328.27957 347.02
18884 367.36975 325.8708
18901 412.98428 304.17484
18918 462.63843 283.64017
18935 516.0879 264.62708
18952 573.01624 247.4761
18968 629.4323 233.3151
18985 691.9705 220.63776
19002 756.7047 210.63165
19018 819.16394 203.82347
19035 886.62317 199.49304
19052 954.6427 198.23538
19069 1022.63104 200.07729
19085 1086.0614 204.61526
19102 1152.3087 212.33403
19119 1216.8234 222.8989
19135 1275.4844 235.26949
19152 1335.1572 250.76292
19169 1391.6628 268.39923
19186 1444.6185 287.85876
19202 1490.933 307.52722
19219 1536.164 329.51318
19236 1577.1338 352.2502
19253 1613.7587 375.36206
19269 1644.2593 397.13135
19286 1672.525 419.95734
19303 1696.6797 442.17523
19320 1716.9524 463.53357
19336 1732.7456 482.67914
19353 1746.3517 501.88916
19370 1757.0425 519.8875
19386 1764.7711 535.748
19403 1770.839 551.55554
19420 1775.0043 566.4613
19437 1777.5177 580.7011
19453 1778.5272 593.74475
19470 1778.234 607.5113
19487 1776.5151 621.4849
19504 1773.2565 635.95825
19520 1768.6033 650.26855
19537 1761.7158 666.40344
19554 1752.51 683.63965
19570 1741.4133 700.936
19587 1726.6974 720.455
19604 1708.6292 741.0777
19621 1686.8971 762.65906
19637 1662.8605 783.6598
19654 1633.3223 806.4546
19671 1599.5339 829.4444
19688 1561.4397 852.2896
19704 1521.6735 873.3359
19721 1475.3629 894.86163
19738 1425.0488 915.1642
19755 1370.9879 933.8861
19772 1313.5082 950.691
19788 1256.6373 964.4811
19805 1193.6929 976.72266
19821 1132.5148 985.7753
19838 1065.9637 992.5982
19855 998.3687 996.4141
19872 930.3128 997.14874
19888 866.36957 995.00934
19905 799.10864 989.7657
19922 733.1152 981.555
19938 672.661 971.25055
19955 610.6895 957.7553
19972 551.5219 941.8791
19989 495.5906 923.9116
20006 443.26736 904.178
20022 397.59048 884.30725
20039 353.06958 862.1679
20056 312.82974 839.34143
20072 278.93124 817.56586
20089 247.12535 794.4621
20106 219.56688 771.7189
20123 196.08559 749.63
20140 176.4411 728.4373
20156 161.19012 709.4711
20173 148.1021 690.46454
20189 138.39679 673.6835
20206 130.51135 656.98914
20223 124.78524 641.34796
20240 120.91444 626.57263
20256 118.75184 613.23895
20273 117.87756 599.41003
20290 118.407524 585.62994
20306 120.21832 572.43
20323 123.65733 557.88513
20340 128.86462 542.55676
20357 136.11981 526.2444
20373 145.11263 509.8706
20390 157.30399 491.32764
20407 172.56242 471.61505
20424 191.2285 450.81848
20440 212.18279 430.39423
20457 238.28676 407.99652
20474 268.53525 385.14624
20490 300.8994 363.50644
20507 339.4675 340.6989
20524 382.30945 318.4373
20541 429.31076 297.0924
20557 477.17422 278.17007
20574 531.6286 259.64307
20591 589.46155 243.06847
20608 650.274 228.74908
20625 713.61053 216.94968
20641 775.0776 208.34436
20658 841.8451 202.02156
20675 909.5592 198.7222
20692 977.63464 198.51111
20708 1041.5046 201.14084
20725 1108.5918 206.89368
20742 1174.3154 215.59198
20758 1234.4324 226.32758
20775 1295.9631 240.24342
20792 1354.6132 256.4941
20808 1406.8021 273.65695
20825 1458.7085 293.56378
20842 1506.6748 314.84415
20859 1550.4813 337.1261
20876 1589.9891 360.03137
20892 1623.1953 381.82428
20909 1654.2754 404.88962
20926 1681.1315 427.54172
20943 1703.9463 449.49466
20959 1721.9515 469.309
20976 1737.689 489.30035
20993 1750.2694 508.10254
21009 1759.554 524.69293
21026 1767.0513 541.19916
21043 1772.4443 556.6792
21060 1776.0275 571.3312
21076 1777.9492 584.5904
21093 1778.5845 598.3894
21110 1777.8168 612.1918
21126 1775.7684 625.45886
21143 1772.0477 640.1195
21160 1766.5159 655.6016
21177 1758.8835 672.09546
21193 1749.4822 688.65454
21210 1736.7979 707.3978
21228 1719.9525 728.50665
21244 1701.7145 748.26746
21260 1680.1465 768.82135
21277 1653.3544 791.3157
21294 1622.3921 814.2125
21310 1589.3442 835.84485
21327 1550.05 858.586
21344 1506.4955 880.7189
21361 1458.809 901.8725
21377 1410.337 920.5589
21394 1355.2869 938.77893
21411 1296.9213 954.99304
21428 1235.6493 968.90436
21444 1175.7416 979.6625
21461 1110.1935 988.4086
21478 1043.2257 994.2279
21495 975.4091 997.00885
21511 911.3324 996.8005
21528 843.55023 993.57745
21545 776.6534 987.3184
21561 715.01416 978.75525
21578 651.4495 966.9759
21596 586.8681 951.72986
21612 532.2528 936.03
21628 480.62244 918.57153
21645 429.36252 898.4073
21662 382.08536 876.9314
21678 341.41315 855.8553
21695 302.38318 832.9044
21712 267.7084 809.74365
21729 237.35115 786.7261
21746 211.19223 764.1733
21762 190.23349 743.6211
21779 171.60785 722.7132
21796 156.42853 702.9178
21812 144.97693 685.38086
21829 135.4716 667.9194
21846 128.35254 651.59753
21863 123.28408 636.2729
21879 120.13167 622.5747
21896 118.297585 608.54443
21913 117.89985 594.76666
21929 118.80792 581.754
21946 121.19656 567.59125
21963 125.20534 552.8078
21980 131.07002 537.1665
21997 139.08914 520.4878
22013 148.90855 503.74188
22030 162.09605 484.799
22047 178.46857 464.70715
22063 197.08383 444.84534
22080 220.54485 422.89914
22097 248.03026 400.31604
22114 279.70932 377.3818
22130 313.44168 355.76633
22147 353.4608 333.10196
22164 397.72415 311.10837
22180 443.13504 291.3536
22198 498.3388 270.61105
22214 550.7989 253.81189
22231 609.6856 237.96674
22247 667.7032 225.19496
22264 731.6558 214.13962
22281 797.48267 205.87747
22298 864.6344 200.56488
22314 928.53204 198.35143
22331 996.60254 199.00533
22348 1064.2762 202.7465
22365 1130.9664 209.50842
22381 1192.3247 218.5226
22398 1255.5042 230.74898
22415 1316.1129 245.48395
22431 1370.3961 261.40295
22448 1424.754 280.2032
22465 1475.3594 300.6146
22482 1521.9415 322.27533
22498 1561.9348 343.4671
22515 1600.2303 366.47913
22532 1634.1713 389.6398
22549 1663.8091 412.60043
22565 1687.8904 433.74493
22582 1709.6205 455.45895
22599 1727.641 476.18826
22616 1742.2722 495.78528
22632 1753.2642 513.129
22649 1762.3416 530.39124
22666 1769.0919 546.5328
22683 1773.8439 561.708
22699 1776.7365 575.30255
22716 1778.3215 589.269
22733 1778.4827 603.0344
22749 1777.348 616.08307
22766 1774.6991 630.332
22783 1770.3955 645.245
22799 1764.6124 660.09283
22816 1756.336 676.89386
22833 1745.5266 694.85114
22850 1731.8258 713.9926
22866 1715.9745 733.04724
22884 1694.3707 755.55975
22900 1671.5557 776.3542
22917 1643.3721 799.0178
22935 1608.9342 823.3333
22950 1576.5562 843.5694
22967 1535.8138 866.1465
22984 1490.8457 887.9902
23000 1444.8002 907.54694
23017 1392.141 926.9161
23034 1335.9291 944.4941
23050 1280.1079 959.1158
23067 1218.1062 972.33716
23084 1153.7999 982.9341
23101 1087.71 990.70776
23117 1024.3745 995.3124
23134 956.42554 997.23364
23151 888.38043 996.0563
23168 820.832 991.7988
23184 758.2343 985.0457
23201 693.3019 975.077
23218 630.5221 962.4101
23235 570.3942 947.277
23251 516.6297 931.02844
23268 462.8832 911.93164
23285 412.9403 891.2834
23302 367.0586 869.44855
23318 327.74728 848.1513
23335 290.18707 825.0887
23352 256.9786 801.93805
23368 229.64125 780.3774
23385 204.62137 758.00586
23402 183.5381 736.44476
23419 166.11343 715.89825
23435 152.76326 697.60944
23452 141.47803 679.3511
23469 132.81828 662.2858
23486 126.427124 646.3202
23502 122.19623 632.1504
23519 119.34566 617.79
23536 118.006294 603.87885
23552 118.03833 590.92786
23569 119.4448 577.0242
23586 122.358864 562.68134
23603 126.96445 547.63214
23619 133.07565 532.6258
23636 141.75494 515.6348
23653 153.02731 497.4774
23669 166.32674 479.30826
23686 183.64783 458.91257
23703 204.56964 437.52136
23720 229.36638 415.33102
23736 256.43726 393.9425
23753 289.30603 370.9669
23770 326.47556 348.06076
23787 367.93878 325.58145
23803 410.80716 305.14508
23820 460.28122 284.54932
23837 513.5634 265.45898
23854 570.3404 248.21573
23870 626.6312 233.95546
23887 689.05695 221.16118
23904 753.7019 211.02835
23920 816.0999 204.09401
23937 883.5195 199.62456
23954 951.52625 198.22525
23971 1019.529 199.92555
23987 1082.9974 204.33267
24004 1149.3108 211.9174
24022 1217.6522 223.05495
24038 1276.2825 235.45682
24054 1332.4927 250.00484
24071 1389.152 267.54984
24088 1442.2775 286.93335
24105 1491.5507 307.80798
24121 1534.1862 328.48782
24138 1575.3535 351.19873
24155 1612.1779 374.3015
24171 1642.8646 396.07703
24189 1672.8666 420.2521
24205 1695.661 441.1756
24222 1716.1056 462.57794
24238 1732.0472 481.77158
24255 1745.7955 501.0365
24272 1756.6116 519.09015
24289 1764.864 535.9611
24305 1770.6051 550.85345
24322 1774.8514 565.7957
24339 1777.436 580.0602
24355 1778.5072 593.1147
24372 1778.2781 606.87915
24389 1776.6262 620.8367
24406 1773.4418 635.2812
24422 1768.8684 649.55444
24439 1762.079 665.6419
24456 1752.9868 682.8255
24473 1741.2412 701.1834
24489 1727.4414 719.5369
24506 1709.5338 740.1117
24523 1687.9755 761.6533
24539 1664.1123 782.6265
24556 1634.766 805.4048
24573 1601.1741 828.3929
24590 1563.2769 851.25244
24606 1523.6936 872.32764
24623 1477.5712 893.9005
24640 1427.4352 914.267
24657 1373.5391 933.0688
24673 1319.6686 949.0326
24690 1259.459 963.8597
24707 1196.6233 976.22003
24724 1131.6545 985.8833
24740 1069.0363 992.3508
24757 1001.47644 996.30646
24774 933.4287 997.18286
24791 865.4852 994.96045
24807 802.1632 990.0713
24824 736.09937 981.9935
24841 671.8354 971.0907
24857 613.46765 958.4269
24874 554.16187 942.6536
24891 498.07385 924.77496
24908 445.57837 905.1146
24924 399.72803 885.2977
24941 355.01428 863.1989
24958 314.5764 840.39557
24975 278.48788 817.2631
24991 248.48708 795.51385
25008 220.73738 772.7474
25025 197.07426 750.62286
25042 177.26033 729.38477
25058 161.86331 710.3696
25075 148.6359 691.3078
25092 138.27841 673.458
25108 130.82254 657.7289
25126 124.72332 641.1499
25142 121.05473 627.23315
25159 118.73119 613.0567
25175 117.88679 600.0394
25192 118.3525 586.26385
25209 120.25283 572.244
25226 123.71342 557.6904
25242 128.58397 543.2784
25259 135.73856 527.0145
25276 145.25363 509.63605
25292 156.68182 492.20206
25309 171.79227 472.54172
25326 190.29544 451.79184
25343 212.49782 430.10577
25359 237.00296 409.03357
25376 267.0586 386.19745
25393 301.37543 363.20657
25410 339.99976 340.40378
25426 380.25702 319.4388
25443 427.07162 298.04385
25460 477.86227 277.91687
25476 529.0602 260.45068
25493 586.74677 243.77986
25509 643.7875 230.13289
25526 706.8829 218.0588
25543 772.05426 208.70427
25560 838.7647 202.24559
25577 906.44824 198.80603
25593 970.5156 198.3879
25610 1038.4114 200.94998
25627 1105.5472 206.56511
25643 1167.5222 214.54863
25660 1231.5554 225.75098
25677 1293.2069 239.55354
25694 1351.9984 255.70357
25710 1404.337 272.78476
25727 1456.4174 292.62006
25744 1504.5692 313.8456
25760 1546.0994 334.76007
25777 1586.0609 357.6178
25794 1621.6699 380.76413
25811 1652.9464 403.84082
25827 1678.5157 425.2009
25844 1701.7426 447.23883
25861 1721.1501 468.36703
25878 1737.0405 488.41104
25895 1749.7574 507.26868
25911 1759.155 523.91064
25928 1766.7566 540.46747
25945 1772.2391 555.99066
25961 1775.7302 569.8305
25979 1777.9667 584.772
25995 1778.586 597.7602
26012 1777.8829 611.5557
26028 1775.8993 624.80383
26045 1772.2555 639.43243
26062 1766.8125 654.8723
26078 1759.7897 670.31885
26095 1749.9937 687.8253
26112 1737.444 706.51434
26128 1722.7974 725.1678
26145 1703.9014 746.0294
26162 1681.2754 767.80634
26179 1654.6703 790.27527
26196 1623.9019 813.1604
26212 1591.0394 834.79565
26229 1551.9418 857.55585
26246 1508.5801 879.7247
26263 1461.0786 900.93115
26279 1412.771 919.68243
26296 1357.8813 937.9866
26313 1299.6588 954.29926
26329 1242.18 967.56525
26346 1178.6981 979.1947
26363 1113.2283 988.0712
26380 1046.3131 994.02734
26396 982.5241 996.86237
26413 914.44574 996.87415
26430 846.6371 993.7919
26446 783.5911 988.1123
26463 717.97424 979.22955
26480 654.3077 967.57245
26497 593.1068 953.35455
26513 538.1802 937.86633
26530 483.05908 919.4569
26547 431.62314 899.36145
26564 384.1586 877.9375
26580 343.30295 856.8945
26597 304.07416 833.96204
26614 269.2003 810.803
26631 238.64745 787.77155
26647 213.73663 766.5015
26664 191.17357 744.6021
26681 172.38237 723.6466
26697 157.8648 704.9328
26714 145.47487 686.2086
26731 135.85178 668.69275
26748 128.63115 652.3213
26764 123.72707 637.8346
26781 120.2517 623.22766
26798 118.349525 609.17865
26815 117.88751 595.396
26831 118.73451 582.39166
26848 121.05339 568.2509
26865 124.98344 553.5014
26882 130.75708 537.9038
26898 138.13977 522.28455
26915 148.37556 504.58035
26932 161.42567 485.69147
26948 176.59708 466.85956
26965 196.10292 445.83032
26982 219.38496 423.9193
26999 246.68198 401.35947
27015 276.1964 379.78748
27032 311.71323 356.81348
27049 351.53607 334.12726
27066 395.6077 312.09488
27082 440.84555 292.28812
27099 492.7007 272.5789
27116 548.179 254.58858
27132 603.3867 239.5186
27149 664.8301 225.7645
27166 728.6843 214.58592
27183 794.4372 206.19214
27199 857.5662 200.97891
27216 925.4173 198.39574
27233 993.49176 198.90771
27249 1057.2347 202.21217
27266 1124.0548 208.66298
27283 1189.3802 218.027
27300 1252.6655 230.13283
27316 1309.9086 243.83308
27333 1367.8241 260.58682
27350 1422.3462 279.30502
27367 1473.1296 299.65045
27383 1517.2645 319.9625
27400 1560.0784 342.42358
27417 1598.5731 365.42007
27434 1632.7128 388.58176
27450 1660.9076 410.21814
27467 1686.8027 432.73102
27484 1708.7094 454.4854
27500 1725.9209 474.07138
27517 1740.8905 493.79153
27534 1752.7872 512.31067
27551 1761.9796 529.62665
27567 1768.4847 544.89307
27584 1773.4319 560.16016
27601 1776.6284 574.6537
27618 1778.2806 588.6366
27634 1778.5312 601.5951
27651 1777.4327 615.4426
27668 1774.8549 629.66736
27685 1770.6318 644.5446
27701 1764.9362 659.3503
27718 1756.7673 676.1003
27735 1746.0817 694.0035
27752 1732.521 713.09125
27768 1716.8158 732.0988
27785 1696.6917 753.2908
27802 1672.7467 775.3292
27818 1646.5149 796.6282
27835 1614.5623 819.5743
27852 1578.3179 842.5248
27868 1540.2747 863.81323
27885 1495.7426 885.75104
27902 1447.1198 906.6233
27919 1394.6307 926.0663
27935 1341.9639 942.74927
27952 1282.8821 958.4518
27969 1220.9976 971.7877
27986 1156.7856 982.50946
28003 1090.7655 990.41595
28019 1027.4719 995.1507
28036 959.5415 997.2133
28052 895.4838 996.32446
28069 827.8558 992.38654
28086 761.24854 985.43414
28103 696.2302 975.5937
28119 636.9719 963.8547
28136 576.5447 948.9673
28153 519.17505 931.8595
28170 465.2619 912.8421
28186 417.9772 893.5049
28203 371.66098 871.7766
28220 329.57022 849.19867
28237 291.81064 826.1487
28254 258.40387 802.9944
28270 230.88414 781.4164
28287 205.67845 759.01373
28304 184.42068 737.4106
28320 167.77383 717.995
28337 153.34853 698.47406
28354 141.93431 680.16016
28370 133.61179 664.0169
28387 126.999214 647.9428
28404 122.36557 632.8228
28420 119.57049 619.2658
28437 118.07926 605.3215
28454 118.00813 591.55835
28471 119.348595 577.66785
28488 122.19029 563.3512
28504 126.39644 549.24603
28521 132.73476 533.37665
28538 141.30388 516.4374
28554 151.71635 499.43207
28571 165.61519 480.21533
28588 182.77888 459.86887
28605 203.52953 438.5194
28622 228.14377 416.3605
28638 255.03519 394.99
28655 287.70828 372.01938
28672 324.68057 349.10242
28688 363.4033 327.90158
28705 408.63855 306.11774
28722 457.932 285.4616
28739 511.04623 266.29474
28755 564.2495 249.92305
28772 623.8358 234.6009
28789 686.14795 221.69019
28806 750.70264 211.43103
28822 813.0383 204.37079
28839 880.41705 199.7625
28856 948.4098 198.22162
28872 1012.43475 199.60297
28889 1079.9312 204.05634
28906 1146.3094 211.50676
28922 1207.2559 221.1358
28939 1269.8798 233.96873
28956 1329.8213 249.2513
28973 1386.6337 266.70428
28989 1436.8969 284.83014
29006 1486.5858 305.56577
29023 1532.1995 327.46405
29040 1573.5641 350.14807
29057 1610.588 373.24103
29073 1641.4609 395.0221
29090 1670.1119 417.8893
29106 1693.3025 438.88428
29123 1714.1416 460.38562
29140 1731.3419 480.86154
29157 1745.2333 500.18127
29174 1756.1754 518.29034
29190 1764.1102 534.2495
29207 1770.3672 550.1495
29224 1774.6951 565.1287
29240 1777.2377 578.59216
29257 1778.4843 592.48444
29274 1778.3191 606.2474
29290 1776.868 619.359
29307 1773.8518 633.7397
29324 1769.1293 648.84235
29341 1762.4374 664.8827
29357 1754.0558 680.9741
29374 1742.6045 699.2078
29391 1728.1785 718.6211
29408 1710.4307 739.14777
29424 1690.4093 759.3608
29441 1665.3556 781.59436
29458 1636.2008 804.35535
29475 1602.805 827.34106
29491 1567.4419 848.87823
29508 1525.705 871.31757
29525 1479.7711 892.9369
29542 1429.8137 913.3665
29558 1379.3428 931.1859
29575 1322.3535 948.2994
29592 1262.2751 963.2331
29609 1199.5492 975.71173
29626 1134.6667 985.5028
29642 1072.1066 992.09717
29659 1004.5831 996.19226
29675 940.5508 997.23645
29692 872.5686 995.33734
29709 805.2204 990.3707
29726 739.08734 982.4262
29742 678.45624 972.3578
29759 616.25165 959.09344
29776 556.8086 943.4237
29793 500.56467 925.6346
29809 450.8907 907.244
29826 401.87424 886.28595
29843 356.96793 864.2284
29859 318.60245 842.80225
29876 282.05814 819.68695
29893 249.85771 796.5664
29910 221.91644 773.7772
29926 199.3642 752.8989
29943 179.16068 731.5585
29960 162.54327 711.2706
29977 149.1757 692.1536
29993 139.23822 675.2687
30010 131.13826 658.4709
30027 125.22799 642.7402
30044 121.198425 627.895
30060 118.90349 614.51776
30077 117.89893 600.66895
30093 118.23794 587.71075
30110 119.98395 573.7305
30127 123.27282 559.24536
30143 127.95844 544.9199
30160 134.88571 528.76587
