69 1604.2126 826.4284
85 1580.0353 841.5005
125 1517.3828 875.45715
135 1501.3036 883.16864
151 1475.282 894.8967
168 1447.2733 906.5619
185 1418.9319 917.43555
203 1388.5988 928.1142
218 1363.0919 936.376
235 1333.9573 945.05707
254 1301.1385 953.9216
269 1275.0575 960.3083
287 1243.5815 967.27356
302 1217.2179 972.5047
319 1187.2081 977.81226
335 1158.8507 982.21204
352 1128.6158 986.2607
369 1098.287 989.67004
387 1066.0875 992.5883
404 1035.6095 994.69507
419 1008.6734 996.03204
436 978.1083 996.9573
453 947.51556 997.256
469 918.70874 996.9645
487 886.2988 995.9713
503 857.5 994.4948
519 828.72205 992.45667
536 798.18097 989.6716
553 767.6903 986.24255
570 737.26447 982.163
586 708.70135 977.72205
603 678.44586 972.35583
620 648.3029 966.3117
636 620.0523 959.9931
653 590.1816 952.5969
670 560.4821 944.48206
687 530.9777 935.6306
703 503.41064 926.6091
720 474.3631 916.2679
737 445.59805 905.1226
754 417.15347 893.1438
770 390.71414 881.0781
787 363.02383 867.3806
804 335.80658 852.73535
821 309.13507 837.09094
837 284.6106 821.4003
855 257.80823 802.55365
871 234.81445 784.6623
888 211.4193 764.3824
905 189.33601 742.67865
922 168.91267 719.414
938 151.65717 695.9566
955 136.12549 669.24475
972 124.5748 640.67114
988 118.657936 612.39166
1005 118.79538 581.8612
1022 125.40409 552.19507
1039 137.12685 524.24585
1055 151.54976 499.68298
1072 169.49522 475.34375
1089 189.47278 452.65515
1106 211.02568 431.458
1123 233.83871 411.61575
1139 256.25742 394.07654
1156 280.9227 376.5582
1173 306.33105 360.11374
1190 332.37943 344.6772
1206 357.40573 331.01947
1223 384.47327 317.3881
1240 411.97626 304.6233
1257 439.86624 292.6898
1273 466.43176 282.19022
1290 494.95905 271.78674
1307 523.7655 262.13553
1324 552.8229 253.21619
1340 580.37726 245.47403
1357 609.8512 237.92639
1373 637.7586 231.44917
1390 667.5694 225.22134
1407 697.5267 219.65736
1424 727.61346 214.74835
1441 757.8141 210.48674
1457 786.3286 207.06157
1474 816.7077 204.03983
1491 847.1582 201.65036
1507 875.8706 199.97636
1524 906.42145 198.80678
1541 937.00494 198.26375
1558 967.60815 198.34734
1575 998.2183 199.0586
1591 1027.0226 200.30322
1608 1057.609 202.23972
1625 1088.1636 204.81293
1641 1116.8794 207.82101
1658 1147.3323 211.64598
1675 1177.711 216.12619
1692 1207.9999 221.27042
1709 1238.1821 227.08878
1725 1266.4753 233.19112
1742 1296.398 240.35283
1759 1326.1566 248.22786
1776 1355.7284 256.83325
1792 1383.3672 265.61694
1809 1412.5007 275.69772
1826 1441.3633 286.57364
1842 1468.248 297.56137
1859 1496.476 310.06488
1876 1524.3091 323.4586
1893 1551.6903 337.78467
1910 1578.5515 353.09204
1926 1603.2833 368.44632
1943 1628.8796 385.83008
1960 1653.6471 404.39304
1976 1676.0511 423.02432
1993 1698.6809 444.1576
2010 1719.8014 466.79605
2027 1738.9773 491.0869
2043 1754.6737 515.5912
2060 1767.9364 543.4522
2077 1776.3438 573.02545
2094 1778.462 603.53754
2111 1773.882 633.62384
2127 1764.4072 660.55896
2143 1751.2131 685.81946
2161 1733.1537 712.2652
2177 1714.98 734.1604
2194 1693.9976 755.9216
2210 1672.9928 775.1167
2227 1649.5862 794.26196
2244 1625.2443 812.21967
2261 1600.112 829.0744
2278 1574.3025 844.89685
2294 1549.4731 858.8989
2311 1522.5903 872.87897
2327 1496.8708 885.23047
2344 1469.149 897.533
2361 1441.064 909.02167
2378 1412.654 919.7247
2395 1383.9529 929.6666
2411 1356.7007 938.34796
2428 1327.5161 946.87164
2445 1298.119 954.69025
2461 1270.2766 961.4178
2478 1240.5277 967.9072
2495 1210.6255 973.72894
2512 1180.5873 978.89246
2529 1150.4292 983.4057
2545 1121.9495 987.0656
2562 1091.6019 990.33496
2579 1061.1776 992.9706
2595 1032.4851 994.8753
2612 1001.95044 996.2894
2629 971.3782 997.0768
2646 940.7811 997.2376
2662 911.9728 996.81616
2679 881.3644 995.75806
2696 850.7692 994.0687
2712 821.99774 991.89874
2730 789.6721 988.7803
2746 760.9889 985.40094
2763 730.57935 981.1772
2779 702.0347 976.5988
2796 671.80255 971.08435
2813 641.68677 964.8895
2830 611.7061 958.0018
2848 580.1318 949.93774
2863 553.972 942.59814
2880 524.5139 933.58203
2897 495.28354 923.80444
2913 468.00775 913.88525
2930 439.30978 902.55927
2947 410.9414 890.3927
2963 384.58344 878.1429
2980 356.99167 864.2409
2997 329.88773 849.38043
3014 303.34763 833.50836
3030 278.96716 817.59033
3047 253.8096 799.56714
3064 229.56752 780.31555
3081 206.4369 759.73303
3098 184.68465 737.69824
3114 165.80637 715.5068
3131 147.9608 690.2402
3148 133.19493 663.1128
3164 123.18226 635.9053
3182 118.00586 603.8692
3198 119.73104 575.2164
3215 127.5998 545.8831
3231 139.39401 519.9188
3248 155.29398 494.17676
3265 173.73573 470.21524
3281 192.85085 449.14056
3298 214.62543 428.17044
3315 237.61862 408.5355
3332 261.6152 390.1256
3348 284.97205 373.8361
3365 310.48996 357.55832
3382 336.6333 342.27884
3399 363.32193 327.94348
3415 388.8795 315.2724
3432 416.44797 302.6439
3449 444.39627 290.84143
3466 472.68378 279.83517
3482 499.58542 270.18036
3499 528.4342 260.64847
3516 557.52954 251.8454
3532 585.11615 244.21022
3549 614.6209 236.77399
3566 644.3051 230.02124
3583 674.14966 223.94032
3600 704.13684 218.5212
3616 732.47546 214.01765
3633 762.69293 209.8598
3650 793.00684 206.34218
3666 821.6128 203.61191
3682 850.28 201.44122
3700 882.58997 199.66519
3716 911.3506 198.67686
3733 941.9381 198.23483
3750 972.54333 198.41953
3766 1001.35284 199.16693
3783 1031.9556 200.57257
3800 1062.5378 202.61142
3817 1093.0859 205.28775
3833 1121.7937 208.39374
3850 1152.2357 212.3238
3867 1182.6011 216.91045
3883 1211.096 221.83508
3900 1241.2662 227.72311
3917 1271.3099 234.29822
3934 1301.2075 241.57387
3950 1329.194 249.07523
3967 1358.7452 257.75647
3984 1388.0813 267.18958
4001 1417.1735 277.3968
4018 1445.989 288.40344
4034 1472.8239 299.51868
4051 1500.9916 312.16312
4067 1527.1349 324.88205
4084 1554.4663 339.30624
4101 1581.2698 354.7172
4118 1607.4606 371.17276
4135 1632.9327 388.741
4151 1656.1305 406.3641
4168 1679.788 426.33548
4185 1702.1978 447.70215
4201 1721.8634 469.20505
4218 1740.8081 493.67383
4235 1757.0792 519.95593
4251 1769.0466 546.40894
4268 1776.8694 576.1271
4285 1778.2925 606.6623
4302 1773.0693 636.6305
4318 1763.1311 663.3901
4335 1748.6573 689.9778
4352 1731.2626 714.7183
4369 1711.703 737.7698
4385 1691.7665 758.06854
4402 1669.2894 778.2878
4419 1645.7205 797.23517
4436 1621.2424 815.0097
4452 1597.4985 830.7411
4469 1571.6249 846.46136
4486 1545.1721 861.2143
4503 1518.2119 875.04944
4519 1492.4276 887.2704
4536 1464.6444 899.43964
4553 1436.5044 910.79974
4569 1409.7277 920.7774
4586 1380.9984 930.6427
4603 1352.0105 939.77057
4620 1322.7902 948.17957
4636 1295.0974 955.4517
4653 1265.4913 962.5097
4670 1235.7164 968.89075
4687 1205.7911 974.6058
4703 1177.5042 979.3844
4720 1147.3347 983.8315
4737 1117.0623 987.63574
4753 1088.4895 990.6339
4770 1058.0582 993.20483
4787 1027.5651 995.14575
4804 997.0235 996.45874
4820 968.2457 997.122
4838 935.8465 997.2049
4854 907.0374 996.6881
4871 876.43024 995.5285
4887 847.6373 993.8599
4904 817.07214 991.47034
4921 786.54865 988.4404
4938 756.08093 984.7642
4954 727.46967 980.7075
4971 697.15326 975.75525
4988 666.9386 970.1319
5004 638.61 964.21625
5021 608.6443 957.2568
5038 578.83624 949.5885
5055 549.2082 941.19507
5071 521.5096 932.6161
5088 492.30417 922.7592
5105 463.36017 912.1147
5122 434.71252 900.65533
5138 408.0566 889.09796
5155 380.10455 875.9643
5172 352.58688 861.911
5189 325.56833 846.8913
5205 300.66507 831.8235
5222 274.8557 814.7638
5239 249.83467 796.54877
5255 227.14386 778.2708
5272 204.14066 757.54553
5289 182.5485 735.3543
5305 163.86351 713.00165
5322 146.29028 687.5491
5339 131.90038 660.2283
5356 121.93848 631.1017
5372 117.95212 602.53546
5389 120.27169 572.14294
5406 128.70113 542.9761
5423 141.75107 515.64166
5440 158.11508 490.19733
5456 175.74084 467.85532
5473 196.26808 445.66403
5490 218.25667 424.91754
5506 240.033 406.59555
5523 264.1225 388.30573
5540 289.04016 371.1416
5557 314.66507 355.0288
5573 339.34256 340.76825
5590 366.0831 326.52686
5607 393.2968 313.17908
5623 419.29337 301.3978
5640 447.27817 289.6782
5657 475.59833 278.75195
5674 504.21893 268.59348
5691 533.10925 259.18036
5707 560.522 250.98433
5724 589.8603 242.96452
5740 617.6529 236.05125
5757 647.3544 229.36781
5774 677.2143 223.35512
5791 707.2151 218.00325
5808 737.34033 213.30374
5824 765.7931 209.47023
5841 796.116 206.01788
5858 826.51965 203.20041
5874 855.1962 201.12532
5891 885.7177 199.53075
5908 916.2805 198.56325
5925 946.87177 198.22221
5941 975.678 198.47385
5958 1006.2878 199.35089
5975 1036.8881 200.85838
5991 1065.668 202.85612
6008 1096.2119 205.598
6025 1126.7064 208.98332
6042 1157.1371 213.01869
6058 1185.7057 217.41756
6075 1215.9681 222.73846
6092 1246.1193 228.73643
6109 1276.1407 235.42352
6126 1306.013 242.81352
6142 1333.9719 250.42491
6159 1363.4904 259.22598
6175 1391.0723 268.19888
6192 1420.1377 278.48676
6209 1448.9229 289.57684
6226 1477.3904 301.49835
6242 1503.8542 313.50793
6259 1531.5742 327.1431
6276 1558.8256 341.72284
6292 1583.9817 356.35327
6309 1610.1041 372.9195
6326 1635.4957 390.606
6343 1660.0188 409.49466
6360 1683.4927 429.68286
6376 1704.4105 449.97406
6393 1725.0675 473.03333
6410 1743.634 497.78534
6427 1759.3898 524.37006
6443 1770.6877 551.10046
6460 1777.5582 581.0284
6477 1777.8816 611.56836
6493 1772.1992 639.6198
6510 1761.0369 667.80646
6527 1746.0266 694.0879
6543 1729.3489 717.1537
6560 1709.5991 740.0416
6577 1688.2256 761.4192
6594 1665.5577 781.4259
6611 1641.8313 800.178
6627 1618.6902 816.76715
6644 1593.3695 833.3434
6661 1567.397 848.904
6678 1540.8579 863.5058
6694 1515.4248 876.41614
6711 1487.974 889.2884
6728 1460.1305 901.32513
6744 1433.6041 911.9186
6761 1405.1143 922.4187
6778 1376.3414 932.16376
6795 1347.3143 941.1745
6811 1319.7856 949.00073
6828 1290.3362 956.6359
6845 1260.7017 963.584
6861 1232.6584 969.5065
6878 1202.7188 975.1538
6895 1172.6475 980.14514
6912 1142.4604 984.48816
6928 1113.9569 987.98926
6945 1083.5878 991.0912
6962 1053.1456 993.5603
6979 1022.6438 995.39984
6995 993.89355 996.5578
7012 963.3135 997.18
7029 932.71204 997.1756
7046 902.1021 996.54376
7062 873.2965 995.37415
7079 842.70703 993.51776
7096 812.14764 991.0252
7112 783.4257 988.09375
7129 752.96454 984.351
7146 722.57556 979.95404
7162 694.0541 975.2104
7179 663.8508 969.5177
7196 633.7688 963.1415
7213 603.8271 956.0687
7230 574.0465 948.2847
7246 546.1852 940.2938
7263 516.7844 931.0791
7280 487.61896 921.0969
7297 458.72028 910.32294
7313 431.7971 899.43463
7330 403.5229 887.04083
7347 375.63693 873.76184
7363 349.79587 860.41815
7380 322.83258 845.2965
7397 296.45584 829.1478
7413 272.25485 812.9529
7430 247.3226 794.6148
7447 223.35213 775.023
7464 200.55536 754.07025
7481 179.22351 731.62976
7497 160.85411 709.0202
7514 143.72757 683.2722
7531 129.95627 655.64764
7548 120.84995 626.26404
7564 117.86733 597.601
7581 121.25365 567.3321
7598 130.53206 538.4392
7614 143.2927 512.95074
7631 159.93948 487.6935
7648 178.9368 464.17368
7665 199.72305 442.22504
7681 220.579 422.8692
7698 243.85501 403.56705
7715 268.08752 385.46432
7731 291.63364 369.44437
7748 317.32516 353.43555
7765 343.61942 338.40988
7782 370.4403 324.31546
7798 396.1082 311.86102
7815 423.7811 299.45343
7832 451.82254 287.86362
7849 480.1934 277.0628
7865 507.1656 267.59558
7882 536.0819 258.25766
7899 565.238 249.64372
7916 594.60944 241.73688
7932 622.4302 234.92787
7949 652.15845 228.3533
7966 682.04224 222.44778
7982 710.2947 217.49213
8000 742.208 212.60661
8016 770.676 208.8705
8033 801.01294 205.5208
8049 829.6372 202.94756
8066 860.1139 200.82578
8083 890.6429 199.33238
8100 921.2112 198.4659
8117 951.8058 198.22589
8133 980.61334 198.57274
8150 1011.2225 199.55124
8166 1040.0208 201.04848
8183 1070.5953 203.25493
8200 1101.1322 206.10014
8217 1131.6174 209.5898
8233 1160.2491 213.46895
8250 1190.5918 218.23013
8267 1220.8374 223.65944
8284 1250.9689 229.76765
8300 1279.2072 236.14775
8317 1309.0627 243.61058
8334 1338.745 251.7937
8351 1368.2297 260.71512
8367 1395.776 269.80444
8384 1424.7986 280.21985
8401 1453.5353 291.44193
8417 1480.2861 302.7674
8434 1508.3527 315.64435
8451 1536.0013 329.42868
8468 1563.1708 344.16528
8484 1588.238 358.9515
8501 1614.2506 375.69336
8518 1639.5125 393.56778
8535 1663.8799 412.65894
8551 1685.8284 431.82803
8568 1707.8604 453.58383
8585 1728.2178 476.90564
8601 1745.3917 500.42163
8618 1760.8057 527.1993
8635 1772.1921 555.8347
8652 1778.0736 585.94684
8668 1777.5305 614.6736
8685 1770.717 644.2894
8702 1758.8436 672.17267
8719 1743.3243 698.1505
8735 1726.292 720.9525
8752 1706.2528 743.58655
8769 1684.6512 764.73425
8786 1661.7987 784.5314
8802 1639.3491 802.03143
8819 1614.6559 819.51105
8836 1589.2235 835.9193
8852 1564.704 850.4425
8869 1538.111 864.949
8887 1509.4202 879.3222
8903 1483.5101 891.2847
8919 1457.2587 902.5119
8936 1429.0311 913.6635
8953 1400.4937 924.04034
8969 1373.3801 933.11993
8986 1344.3285 942.0566
9003 1315.0509 950.2788
9020 1285.5702 957.8023
9036 1257.6571 964.2572
9053 1227.841 970.46173
9070 1197.8789 976.0027
9087 1167.7878 980.889
9103 1139.3632 984.89655
9120 1109.066 988.53235
9137 1078.6842 991.532
9153 1050.0245 993.7776
9171 1017.72125 995.63763
9187 988.9651 996.7005
9204 958.38074 997.2217
9220 929.5776 997.1398
9237 898.96747 996.44354
9254 868.3631 995.1177
9271 837.7775 993.159
9287 809.0204 990.7339
9304 778.5102 987.53424
9321 748.05963 983.6865
9338 717.6837 979.1833
9354 689.17694 974.33826
9371 658.992 968.5362
9388 628.9313 962.0486
9405 599.0141 954.86224
9421 571.0067 947.44684
9438 541.4302 938.85913
9455 512.06537 929.52216
9471 484.64673 920.03046
9488 455.77728 909.1739
9505 427.2142 897.4947
9522 398.9992 884.96075
9539 371.18085 871.5353
9555 345.4124 858.0472
9572 318.53784 842.7639
9588 293.7915 827.43365
9605 268.1771 810.0771
9622 243.38799 791.5434
9639 219.59073 771.73987
9655 198.29767 751.8429
9672 177.13664 729.2421
9689 157.90778 704.99255
9706 141.25116 678.9461
9722 128.78369 652.7138
9739 120.24201 623.1756
9756 117.96198 592.67114
9772 121.95794 564.2958
9789 131.75409 535.58325
9806 145.78679 508.7542
9823 162.86102 483.78833
9839 180.99081 461.85645
9856 201.9365 440.05994
9873 224.25961 419.6719
9890 247.70177 400.5697
9922 294.23438 367.75806
9940 321.52603 350.94794
9957 347.90994 336.0757
9973 373.2141 322.92285
9990 400.54318 309.80392
10007 428.2784 297.5303
10024 456.37546 286.06955
10040 483.11597 276.00024
10057 511.8105 266.0403
10074 540.7672 256.82034
10090 568.2363 248.80177
10107 597.6286 240.96648
10124 627.212 233.82217
10141 656.96655 227.35619
10157 685.11066 221.88039
10174 715.1458 216.70128
10191 745.3012 212.17253
10208 775.5614 208.28735
10225 805.91187 205.04019
10241 834.5469 202.56288
10258 865.0329 200.54256
10275 895.5691 199.15031
10291 924.34326 198.41254
10308 954.9399 198.23668
10325 985.5487 198.68796
10341 1014.3566 199.68701
10358 1044.9523 201.36124
10375 1075.5217 203.67033
10392 1106.0513 206.61905
10409 1136.5269 210.21321
10425 1165.1472 214.19182
10442 1195.4752 219.06006
10458 1223.9287 224.25357
10475 1254.0475 230.43198
10492 1284.0316 237.30296
10509 1313.8607 244.88081
10526 1343.5128 253.18169
10542 1371.237 261.6712
10559 1400.4733 271.43033
10576 1429.452 281.9739
10592 1456.4606 292.63782
10609 1484.8373 304.78387
10626 1512.8402 317.80435
10643 1540.416 331.739
10660 1567.5017 346.63382
10676 1592.4779 361.5773
10693 1618.3777 378.49664
10709 1642.0518 395.46536
10726 1666.3177 414.6865
10743 1689.4778 435.23578
10760 1711.2668 457.23425
10777 1731.3116 480.82257
10793 1748.0975 504.6116
10810 1762.9495 531.6938
10827 1773.5531 560.6091
10843 1778.3094 589.07697
10860 1776.8391 619.54144
10877 1769.1038 648.9126
10893 1757.4016 674.9199
10910 1741.5725 700.7065
10927 1723.1832 724.7087
10944 1702.8661 747.09283
10960 1682.3641 766.8216
10977 1659.3973 786.4872
10995 1633.9847 805.97363
11011 1610.6024 822.2272
11028 1585.0612 838.4691
11044 1560.4523 852.84454
11061 1533.7759 867.2019
11078 1506.6187 880.6603
11094 1480.6697 892.5415
11111 1452.7299 904.36334
11128 1424.4501 915.3883
11145 1395.8656 925.6425
11161 1368.7124 934.6098
11178 1339.6227 943.4301
11195 1310.3108 951.5387
11211 1282.5405 958.5339
11228 1252.8605 965.30286
11245 1223.0195 971.3997
11262 1193.0355 976.83453
11279 1162.9252 981.616
11295 1134.4846 985.526
11312 1104.1729 989.05884
11328 1075.5686 991.8034
11345 1045.1094 994.1063
11362 1014.5941 995.7802
11379 984.0358 996.82684
11396 953.44745 997.2471
11412 924.64246 997.07
11429 894.03235 996.2724
11446 863.4301 994.8447
11462 834.647 992.92255
11479 804.0978 990.26154
11496 773.59625 986.9579
11512 744.94525 983.2556
11529 714.5778 978.6848
11546 684.3026 973.44867
11563 654.1364 967.53687
11579 625.8606 961.34503
11596 595.9593 954.0863
11613 566.22485 946.11206
11630 536.68066 937.4049
11647 507.35254 927.9452
11663 479.97293 918.3345
11680 451.1503 907.3472
11697 422.64038 895.53253
11713 396.1313 883.6275
11730 368.35663 870.10846
11747 341.0424 855.6507
11763 315.81808 841.1413
11780 289.61157 824.7115
11797 264.1207 807.1707
11814 239.47903 788.43896
11830 217.2179 769.636
11847 194.77498 748.3042
11864 173.892 725.4479
11881 155.02762 700.91815
11897 139.7252 676.1727
11914 127.0402 648.0572
11931 119.42032 618.2917
11948 118.234886 587.75214
11964 123.18894 559.5483
11981 133.76678 531.1276
11998 148.35909 504.60638
12015 165.84033 479.92764
12031 184.26125 458.24118
12048 205.45032 436.68103
12065 227.96918 416.508
12081 250.15761 398.68192
12098 274.61572 380.8803
12115 299.84702 364.1712
12132 325.7422 348.48563
12148 350.64206 334.6056
12165 377.59088 320.74902
12182 404.98874 307.7688
12199 432.7851 295.6283
12215 459.27167 284.9406
12232 487.72348 274.3435
12249 516.4622 264.50427
12265 543.74634 255.91716
12282 572.9614 247.49118
12299 602.3859 239.76823
12316 631.9983 232.7341
12332 660.0226 226.73187
12349 689.94446 221.00105
12366 720.00006 215.92732
12382 748.39545 211.74518
12399 778.6656 207.92558
12416 809.02454 204.7435
12433 839.45825 202.1946
12450 869.95325 200.27565
12466 898.69855 199.04312
12483 929.275 198.34181
12499 958.0741 198.25406
12516 988.6835 198.76962
12533 1019.29083 199.91417
12550 1049.8832 201.69049
12567 1080.447 204.10237
12583 1109.1749 206.95734
12600 1139.644 210.61797
12617 1170.0431 214.93185
12633 1198.5758 219.59624
12650 1228.7931 225.20343
12667 1258.8914 231.49261
12684 1288.8519 238.47655
12700 1316.9059 245.69736
12717 1346.5385 254.07327
12735 1377.691 263.75266
12751 1405.1637 273.07657
12767 1432.4038 283.09897
12784 1461.0591 294.53848
12801 1489.3788 306.8231
12817 1515.6847 319.18863
12834 1543.2135 333.2194
12851 1570.2449 348.2154
12868 1596.7007 364.23096
12885 1622.4847 381.32968
12901 1646.0303 398.47903
12918 1670.1326 417.90692
12935 1693.0918 438.68115
12951 1713.4073 459.57428
12969 1734.3466 484.78485
12985 1750.7247 508.85016
13002 1764.9836 536.2369
13018 1774.3398 563.66095
13035 1778.5348 594.0103
13052 1775.9825 624.379
13069 1767.3658 653.4878
13085 1755.0576 679.20447
13102 1738.761 704.69275
13119 1720.0248 728.4228
13135 1700.6948 749.3002
13152 1678.7375 770.07965
13169 1655.5952 789.54034
13186 1631.4745 807.7895
13202 1608.0181 823.938
13219 1582.4089 840.0752
13236 1556.1863 855.222
13252 1531.0159 868.6207
13269 1503.8127 881.98944
13286 1476.1895 894.5026
13303 1448.1924 906.19403
13320 1419.8611 917.0931
13336 1392.9225 926.65
13353 1364.0383 936.08075
13370 1334.9111 944.78516
13386 1307.2975 952.3295
13403 1277.7668 959.67114
13420 1248.0596 966.331
13437 1218.1945 972.3205
13453 1189.9576 977.3541
13470 1159.8352 982.06915
13487 1129.6036 986.13873
13503 1101.0638 989.3847
13520 1070.662 992.21735
13537 1040.1929 994.41864
13554 1009.66974 995.99133
13570 980.90454 996.8987
13587 950.3138 997.2547
13604 919.70715 996.9839
13621 889.0975 996.0849
13637 860.2972 994.66284
13654 829.7189 992.53674
13671 799.17645 989.7725
13688 768.68384 986.3646
13705 738.2557 982.30646
13721 709.6899 977.8858
13738 679.431 972.54144
13754 651.0541 966.8929
13771 621.02924 960.2224
13788 591.1533 952.8494
13805 561.4479 944.75824
13822 531.9367 935.93115
13838 504.36246 926.9331
13855 475.30627 916.6177
13872 446.53143 905.4991
13888 419.74005 894.27466
13905 391.62457 881.50946
13922 363.91992 867.8421
13939 336.68613 853.2285
13955 311.54904 838.56445
13972 285.45016 821.9604
13989 260.0863 804.23346
14005 237.00993 786.4498
14022 213.5084 766.294
14039 191.29256 744.7258
14056 170.69936 721.6101
14072 153.23415 698.3056
14089 137.40024 671.7659
14106 125.42811 643.3562
14122 118.98644 615.17804
14139 118.4997 584.6363
14156 124.563416 554.8435
14173 135.88289 526.7221
14189 150.03171 501.99683
14206 167.76149 477.49823
14223 187.57489 454.66562
14240 208.99852 433.3381
14256 230.33997 414.51553
14273 254.04337 395.73465
14290 278.63467 378.11438
14307 303.97974 361.57465
14323 328.4279 346.9347
14340 354.9543 332.31055
14357 381.9793 318.598
14373 407.81775 306.4875
14390 435.65237 294.43112
14407 463.83823 283.17984
14424 492.33844 272.70645
14441 521.1206 262.98737
14457 548.4416 254.51045
14474 577.692 246.19887
14490 605.41016 239.01645
14507 635.0406 232.05212
14524 664.83716 225.76309
14541 694.78174 220.13881
14558 724.85736 215.17023
14574 753.26935 211.08603
14591 783.55475 207.36955
14608 813.92664 204.28981
14625 844.37115 201.84267
14641 873.07904 200.11461
14658 903.62634 198.8877
14675 934.20734 198.28738
14691 963.00885 198.29474
14708 993.6188 198.91158
14725 1024.2246 200.15776
14742 1054.8132 202.03627
14758 1083.5748 204.38542
14775 1114.0916 207.5037
14792 1144.5505 211.26912
14808 1173.1516 215.41081
14825 1203.455 220.45465
14842 1233.6543 226.171
14859 1263.7318 232.57129
14876 1293.6682 239.66858
14892 1321.6963 246.99834
14909 1351.2977 255.4928
14925 1378.968 264.1693
14942 1408.1394 274.1328
14959 1437.0449 284.88754
14976 1465.6488 296.46112
14993 1493.9104 308.88516
15009 1520.154 321.38754
15026 1547.6073 335.57062
15043 1574.5515 350.7271
15060 1600.9061 366.91275
15076 1625.0828 383.14468
15093 1649.9844 401.52493
15110 1673.9178 421.16232
15126 1695.3682 440.8893
15143 1716.7394 463.29254
15160 1736.2423 487.32532
15177 1753.2692 513.1377
15193 1766.216 539.1473
15210 1775.4519 568.4938
15227 1778.5807 598.94434
15243 1775.3553 627.43396
15260 1766.2003 656.3684
15277 1752.6277 683.43945
15293 1736.9424 707.20087
15310 1717.9938 730.7603
15327 1697.2454 752.7447
15344 1675.0802 773.3034
15360 1653.1671 791.4632
15377 1628.9556 809.59357
15394 1603.9343 826.60925
15411 1578.2202 842.58276
15428 1551.9065 857.57513
15444 1526.6604 870.8356
15461 1499.3861 884.06384
15478 1471.6997 896.4424
15494 1445.3058 907.3461
15511 1416.9424 918.1655
15528 1388.283 928.2204
15545 1359.3579 937.5328
15561 1331.9155 945.6362
15578 1302.549 953.5598
15595 1272.9886 960.7907
15611 1245.0082 966.975
15628 1215.1278 972.8964
15645 1185.109 978.15826
15662 1154.9679 982.76874
15679 1124.7201 986.73486
15695 1096.1672 989.8842
15712 1065.7537 992.61487
15728 1037.0693 994.6086
15745 1006.54144 996.117
15762 975.97394 996.9985
15779 945.3798 997.2535
15796 914.77185 996.8815
15812 885.9632 995.9573
15829 855.3652 994.36304
15846 824.7917 992.13434
15862 796.0513 989.4532
15879 765.5646 985.97906
15896 735.14386 981.8538
15913 704.8044 977.0695
15930 674.56244 971.6167
15946 646.2039 965.8643
15963 616.2017 959.08154
15980 586.35175 951.5939
15996 558.4164 943.8884
16013 528.9266 934.9849
16030 499.66013 925.3232
16047 470.64694 914.88007
16063 443.60202 904.314
16080 415.1814 892.2759
16097 387.1285 879.3679
16113 361.10825 866.38983
16130 333.9265 851.67664
16147 307.2962 835.9603
16163 282.81686 820.19794
16180 257.53552 802.35156
16197 233.14473 783.2906
16214 209.83215 762.91534
16231 187.85199 741.10736
16247 168.6996 719.14966
16264 150.46951 694.1534
16281 135.1747 667.3099
16298 123.95419 638.61304
16314 118.445045 610.2618
16331 119.05815 579.7483
16348 126.07451 550.1837
16364 137.2781 523.94995
16381 152.72354 497.92725
16398 170.8298 473.7087
16415 190.9301 451.12912
16431 211.2695 431.23328
16448 234.09497 411.40524
16465 257.95212 392.8175
16481 281.1975 376.37216
16498 306.6134 359.9391
16515 332.6683 344.51328
16532 359.2795 330.03918
16548 384.7726 317.24347
16565 412.2801 304.48798
16582 440.17407 292.5634
16599 468.41296 281.43927
16615 495.27347 271.67685
16632 524.0829 262.03378
16649 553.1428 253.12236
16666 582.4279 244.92476
16682 610.1755 237.84744
16700 641.58386 230.61064
16716 669.6556 224.8116
16732 697.8559 219.59999
16749 727.9441 214.69812
16766 758.1458 210.44356
16783 788.44617 206.83008
16799 817.04126 204.0102
16816 847.49243 201.62764
16833 878.0014 199.87439
16850 908.555 198.74855
16866 937.34045 198.26126
16883 967.94385 198.35173
16900 998.55396 199.06987
16917 1029.158 200.41779
16933 1057.9442 202.26448
16950 1088.4984 204.8447
16967 1119.0067 208.06685
16983 1147.6659 211.69154
17000 1178.0437 216.17899
17017 1208.3315 221.33055
17034 1238.5125 227.15636
17051 1268.5685 233.6681
17067 1296.7252 240.4353
17084 1326.4819 248.31824
17100 1354.3177 256.4045
17117 1383.688 265.72327
17134 1412.8187 275.81262
17151 1441.6781 286.69742
17168 1470.2297 298.40588
17184 1496.7833 310.20685
17201 1524.6118 323.61053
17218 1551.9879 337.9471
17235 1578.8429 353.26556
17251 1603.568 368.63083
17268 1629.156 386.0271
17285 1653.9136 404.60345
17301 1676.3063 423.24838
17318 1698.9214 444.39743
17335 1720.0232 467.0532
17351 1738.1124 489.88452
17368 1754.8402 515.8865
17385 1768.0577 543.76794
17402 1776.4033 573.3571
17418 1778.5167 602.0755
17435 1774.2415 632.21295
17452 1764.2727 660.8631
17469 1750.1163 687.62537
17485 1734.0295 711.1127
17502 1714.7584 734.40717
17519 1693.7593 756.1522
17536 1671.3933 776.4934
17552 1649.324 794.46515
17569 1624.9728 812.41034
17586 1599.8325 829.2534
17602 1575.5518 844.16223
17620 1547.613 859.9041
17636 1522.293 873.02734
17653 1494.9489 886.11615
17669 1468.843 897.6634
17686 1440.7542 909.14325
17703 1412.3408 919.83777
17720 1383.6366 929.77155
17737 1354.6713 938.966
17753 1327.1948 946.9612
17770 1297.7955 954.77216
17786 1269.9513 961.4926
17803 1240.2006 967.9747
17820 1210.2968 973.7891
17837 1180.2572 978.94543
17853 1151.875 983.2044
17870 1121.6171 987.1049
17887 1091.2687 990.3673
17904 1060.8436 992.996
17920 1032.1505 994.8942
17937 1001.61536 996.30145
17954 971.0427 997.0819
17971 940.4455 997.2359
17987 911.6371 996.8079
18004 881.02875 995.743
18021 850.4338 994.0467
18037 821.6627 991.8701
18054 791.132 988.93677
18071 760.65497 985.35815
18088 730.2463 981.12726
18104 701.70264 976.542
18121 671.4716 971.02014
18138 641.3572 964.81775
18155 611.3781 957.92236
18171 583.3044 950.7867
18188 553.64777 942.5033
18205 524.1921 933.47894
18221 496.6768 924.29004
18238 467.6914 913.7655
18255 438.9968 902.4305
18272 410.6323 890.25446
18288 384.27844 877.9955
18305 356.69165 864.0832
18322 329.59348 849.212
18339 303.06003 833.3285
18356 277.18503 816.3705
18372 253.53848 799.36285
18389 229.30742 780.0972
18405 207.51494 760.7501
18422 185.68921 738.7879
18439 165.59717 715.2394
18456 147.78036 689.95294
18472 133.81528 664.4541
18489 123.09287 635.57965
18506 118.07993 605.33344
18522 119.50103 576.657
18539 127.10211 547.2483
18556 139.55153 519.62634
18573 155.48381 493.90463
18590 173.94951 469.96173
18606 193.08205 448.9029
18623 214.87141 427.9481
18640 237.87668 408.32712
18657 261.88327 389.93018
18673 285.24814 373.65195
18690 310.7734 357.38544
18707 336.92316 342.1166
18724 363.61737 327.79135
18740 389.1796 315.12933
18757 416.75247 302.51004
18774 444.7047 290.71646
18790 471.32285 280.34418
18807 499.90036 270.0718
18824 528.75195 260.54803
18841 557.84985 251.75282
18857 585.43866 244.12492
18874 614.9455 236.69624
18891 644.6316 229.95093
18907 672.718 224.21619
18924 702.6987 218.7656
18941 732.8063 213.96857
18958 763.0249 209.81776
18974 791.5541 206.496
18991 821.9465 203.58339
19008 852.40784 201.30247
19025 882.92487 199.65048
19042 913.48444 198.62569
19058 942.2737 198.23346
19075 972.879 198.42503
19091 1001.68854 199.17892
19108 1032.2911 200.59149
19125 1062.873 202.63731
19142 1093.4208 205.32065
19158 1122.1279 208.4333
19175 1152.5691 212.37053
19192 1182.9336 216.96442
19209 1213.2053 222.22397
19225 1241.5964 227.79147
19242 1271.6387 234.37418
19259 1301.5345 241.65761
19276 1331.2628 249.65712
19292 1359.0681 257.8558
19309 1388.4017 267.29727
19326 1417.491 277.51312
19342 1444.6168 287.8581
19359 1473.1346 299.65262
19376 1501.2983 312.30667
19393 1529.058 325.85776
19409 1554.7632 339.46982
19426 1581.5605 354.89188
19443 1607.744 371.35925
19460 1633.2076 388.94012
19476 1656.3958 406.57596
19493 1680.041 426.56198
19510 1702.4355 447.94467
19527 1723.2568 470.85678
19543 1741.0026 493.95197
19560 1757.2395 520.2546
19577 1769.7734 548.4343
19593 1776.9216 576.4598
19610 1778.2701 606.9965
19627 1772.9789 636.9515
19644 1762.237 665.3079
19660 1748.4807 690.25885
19677 1731.0587 714.9799
19694 1711.4785 738.0138
19711 1690.2379 759.52325
19727 1669.0365 778.5023
19744 1645.4567 797.4363
19761 1620.9695 815.1985
19777 1597.2181 830.91895
19794 1571.3378 846.6283
19811 1544.879 861.3709
19828 1517.9136 875.1962
19844 1492.125 887.4083
19861 1464.3376 899.56854
19878 1436.194 910.92
19895 1407.7317 921.49023
19911 1380.6819 930.74677
19928 1351.6913 939.86664
19945 1322.4685 948.2678
19961 1294.7737 955.53284
19978 1265.1656 962.5833
19995 1235.389 968.95703
20012 1205.4623 974.6648
20029 1175.4022 979.71576
20045 1147.0032 983.87665
20062 1116.7297 987.67395
20079 1086.368 990.83386
20095 1057.7241 993.22955
20112 1027.2303 995.1635
20129 996.6883 996.46967
20146 966.11084 997.1491
20163 935.5108 997.202
20179 906.7017 996.67883
20196 876.09467 995.51227
20212 847.30194 993.8372
20229 816.7372 991.44055
20246 786.2142 988.4036
20263 755.7472 984.72034
20279 727.1367 980.65686
20296 696.82135 975.6972
20313 666.6079 970.06647
20330 636.514 963.75323
20346 608.3165 957.1766
20363 578.51025 949.5004
20380 548.88434 941.09894
20397 519.4635 931.95325
20413 491.98526 922.64685
20430 463.04434 911.9935
20447 434.40015 900.525
20463 407.74792 888.9588
20480 379.80032 875.81525
20497 352.28775 861.75165
20513 326.84888 847.6329
20530 300.37823 831.6424
20547 274.57678 814.57043
20564 249.56519 796.3423
20580 226.88501 778.05096
20597 203.89563 757.31036
20614 182.32085 735.1023
20631 162.55331 711.2839
20648 145.1707 685.7038
20664 131.76445 659.9182
20681 121.85944 630.7736
20698 117.89337 600.3994
20714 120.33346 571.81464
20731 128.82195 542.6659
20748 141.91452 515.35254
20765 158.30927 489.92834
20781 175.95671 467.6036
20798 196.50189 445.42896
20815 218.50478 424.69754
20831 240.29218 406.38858
20848 264.3915 388.11154
20865 289.31754 370.95932
20882 314.94962 354.8577
20899 341.19214 339.74442
20915 366.37906 326.3757
20932 393.5977 313.0375
20949 421.2347 300.55356
20965 447.58698 289.5541
20983 477.5864 278.01834
20999 504.53436 268.48624
21016 533.4275 259.08118
21032 560.8426 250.89256
21049 590.1831 242.88045
21066 619.7202 235.56282
21082 647.68097 229.29826
21100 679.30365 222.96027
21116 707.5448 217.94818
21133 737.6713 213.2558
21149 766.1252 209.42891
21166 796.44904 205.98355
21183 826.85345 203.17302
21199 855.5307 201.10443
21217 887.8495 199.44287
21233 916.61584 198.5561
21250 947.20734 198.22195
21266 976.0137 198.48006
21283 1006.6235 199.364
21300 1037.2236 200.87842
21317 1067.8009 203.0267
21333 1096.5465 205.63162
21350 1127.0405 209.02403
21367 1157.4703 213.06659
21383 1186.0381 217.47227
21400 1216.2994 222.80055
21417 1246.4492 228.806
21434 1276.4692 235.50073
21451 1306.3396 242.89851
21467 1334.2968 250.51741
21484 1363.8129 259.32666
21501 1393.1091 268.8914
21517 1420.455 278.60397
21535 1450.9204 290.3815
21551 1477.7007 301.63382
21568 1505.8027 314.4298
21584 1531.8757 327.29776
21601 1559.1216 341.88815
21618 1585.826 357.47458
21635 1611.9014 374.11658
21651 1635.7697 390.80643
21668 1660.2822 409.7088
21685 1683.7434 429.91187
21701 1704.6465 450.21832
21718 1725.2834 473.29532
21735 1743.8237 498.06674
21752 1759.5433 524.67206
21768 1770.7946 551.42114
21785 1777.5989 581.3624
21802 1777.8473 611.9013
21819 1771.5742 641.64667
21835 1760.8907 668.10504
21852 1745.845 694.3657
21869 1728.0322 718.80334
21886 1708.1558 741.5809
21902 1687.9835 761.6458
21919 1665.303 781.6381
21936 1641.5659 800.377
21952 1618.4164 816.95465
21969 1593.088 833.5195
21986 1567.1089 849.0692
22002 1542.1398 862.8281
22020 1513.5227 877.34235
22036 1487.6707 889.42487
22053 1459.8231 901.45264
22069 1433.2933 912.0379
22086 1404.8003 922.5296
22103 1376.0245 932.2665
22120 1346.9948 941.2693
22136 1319.4637 949.08826
22153 1290.0122 956.7158
22170 1260.3756 963.65643
22187 1230.5736 969.92206
22203 1202.3898 975.2121
22220 1172.317 980.1962
22237 1142.1288 984.5322
22253 1113.6243 988.02673
22271 1081.4655 991.284
22287 1052.8114 993.5839
22304 1022.309 995.4165
22320 993.5584 996.56805
22337 962.978 997.18335
22354 932.3764 997.17206
22371 901.7664 996.5333
22387 872.96094 995.3572
22404 842.3717 993.4939
22421 811.81274 990.9944
22438 781.2978 987.85364
22454 752.63086 984.30634
22471 722.24274 979.90216
22488 691.9427 974.835
22505 661.74725 969.09503
22522 631.6744 962.67065
22538 603.4996 955.9873
22555 573.7209 948.1954
22571 545.8616 940.1969
22588 516.46326 930.9738
22605 487.30054 920.98315
22622 458.40497 910.2003
22639 429.81226 898.5976
22655 403.21487 886.9001
22672 375.3335 873.61115
22688 349.49728 860.2577
22705 322.53998 845.1251
22722 296.17017 828.96484
22739 270.48718 811.7118
22756 245.61636 793.28937
22772 223.0953 774.80084
22789 200.31285 753.83246
22806 178.99908 731.37494
22822 160.65167 708.74774
22839 143.55635 682.9795
22856 129.82835 655.33435
22872 121.15648 627.70325
22889 117.86809 597.2655
22906 121.32612 567.0062
22923 130.66077 538.1324
22939 143.45978 512.66376
22956 160.13632 487.42648
22973 179.15587 463.92474
22990 199.95938 441.9925
23007 222.16856 421.4811
23023 244.11588 403.3622
23040 268.35797 385.27213
23057 293.40524 368.29398
23073 317.6104 353.26553
23090 343.91083 338.25034
23107 370.73712 324.1659
23123 396.40952 311.7204
23140 424.08667 299.32196
23157 452.13193 287.74094
23174 480.5062 276.94864
23190 507.48132 267.4892
23207 536.40045 258.1593
23224 565.55896 249.5532
23241 594.9327 241.65404
23257 622.75525 234.85211
23274 652.48535 228.28494
23291 682.3708 222.38669
23308 712.39417 217.14772
23324 740.7629 212.8118
23341 771.00824 208.8303
23358 801.34607 205.48758
23374 829.97107 202.92087
23391 860.4484 200.80598
23408 890.9779 199.31947
23425 921.5466 198.45987
23441 950.3412 198.2231
23458 980.94904 198.58006
23475 1011.5581 199.56546
23491 1040.3562 201.06923
23508 1070.9304 203.28265
23525 1101.4668 206.13492
23542 1131.9514 209.63167
23559 1162.3696 213.77974
23575 1190.924 218.28603
23592 1221.1685 223.72273
23609 1251.2987 229.83846
23625 1279.5354 236.22575
23642 1309.3892 243.6964
23659 1339.0695 251.8875
23676 1368.5519 260.81714
23692 1396.0957 269.9144
23709 1425.1154 280.3385
23726 1453.8488 291.56955
23742 1480.596 302.90384
23759 1508.6582 315.79053
23776 1536.302 329.58505
23793 1563.4658 344.33237
23809 1588.527 359.12924
23826 1614.532 375.8831
23843 1639.7848 393.7704
23860 1664.1415 412.8754
23877 1687.4124 433.29852
23893 1708.0934 453.8308
23910 1728.43 477.17062
23927 1746.5724 502.22937
23943 1760.9548 527.5034
23960 1772.2893 556.1582
23977 1778.1023 586.2818
23993 1777.4889 615.00555
24010 1770.6115 644.6054
24027 1758.691 672.46783
24044 1743.1381 698.4251
24060 1726.0822 721.20935
24077 1706.0237 743.82623
24094 1684.407 764.95844
24111 1661.5421 784.74146
24127 1639.0828 802.2292
24144 1614.3807 819.6967
24161 1588.9409 836.09357
24178 1562.8654 851.4853
24194 1537.8165 865.10297
24211 1510.7279 878.6937
24228 1483.206 891.41974
24245 1455.2994 903.31586
24261 1428.7198 913.7815
24278 1400.1791 924.14996
24295 1371.3605 933.76715
24311 1344.0085 942.1506
24328 1314.7286 950.36505
24345 1285.2458 957.881
24361 1257.331 964.32886
24378 1227.5131 970.52606
24395 1197.5496 976.0598
24412 1167.4572 980.93896
24429 1137.2517 985.1711
24445 1108.7333 988.56866
24462 1078.3506 991.56134
24479 1047.8971 993.9219
24496 1017.3864 995.6532
24512 988.6299 996.7096
24529 958.0452 997.2239
24546 927.44135 997.1116
24562 898.6318 996.43243
24580 866.2277 995.0015
24596 837.44226 993.13403
24612 808.68555 990.7023
24629 778.1759 987.49554
24646 747.7261 983.64075
24663 717.3511 979.13025
24679 688.84534 974.2783
24696 658.6617 968.46875
24713 628.60236 961.9736
24730 598.6869 954.7795
24747 568.9362 946.8714
24763 541.10693 938.7608
24780 511.7446 929.4155
24797 482.62277 919.2988
24813 455.4623 909.0503
24830 426.90283 897.36194
24847 398.6919 884.8184
24863 372.50232 872.19867
24880 345.11475 857.88495
24897 318.2463 842.59064
24914 291.97995 826.25885
24930 267.90048 809.8804
24947 243.12129 791.33325
24964 219.33603 771.51526
24981 196.768 750.316
24997 176.91435 728.9854
25014 157.70975 704.7169
25031 141.08597 678.6501
25047 128.66107 652.3985
25064 120.18083 622.8442
25081 117.974915 592.3361
25098 122.47274 562.2357
25115 132.61224 533.64844
25131 145.95932 508.47055
25148 163.06187 483.52435
25165 182.40103 460.28665
25181 202.17438 439.82898
25198 224.51102 419.45566
25215 247.9643 400.36697
25232 272.34528 382.46158
25248 296.01086 366.61508
25265 321.81232 350.77963
25282 348.20224 335.91782
25299 375.10718 321.9791
25315 400.8452 309.66483
25332 428.58463 297.40027
25349 456.68542 285.94824
25365 483.4291 275.88693
25382 512.1267 265.9352
25399 541.0861 256.72327
25415 568.55756 248.71205
25432 597.95197 240.88441
25449 627.5374 233.7476
25466 657.29376 227.289
25482 685.43933 221.82004
25499 715.4759 216.6481
25516 745.6325 212.12645
25533 775.8938 208.2483
25550 806.2452 205.0081
25566 834.8809 202.53731
25583 865.36755 200.52388
25600 895.90424 199.13852
25616 924.6787 198.40721
25633 955.2755 198.23824
25650 985.8844 198.69638
25667 1016.4925 199.78333
25683 1045.2877 201.3831
25700 1075.8567 203.6992
25717 1106.3857 206.65495
25733 1135.0698 210.0264
25750 1165.4802 214.24161
25767 1195.8074 219.11714
25784 1226.0347 224.66255
25800 1254.3771 230.50354
25817 1284.3595 237.38222
25834 1314.1869 244.96788
25851 1343.8369 253.2768
25867 1371.559 261.77405
25884 1400.7925 271.54166
25901 1429.7683 282.094
25917 1456.7736 292.7664
25934 1485.1465 304.92188
25951 1513.145 317.95212
25968 1540.7158 331.89706
25985 1567.7957 346.80267
26001 1592.7656 361.75693
26018 1618.6577 378.6884
26035 1643.7769 396.76593
26051 1666.5782 414.90442
26068 1689.7247 435.46893
26085 1711.497 457.48404
26101 1730.3993 479.65524
26118 1748.2788 504.89835
26135 1763.0913 532.0013
26152 1773.6403 560.9352
26168 1778.3304 589.4124
26185 1776.786 619.87146
26202 1768.9894 649.22534
26219 1756.3978 676.78064
26235 1741.3833 700.97906
26252 1722.97 724.9626
26269 1702.6344 747.32996
26286 1680.7982 768.2361
26302 1659.1395 786.69586
26319 1635.1549 805.121
26336 1610.326 822.4109
26352 1586.2983 837.71497
26369 1560.1625 853.007
26386 1533.4805 867.3543
26403 1506.3185 880.80304
26419 1480.3652 892.67554
26436 1452.4215 904.4885
26453 1424.1382 915.5049
26470 1395.5507 925.7508
26486 1368.3947 934.71045
26503 1339.3024 943.5228
26520 1309.9883 951.6237
26537 1280.4749 959.0283
26553 1252.534 965.37335
26570 1222.6914 971.4629
26587 1192.706 976.8905
26603 1164.3689 981.402
26620 1134.1527 985.5682
26637 1103.84 989.09406
26654 1073.445 991.98456
26670 1044.775 994.12805
26687 1014.2592 995.7951
26704 983.7005 996.8349
26721 953.1119 997.24817
26737 924.30676 997.06464
26754 893.6967 996.2602
26771 863.0946 994.82556
26787 834.31177 992.89685
26804 803.76306 990.2288
26821 773.262 986.918
26838 742.82324 982.95807
26854 714.2453 978.631
26871 683.9711 973.3875
26888 653.8063 967.46826
26905 623.76886 960.8613
26921 595.63226 954.00275
26938 565.8998 946.02057
26955 536.3578 937.3053
26972 507.03223 927.8372
26988 479.65527 918.2183
27005 450.83588 907.2222
27022 422.32962 895.39825
27038 395.82443 883.4842
27055 368.05447 869.9551
27072 340.74567 855.48676
27089 313.96823 840.02924
27105 289.3279 824.52527
27122 263.84558 806.9719
27139 239.21411 788.2266
27156 215.6082 768.19385
27172 194.53682 748.0621
27189 173.67317 725.18823
27206 154.83421 700.6393
27222 139.56403 675.8746
27239 126.92631 647.73883
27256 119.37056 617.9586
27273 118.259865 587.4181
27289 123.27796 559.22687
27306 133.9075 530.82635
27323 148.53679 504.326
27340 166.04501 479.66666
27356 184.48528 457.99673
27373 205.69058 436.4525
27390 228.22252 416.294
27407 251.83673 397.40244
27423 274.88846 380.69128
27440 300.12756 363.99374
27457 326.02948 348.31906
27473 350.93494 334.44873
27490 377.889 320.602
27507 405.29147 307.63116
27524 433.09198 295.4997
27541 461.2473 284.17596
27557 488.03714 274.23154
27574 516.7789 264.40048
27590 544.0655 255.82089
27607 573.283 247.40271
27624 602.7097 239.68738
27641 632.324 232.66072
27658 662.10614 226.31041
27674 690.2734 220.94186
27691 720.3303 215.87529
27708 750.5048 211.45781
27724 778.99805 207.88724
27741 809.35785 204.71211
27758 839.79236 202.17014
27775 870.28796 200.2581
27791 899.0337 199.03204
27808 929.6105 198.3376
27825 960.2101 198.26967
27841 989.0191 198.77876
27859 1021.4265 200.0176
27875 1050.2185 201.71349
27892 1080.782 204.13237
27908 1109.5094 206.99397
27925 1139.9779 210.66173
27942 1170.376 214.9828
27959 1200.6881 219.96567
27976 1230.8977 225.62007
27992 1259.2207 231.5654
28009 1289.1797 238.55705
28025 1317.2318 245.78525
28042 1346.8623 254.1692
28059 1376.2885 263.29684
28076 1405.4825 273.18927
28092 1432.7197 283.21994
28109 1461.3715 294.66858
28126 1489.6873 306.96262
28143 1517.6207 320.1375
28159 1543.5128 333.3785
28176 1570.5382 348.38538
28193 1596.9873 364.41248
28210 1622.7634 381.52347
28226 1646.2999 398.68518
28243 1670.391 418.12723
28260 1693.3363 438.91687
28277 1714.8553 461.1786
28293 1733.452 483.60397
28310 1750.9005 509.14023
28327 1765.1178 536.5476
28343 1774.4205 563.98865
28360 1778.5436 594.346
28377 1775.9183 624.70685
28394 1767.2433 653.79724
28410 1754.8949 679.4941
28427 1738.5674 704.9622
28444 1719.8082 728.6739
28460 1700.4614 749.53564
28477 1678.4897 770.3
28494 1655.3357 789.7468
28511 1631.2051 807.9832
28528 1606.2526 825.0976
28544 1582.1245 840.2466
28561 1555.8956 855.3828
28578 1529.1321 869.5823
28594 1503.512 882.1312
28611 1475.8844 894.6352
28628 1447.8834 906.3178
28645 1419.5487 917.2083
28662 1390.9152 927.33215
28678 1363.7201 936.18005
28695 1334.5905 944.87665
28711 1306.9746 952.41376
28728 1277.442 959.74786
28745 1247.7329 966.4003
28762 1217.8661 972.3825
28779 1187.8593 977.7043
28795 1159.5043 982.11725
28812 1129.2715 986.1798
28828 1100.7308 989.4192
28845 1070.3282 992.2449
28862 1039.8584 994.43933
28879 1009.3348 996.0051
28896 978.7704 996.94385
28912 949.9782 997.2551
28929 919.37146 996.9775
28946 888.76184 996.07153
28962 859.96173 994.64294
28979 829.3837 992.5099
28996 798.84174 989.73865
29013 768.3498 986.32367
29030 737.9224 982.2583
29046 709.35754 977.8309
29063 679.0998 972.4791
29080 648.9542 966.4498
29096 620.70074 960.1454
29113 590.8266 952.7646
29130 561.12317 944.66547
29147 531.61426 935.8302
29163 504.04242 926.8243
29180 474.98914 916.5002
29197 446.2176 905.3726
29213 419.4297 894.1394
29230 391.31842 881.36456
29247 363.6186 867.6871
29263 337.97772 853.95013
29280 311.25925 838.38824
29297 285.1678 821.7722
29314 259.8127 804.03253
29330 236.74617 786.236
29347 213.2573 766.06537
29364 191.05719 744.481
29381 170.48415 721.3475
29398 152.02844 696.5142
29414 137.24565 671.4644
29431 125.3234 643.0349
29448 118.73065 613.0519
29464 118.53223 584.3031
29481 124.66194 554.5251
29498 136.03043 526.42426
29515 151.18828 500.22946
29531 167.9685 477.23914
29548 187.8018 454.42383
29565 209.24107 433.11203
29581 230.5945 414.30298
29598 254.30852 395.53528
29615 278.90875 377.92728
29632 304.26144 361.399
29648 328.71585 346.76923
29665 355.2481 332.15533
29682 382.2782 318.4525
29699 409.74808 305.61932
29715 435.95963 294.30344
29732 464.14914 283.0608
29749 492.6526 272.59583
29765 519.7372 263.4356
29782 548.76117 254.41545
29799 578.014 246.11163
29816 607.4723 238.50824
29832 635.36646 231.97952
29849 665.16473 225.69783
29866 695.11084 220.08078
29883 725.18787 215.11935
29899 753.60095 211.04181
29916 783.8874 207.33234
29933 814.26013 204.25955
29950 844.7054 201.81934
29966 873.4138 200.09775
29983 903.96155 198.87772
30000 934.54285 198.28427
30016 963.3445 198.2981
30033 993.95447 198.92181
30050 1024.5602 200.17493
30066 1053.35 201.9319
30083 1083.9098 204.41614
