64 1611.6462 821.5316
88 1575.4402 844.22797
131 1507.753 880.1198
138 1496.4513 885.42426
155 1468.7236 897.7142
171 1442.295 908.53754
188 1413.8986 919.27423
205 1385.2095 929.2489
222 1356.2576 938.4832
238 1328.7926 946.51495
255 1299.4043 954.364
272 1269.8245 961.5217
288 1241.8276 967.6384
305 1211.9316 973.489
324 1178.3575 979.2489
340 1149.9688 983.4695
355 1123.2701 986.9086
372 1092.9263 990.2057
390 1060.7134 993.00586
406 1032.0201 994.90155
422 1003.28217 996.2409
439 972.7112 997.0555
456 942.115 997.24365
473 911.5062 996.80475
490 880.89795 995.73706
506 852.1022 994.1556
523 821.5321 991.85895
539 792.7962 989.1134
556 762.31586 985.5701
573 731.9031 981.375
590 701.57324 976.51984
606 673.11786 971.3388
623 642.99664 965.1739
640 613.00964 958.3166
657 583.17725 950.7528
673 555.26056 942.97406
690 525.7933 933.99066
707 496.55234 924.24677
723 469.26538 914.3603
740 440.55396 903.0702
757 412.17032 890.9409
774 384.1596 877.938
790 358.18454 864.8664
807 331.05786 850.04877
824 304.4914 834.22205
842 277.07602 816.29565
857 254.8882 800.3776
875 229.20609 780.0121
892 206.09427 759.40845
908 185.59933 738.69073
925 165.51572 715.13513
942 147.71014 689.84094
959 132.99942 662.68475
975 123.05822 635.45276
992 118.07268 605.2027
1009 119.807335 574.7582
1025 127.14611 547.1262
1043 140.46588 517.9479
1059 155.55788 493.79865
1075 172.8884 471.22473
1092 193.1722 448.8103
1109 214.96733 427.86148
1126 237.97728 408.24597
1143 261.98776 389.85403
1160 286.8385 372.59494
1176 310.8839 357.3181
1193 337.03613 342.0534
1210 363.7325 327.73206
1227 390.9073 314.30804
1243 416.87115 302.4579
1260 444.82495 290.6678
1277 473.1173 279.67346
1293 500.0231 270.02954
1310 528.8758 260.50888
1327 557.97473 251.71678
1344 587.2948 243.63574
1360 615.072 236.66597
1377 644.7588 229.92355
1394 674.60565 223.8528
1411 704.59485 218.44368
1427 732.9352 213.94945
1444 763.15424 209.80139
1461 793.4695 206.29349
1478 823.86664 203.42084
1494 852.5382 201.29408
1511 883.0554 199.64478
1528 913.6151 198.62265
1544 942.4044 198.23294
1561 973.0098 198.42719
1578 1003.6198 199.2494
1595 1034.2214 200.70181
1612 1064.8016 202.78772
1628 1093.5511 205.33348
1645 1124.0507 208.66248
1662 1154.4874 212.6409
1678 1183.0631 216.98547
1695 1213.3345 222.24788
1712 1243.496 228.18637
1729 1273.5295 234.81288
1745 1301.662 241.69025
1762 1331.3894 249.69286
1779 1360.9257 258.42908
1795 1388.5266 267.33926
1812 1417.6147 277.55847
1829 1446.4259 288.5775
1845 1473.2559 299.70486
1862 1501.4178 312.36267
1879 1529.1757 325.91766
1896 1556.4705 340.41315
1913 1583.2318 355.89935
1930 1609.3732 372.43488
1946 1633.3148 389.01776
1963 1657.9199 407.798
1979 1680.1395 426.65033
1996 1702.5281 448.03925
2013 1723.3418 470.9582
2030 1742.115 495.5566
2046 1757.3018 520.37103
2063 1769.8171 548.55865
2080 1777.2072 578.37604
2097 1778.1255 608.9183
2113 1772.9434 637.0765
2130 1762.1818 665.42505
2147 1747.458 691.87177
2164 1729.8807 716.4814
2180 1711.391 738.1089
2197 1690.1442 759.6121
2214 1667.5787 779.7334
2230 1645.3539 797.51465
2247 1620.863 815.272
2264 1595.6039 831.9398
2281 1569.6846 847.58655
2297 1544.7649 861.4319
2314 1517.7974 875.2534
2331 1490.383 888.2001
2348 1462.572 900.30835
2364 1436.073 910.9668
2381 1407.6094 921.53375
2398 1378.86 931.34375
2414 1351.5669 939.90405
2431 1322.3431 948.30225
2448 1292.9109 955.9979
2464 1265.0387 962.612
2482 1233.505 969.3368
2498 1205.334 974.68774
2515 1175.2736 979.7359
2531 1146.874 983.8942
2548 1116.6002 987.6888
2565 1086.238 990.846
2582 1055.8016 993.3702
2598 1027.1 995.1705
2615 996.5577 996.4739
2632 965.9801 997.1507
2649 935.38 997.2009
2665 906.5709 996.6752
2682 875.96387 995.5059
2699 845.37244 993.7048
2715 816.6066 991.42896
2732 786.08386 988.3892
2749 755.6171 984.7032
2766 725.2212 980.3635
2782 696.69196 975.6746
2799 666.479 970.0409
2816 636.3857 963.7248
2833 606.4309 956.7133
2850 576.6354 948.99194
2866 548.7582 941.0614
2883 519.33826 931.91254
2900 490.1511 921.99817
2916 462.92126 911.9462
2933 434.27844 900.47424
2950 405.97275 888.1558
2967 378.05087 874.95557
2983 352.1712 861.6895
3000 325.16083 846.65466
3017 298.72934 830.5979
3033 274.46814 814.49506
3050 249.4602 796.2618
3067 225.39836 776.7832
3084 202.48909 755.95386
3101 181.01523 733.6486
3117 162.47345 711.1784
3134 145.10265 685.5905
3150 131.71162 659.7973
3167 121.82884 630.64575
3184 117.89087 600.2686
3201 120.703186 569.9286
3218 129.52776 540.88586
3234 141.97833 515.2399
3251 158.38501 489.82355
3268 177.2031 466.159
3284 196.59306 445.33737
3301 218.6015 424.61185
3318 241.78558 405.20047
3334 264.49637 388.0359
3351 289.42566 370.8883
3368 315.06055 354.79105
3385 341.30548 339.6819
3401 366.49442 326.31683
3418 393.71494 312.98236
3435 421.35367 300.50198
3452 449.36462 288.84207
3468 476.03235 278.59143
3485 504.6573 268.44446
3502 533.5515 259.04257
3519 562.6877 250.36621
3535 590.30896 242.84772
3552 619.8468 235.53302
3569 649.56067 228.89963
3586 679.43164 222.93619
3602 707.67334 217.92674
3619 737.8003 213.23714
3636 768.0359 209.19267
3652 796.5788 205.97018
3669 826.9836 203.16235
3686 857.4551 200.98569
3703 887.98004 199.43759
3719 916.7465 198.55334
3736 947.33813 198.22186
3753 977.9451 198.51724
3770 1008.5546 199.44089
3786 1037.3544 200.88625
3803 1067.9315 203.03726
3820 1098.4723 205.8266
3837 1128.9626 209.25981
3853 1157.6002 213.08527
3870 1187.9506 217.78867
3887 1218.2053 223.15935
3903 1246.5779 228.83315
3920 1276.5972 235.53084
3937 1306.4669 242.93166
3954 1336.1652 251.05132
3970 1363.9386 259.3659
3987 1393.2338 268.9339
4004 1422.2797 279.28027
4021 1451.0427 290.4309
4037 1477.8215 301.68665
4054 1505.922 314.48642
4071 1533.6094 328.18994
4088 1560.8234 342.84158
4105 1587.491 358.49277
4121 1612.0112 374.19006
4138 1637.3438 391.96262
4154 1660.3849 409.7923
4171 1683.8411 430.00116
4188 1706.0005 451.62726
4204 1725.3677 473.39746
4221 1743.8976 498.17645
4238 1759.6031 524.78986
4255 1771.3962 553.2701
4272 1777.8168 583.28595
4288 1777.8337 612.03107
4305 1771.5352 641.7705
4322 1760.0414 669.81836
4338 1745.7742 694.47394
4355 1727.9513 718.9041
4372 1708.0671 741.67487
4389 1686.5878 762.9464
4405 1665.2036 781.7208
4422 1641.4624 800.4545
4439 1616.8394 818.03107
4457 1589.9536 835.4684
4472 1566.9966 849.1336
4489 1540.4495 863.7212
4505 1515.0096 876.6188
4522 1487.5525 889.478
4540 1458.0538 902.18427
4556 1431.5044 912.72266
4573 1402.9927 923.1661
4589 1375.9009 932.3065
4606 1346.8701 941.3062
4623 1317.6113 949.5901
4640 1288.1475 957.17395
4656 1260.2487 963.68463
4673 1230.4459 969.94745
4691 1198.73 975.8547
4707 1170.4155 980.4889
4723 1141.9995 984.5494
4740 1111.7104 988.2408
4758 1079.5463 991.4556
4774 1050.8884 993.71814
4790 1022.1785 995.42303
4807 991.6297 996.62537
4824 961.0476 997.2012
4840 932.2456 997.1707
4857 901.6356 996.52924
4874 871.0302 995.25836
4891 840.4425 993.355
4907 811.68225 990.9823
4924 781.16754 987.8388
4941 750.7112 984.0479
4957 722.11304 979.8819
4974 691.81335 974.81195
4991 661.61847 969.06903
5008 631.54614 962.64166
5024 603.37195 955.9555
5041 573.594 948.1605
5058 544.00024 939.6372
5074 516.3381 930.9328
5091 487.17645 920.9388
5109 456.5915 909.4928
5125 429.69077 898.5462
5142 401.4436 886.0882
5158 375.21524 873.55237
5175 347.7806 859.33215
5192 320.85782 844.1365
5211 291.47403 825.92944
5225 270.37906 811.6356
5242 245.51204 793.20795
5259 221.62044 773.5193
5275 200.2184 753.73975
5292 178.91168 731.2756
5309 159.49266 707.17584
5325 143.48973 682.86536
5342 129.77864 655.2122
5359 120.75532 625.8051
5376 117.88857 595.33545
5392 121.35455 566.8793
5409 130.71106 538.0129
5427 145.34256 509.4884
5443 161.2742 485.89404
5459 179.2413 463.8278
5476 200.05153 441.9019
5493 222.26608 421.3963
5510 245.61903 402.18634
5526 268.46338 385.19727
5543 293.51382 368.2237
5560 319.253 352.28964
5577 345.58865 337.33466
5593 370.85278 324.1076
5610 398.14417 310.91333
5627 425.84583 298.56738
5643 452.25253 287.69315
5660 480.6281 276.90417
5677 509.29846 266.87875
5693 536.52454 258.121
5710 565.6841 249.51796
5727 595.05865 241.62177
5744 624.6262 234.41776
5760 652.61273 228.25832
5777 682.4988 222.3629
5794 712.52277 217.12674
5811 742.6683 212.5416
5828 772.9199 208.60057
5844 801.4759 205.47466
5861 831.89233 202.76881
5878 862.37335 200.69365
5894 891.1085 199.31447
5911 921.67725 198.45755
5928 952.2722 198.22708
5944 981.07983 198.58293
5961 1011.6889 199.57103
5978 1042.2863 201.1901
5994 1071.061 203.29349
6011 1101.5973 206.14848
6028 1132.0815 209.648
6045 1162.4994 213.79887
6062 1192.8354 218.6092
6080 1224.8485 224.43178
6095 1251.4271 229.86606
6112 1281.4238 236.67615
6129 1311.2673 244.19176
6146 1340.9358 252.42891
6162 1368.6775 260.8569
6179 1397.9346 270.5488
6195 1425.2388 280.38477
6212 1453.9708 291.61932
6229 1482.3779 303.6909
6246 1510.4154 316.63364
6262 1536.4192 329.646
6279 1563.5808 344.3975
6296 1590.1877 360.15427
6314 1617.6536 378.0017
6332 1644.2583 397.13065
6346 1664.2434 412.9598
6363 1687.5092 433.3888
6380 1709.4307 455.2556
6396 1728.5127 477.27396
6413 1746.6442 502.34036
6430 1761.8036 529.2578
6447 1772.8356 558.0231
6463 1778.1133 586.4124
6480 1777.2338 616.91315
6497 1769.9918 646.41907
6513 1758.6315 672.58276
6530 1743.0653 698.53204
6550 1721.4398 726.771
6564 1704.702 745.20197
6580 1684.3118 765.0458
6597 1661.442 784.82324
6614 1637.5482 803.36444
6630 1614.2736 819.769
6647 1588.8308 836.16144
6664 1562.7527 851.549
6681 1536.1211 865.9868
6698 1509.0035 879.5219
6714 1483.0876 891.4723
6731 1455.1794 903.365
6749 1425.256 915.08655
6764 1400.0564 924.1926
6784 1366.1243 935.4269
6798 1342.1675 942.6898
6814 1314.603 950.3987
6831 1285.1195 957.9116
6848 1255.4542 964.7397
6864 1227.3854 970.5511
6881 1197.4211 976.08203
6899 1165.5544 981.22504
6915 1137.1224 985.18774
6932 1106.8185 988.77625
6948 1078.2206 991.57275
6965 1047.7668 993.9306
6982 1017.2559 995.6593
7001 983.1039 996.84894
7015 957.9144 997.22473
7032 927.31055 997.10974
7049 896.70044 996.36694
7065 867.8968 995.0925
7082 837.31165 993.12427
7099 806.759 990.519
7115 778.04565 987.48047
7132 747.5961 983.62286
7149 717.22144 979.10956
7166 686.9375 973.9318
7183 656.7611 968.07935
7199 628.4742 961.94434
7216 598.5594 954.74725
7233 568.8095 946.836
7249 540.98096 938.7225
7267 509.8997 928.80023
7283 482.49887 919.2539
7300 453.65082 908.33746
7316 426.7815 897.3102
7333 398.57214 884.76294
7350 370.76025 871.32355
7367 343.4033 856.94946
7384 316.5702 841.5915
7402 288.82343 824.1936
7417 266.31104 808.74585
7433 243.01738 791.25134
7450 219.2368 771.4277
7467 196.67458 750.2222
7484 175.63985 727.5045
7500 157.63264 704.60944
7517 141.02171 678.53467
7534 127.966896 650.5803
7551 119.84374 620.9351
7567 117.98018 592.2056
7584 122.505165 562.1098
7601 132.66545 533.5303
7618 146.95895 506.84283
7635 164.2226 482.0094
7651 182.48766 460.19077
7668 203.54628 438.5033
7684 224.60902 419.37143
7701 248.06664 400.288
7718 272.45126 382.38748
7735 297.61987 365.58606
7752 323.4609 349.8137
7768 348.3162 335.85632
7785 375.22318 321.92142
7801 400.96295 309.61063
7818 428.70398 297.3496
7836 458.46973 285.25226
7855 490.27875 273.43433
7869 513.9465 265.3323
7885 541.21045 256.68546
7902 570.4062 248.19746
7919 599.81335 240.41382
7935 627.66425 233.71857
7952 657.42126 227.26283
7969 687.3307 221.47433
7986 717.3753 216.34364
8002 745.7616 212.1085
8019 776.0233 208.2331
8036 806.37506 204.99562
8053 836.8028 202.39166
8070 867.29297 200.41792
8086 896.0348 199.13394
8103 926.60864 198.37802
8119 955.4063 198.23886
8136 986.0152 198.69969
8153 1016.6233 199.78932
8170 1047.2174 201.51044
8187 1077.7843 203.86673
8203 1106.5161 206.66896
8220 1136.9907 210.27301
8237 1167.3965 214.52963
8253 1195.9368 219.1394
8271 1227.9381 225.03516
8289 1259.8068 231.69514
8304 1286.2463 237.83978
8320 1314.314 245.00185
8337 1343.9633 253.31387
8354 1373.4105 262.36765
8370 1400.9169 271.58505
8387 1429.8916 282.1408
8404 1458.574 293.5082
8421 1486.9247 305.71777
8437 1513.2638 318.00977
8454 1540.8326 331.95868
8472 1569.4862 347.77658
8488 1594.4198 362.79282
8505 1620.2668 379.79434
8524 1648.2235 400.1621
8538 1668.0739 416.16153
8554 1689.8209 435.55984
8571 1711.5865 457.58145
8588 1731.6011 481.19516
8604 1748.3492 505.01016
8622 1763.8978 533.7747
8638 1773.6741 561.0623
8655 1778.4352 591.3427
8671 1776.7651 620.00006
8688 1768.9447 649.3471
8705 1756.3358 676.8942
8722 1740.289 702.54333
8742 1718.2548 730.46216
8755 1702.544 747.4223
8772 1680.702 768.3225
8789 1657.6539 787.8936
8805 1635.0504 805.1972
8822 1610.2183 822.4825
8839 1584.6669 838.7088
8856 1558.4944 853.9397
8872 1533.3655 867.41364
8889 1506.2014 880.8587
8906 1478.6128 893.445
8923 1450.6466 905.20685
8940 1422.343 916.1739
8956 1395.4279 925.7929
8973 1366.566 935.28784
8989 1339.1776 943.55896
9006 1309.8625 951.65686
9023 1280.3483 959.05853
9040 1250.6556 965.7773
9057 1220.8035 971.8248
9073 1192.5776 976.9123
9090 1162.4655 981.6839
9107 1132.2428 985.8095
9123 1103.7102 989.1078
9140 1073.315 991.9956
9157 1042.8511 994.25183
9174 1012.33215 995.8792
9190 983.5698 996.83795
9207 952.98114 997.2486
9224 922.37537 997.0325
9240 893.5659 996.2554
9257 862.96387 994.8181
9274 832.38306 992.7474
9291 801.8369 990.039
9307 773.13184 986.9025
9324 742.6933 982.9397
9341 712.3322 978.31995
9357 683.842 973.36365
9374 653.6776 967.44147
9391 623.64075 960.8316
9408 593.75104 953.52045
9425 564.02985 945.4925
9441 536.232 937.2665
9458 506.9074 927.7951
9475 477.82834 917.5484
9491 450.71335 907.17346
9508 422.20853 895.3459
9525 394.05975 882.6575
9542 366.31705 869.0704
9558 340.63004 855.42285
9575 313.85504 839.961
9592 287.69763 823.45135
9609 262.26465 805.8253
9625 239.11092 788.1438
9642 215.50983 768.10535
9659 193.17018 746.66534
9676 172.41881 723.69037
9692 154.75893 700.5306
9709 138.64519 674.15454
9725 126.88209 647.6147
9742 119.35138 617.82886
9760 118.41936 585.4979
9776 123.802925 557.3816
9793 134.72635 529.09766
9809 148.60612 504.2168
9826 166.12483 479.565
9843 185.77815 456.59378
9860 207.07605 435.14096
9876 228.32127 416.21066
9893 251.9397 397.32428
9940 321.52603 350.94794
9960 352.62134 333.5484
9977 379.60535 319.7581
9995 408.66055 306.10785
10013 438.15576 293.39404
10030 466.37112 282.21326
10043 488.15936 274.18793
10060 516.9023 264.36005
10077 545.9024 255.26866
10094 575.13385 246.89528
10110 602.8359 239.6559
10127 632.4509 232.63216
10144 662.2337 226.2847
10161 692.1661 220.60286
10177 720.45905 215.85503
10194 750.63403 211.44032
10211 780.9112 207.6681
10228 811.2761 204.53305
10244 839.92255 202.16063
10261 870.4184 200.25127
10278 900.9621 198.96971
10294 929.7412 198.33597
10311 960.3409 198.27072
10328 990.95056 198.8328
10345 1021.55725 200.02403
10361 1050.3491 201.72247
10378 1080.9126 204.14407
10395 1111.4336 207.20622
10412 1141.8982 210.91498
10429 1172.2913 215.27756
10445 1200.8174 219.98839
10462 1231.0265 225.64569
10478 1259.3491 231.5938
10495 1289.3074 238.58844
10512 1319.1069 246.29263
10529 1348.7253 254.72295
10545 1376.4137 263.33746
10562 1405.6068 273.23325
10579 1434.5367 283.91794
10595 1461.4933 294.7193
10612 1489.8075 307.01703
10629 1517.7391 320.19577
10646 1545.2335 334.29633
10664 1573.7955 350.28363
10682 1601.6992 367.4229
10696 1622.872 381.59903
10713 1647.8497 399.87418
10729 1670.4917 418.21313
10746 1693.4315 439.0088
10763 1714.9438 461.2771
10780 1734.6302 485.16174
10796 1750.9689 509.25336
10813 1765.17 536.66876
10830 1774.8702 565.87695
10847 1778.5781 596.27716
10864 1775.5353 626.5899
10880 1767.1953 653.9177
10897 1753.9518 681.156
10913 1738.4918 705.06714
10930 1719.7238 728.77167
10947 1699.1149 750.8871
10964 1677.0613 771.56476
10981 1653.8402 790.9323
10997 1631.1001 808.0587
11014 1606.1444 825.16846
11030 1582.0137 840.3133
11047 1555.7823 855.4455
11065 1527.427 870.4479
11081 1501.7806 882.94507
11098 1474.1282 895.3963
11114 1447.763 906.366
11131 1419.427 917.2532
11148 1390.7921 927.37384
11164 1363.5962 936.2188
11181 1334.4655 944.9123
11198 1305.1168 952.8969
11214 1277.3154 959.7777
11231 1247.6056 966.4273
11248 1217.7382 972.4066
11265 1187.7307 977.7256
11282 1157.5997 982.3926
11298 1129.1421 986.1958
11315 1098.8148 989.6162
11332 1068.4075 992.402
11349 1037.9338 994.55664
11365 1009.2042 996.01044
11382 978.6397 996.94653
11399 948.04736 997.25616
11415 919.24066 996.9749
11432 888.63104 996.06635
11449 858.03156 994.52716
11465 829.2531 992.4994
11482 798.7113 989.7254
11499 768.2196 986.3077
11516 737.79254 982.2395
11533 707.4454 977.513
11550 677.1942 972.11884
11566 648.8256 966.4226
11583 618.81116 959.7006
11599 590.6993 952.7315
11616 560.99664 944.6293
11633 531.4886 935.79083
11650 502.20157 926.19604
11666 474.86557 916.45435
11683 446.09528 905.3233
11703 412.6605 891.15906
11717 389.55792 880.5286
11733 363.50116 867.6266
11750 336.2751 852.9982
11767 309.5934 837.37164
11783 285.0578 821.69885
11800 259.70612 803.95416
11817 235.23099 785.0028
11834 211.81546 764.7466
11850 190.96552 744.38556
11867 170.40034 721.24506
11884 151.95505 696.4042
11901 136.36522 669.7251
11917 125.28277 642.9096
11934 118.71605 612.9216
11951 118.734924 582.388
11967 124.700516 554.40106
11984 136.08804 526.3083
12001 151.25952 500.12152
12018 169.16444 475.75214
12034 187.89029 454.32965
12051 209.33565 433.024
12068 232.06151 413.08276
12085 255.8361 394.3909
12101 279.01556 377.8544
12118 304.37125 361.33057
12135 330.37396 345.8193
12151 355.3626 332.09485
12168 382.3947 318.39584
12185 409.86633 305.56628
12202 437.72836 293.57056
12218 464.27032 283.01443
12235 492.77502 272.55273
12252 521.5613 262.84497
12269 550.6004 253.87051
12285 578.1394 246.07765
12302 607.5986 238.47723
12319 637.24194 231.56332
12335 665.2924 225.67241
12352 695.23914 220.05818
12369 725.31665 215.09955
12386 755.5091 210.78883
12403 785.8014 207.11969
12419 814.39014 204.24779
12436 844.83563 201.81026
12453 875.3401 200.00224
12469 904.09216 198.87384
12486 934.6736 198.28308
12503 965.27576 198.3189
12520 995.88586 198.98225
12536 1024.6909 200.18164
12553 1055.2792 202.06981
12570 1085.8367 204.59433
12587 1116.3496 207.7603
12603 1145.0142 211.33156
12620 1175.3992 215.76155
12637 1205.6954 220.85483
12653 1234.1136 226.26338
12670 1264.1891 232.6742
12687 1294.1233 239.7822
12704 1323.8953 247.6023
12721 1353.4822 256.15137
12737 1381.137 264.88065
12754 1410.2898 274.90192
12770 1437.4832 285.0577
12787 1466.0823 296.644
12804 1494.3381 309.08127
12821 1522.2032 322.40573
12838 1549.6212 336.65915
12854 1574.9579 350.9659
12871 1601.3027 367.1677
12888 1626.9565 384.465
12904 1650.3569 401.8145
12921 1674.274 421.47186
12938 1697.0051 442.496
12955 1718.2539 465.01477
12971 1736.5222 487.705
12988 1753.5052 513.54553
13005 1767.0773 541.2641
13022 1775.9092 570.7243
13038 1778.5757 599.41046
13055 1774.8625 629.6341
13072 1765.3286 658.4393
13088 1752.3937 683.8372
13105 1735.6117 709.0034
13122 1716.5132 732.44055
13139 1695.6484 754.3145
13155 1674.733 773.6064
13172 1651.4048 792.84607
13189 1627.1285 810.89105
13205 1603.5474 826.86035
13222 1577.8235 842.8185
13239 1551.5012 857.7963
13256 1524.6556 871.8453
13273 1497.3491 885.00934
13289 1471.2748 896.62463
13306 1443.216 908.1742
13323 1414.8295 918.93616
13339 1387.8441 928.36786
13356 1358.9152 937.66907
13373 1329.7477 946.2472
13390 1300.3661 954.11896
13406 1272.5367 960.8956
13423 1242.8002 967.4364
13440 1212.909 973.30865
13457 1182.8806 978.522
13473 1154.5077 982.834
13490 1124.2584 986.7904
13507 1093.9172 990.10815
13523 1065.2896 992.6516
13540 1034.8099 994.7418
13557 1004.2787 996.20374
13573 975.5079 997.007
13590 944.9134 997.2525
13607 914.3053 996.871
13624 883.6964 995.8609
13641 853.0998 994.2197
13657 824.32605 992.09546
13674 793.7914 989.2181
13691 763.3091 985.6959
13708 732.89386 981.5222
13724 704.3427 976.99146
13741 674.10236 971.5284
13758 643.97705 965.3858
13774 615.7456 958.9728
13791 585.89813 951.47424
13808 556.2252 943.2545
13824 528.47876 934.8434
13841 499.21597 925.1699
13858 470.2069 914.7147
13875 441.4855 903.4515
13891 414.75098 892.08575
13908 386.7041 879.1643
13925 359.07785 865.3334
13942 331.93427 850.54767
13959 305.34818 834.7548
13975 280.91727 818.9159
13992 255.69652 800.9826
14009 231.37848 781.82794
14025 209.48642 762.5941
14042 187.529 740.76324
14059 167.26735 717.35895
14075 150.21204 693.7584
14092 134.96967 666.8861
14109 123.822266 638.1626
14126 118.25527 607.99896
14142 119.11977 579.2876
14159 126.22416 549.74567
14176 138.311 521.95764
14192 152.98158 497.545
14209 171.12253 473.35272
14226 191.24933 450.79684
14243 212.92012 429.71985
14260 235.82889 409.98727
14276 258.32278 392.54333
14293 283.05588 375.11914
14310 308.52234 358.7628
14327 334.62106 343.40927
14343 359.689 329.8257
14360 386.79562 316.26953
14377 414.3333 303.5767
14393 440.60196 292.38794
14410 468.84583 281.2758
14427 497.398 270.93713
14444 526.22687 261.34894
14461 555.3043 252.49095
14477 582.87585 244.80527
14494 612.3661 237.31642
14510 640.28723 230.89355
14527 670.1112 224.72255
14544 700.08014 219.21458
14561 730.17725 214.3609
14578 760.3868 210.15402
14594 788.9086 206.77994
14611 819.2943 203.8121
14628 849.75024 201.47624
14644 878.46674 199.85252
14661 909.0209 198.73624
14678 939.60657 198.24648
14695 970.2109 198.38338
14711 999.02045 199.08568
14728 1029.6241 200.44322
14744 1058.4102 202.29901
14761 1088.9637 204.88896
14778 1119.4713 208.12096
14795 1149.9185 212.00133
14812 1180.2903 216.53764
14828 1208.7924 221.41425
14845 1238.9716 227.25041
14862 1269.0255 233.7727
14879 1298.9349 240.99448
14895 1326.9341 248.44397
14912 1356.5006 257.06876
14929 1385.8541 266.44382
14945 1413.2606 275.97247
14962 1442.1157 286.8696
14979 1470.6624 298.59085
14996 1498.8586 311.16855
15012 1525.0326 323.8219
15029 1552.4012 338.17307
15046 1579.2478 353.5069
15063 1605.4886 369.8806
15079 1629.5399 386.30112
15096 1654.2836 404.89618
15113 1678.0259 424.76608
15130 1700.5406 446.022
15146 1720.331 467.41086
15163 1739.4484 491.74713
15180 1755.9539 517.8869
15196 1768.2255 544.2071
15213 1776.4847 573.81824
15230 1778.4254 604.3377
15247 1773.6796 634.39484
15263 1764.0848 661.2854
15280 1749.8749 688.0185
15297 1732.6719 712.89465
15313 1714.4503 734.7498
15330 1693.428 756.4724
15347 1671.0432 776.7932
15364 1647.5504 795.8338
15381 1623.1362 813.69464
15397 1599.444 829.50195
15414 1573.6179 845.2982
15431 1547.2065 860.123
15447 1521.8795 873.23334
15464 1494.5289 886.309
15481 1466.7745 898.54114
15498 1438.6604 909.9619
15514 1411.9054 919.9948
15531 1383.197 929.9172
15548 1354.2279 939.1005
15564 1326.7483 947.0855
15581 1297.346 954.8858
15598 1267.7535 961.99585
15615 1237.9908 968.4281
15632 1208.0764 974.1935
15648 1179.7983 979.019
15665 1149.6375 983.5153
15682 1119.3723 987.36835
15698 1090.8055 990.4121
15715 1060.3794 993.0312
15732 1029.8905 995.01996
15749 999.3522 996.38074
15765 970.5766 997.089
15782 939.97906 997.2334
15799 909.36993 996.7507
15815 880.5623 995.72186
15832 849.9677 994.0159
15849 819.39996 991.67487
15865 790.6671 988.8871
15882 760.191 985.2986
15899 729.7835 981.0577
15916 699.46 976.1561
15932 671.0117 970.9307
15949 640.89923 964.7179
15966 610.9224 957.8118
15983 581.10156 950.1982
16000 551.459 941.8606
16016 523.7449 933.3356
16033 494.52084 923.5377
16050 465.55576 912.95416
16066 438.56195 902.2513
16083 410.2028 890.06226
16100 382.21997 876.99695
16117 354.66705 863.01526
16133 329.18466 848.97766
16150 302.6605 833.0783
16167 276.79636 816.1034
16184 251.7103 797.9793
16200 228.94618 779.7936
16217 205.8479 759.1747
16234 184.13625 737.10004
16250 165.3069 714.86743
16267 147.53023 689.5534
16284 132.85934 662.37646
16301 122.507355 633.3764
16318 117.97198 603.06726
16334 119.863144 574.42865
16351 127.87696 545.1373
16368 140.62617 517.6569
16384 155.74815 493.5268
16401 174.24698 469.6097
16418 194.64824 447.3024
16435 216.53662 426.45065
16451 238.23549 408.0378
16468 262.25598 389.65878
16485 287.11517 372.41165
16501 311.16748 357.1454
16518 337.32608 341.89133
16535 364.02805 327.58008
16552 391.20776 314.16565
16568 417.17575 302.3242
16585 445.13342 290.54297
16602 473.42932 279.55722
16619 502.02817 269.34103
16635 529.19366 260.40857
16652 558.2951 251.62433
16669 587.6175 243.55101
16685 615.3966 236.58835
16702 645.08527 229.85335
16719 674.9338 223.7899
16736 704.92444 218.388
16752 733.266 213.90047
16769 763.4862 209.75946
16786 793.8024 206.25854
16802 822.4102 203.5439
16819 852.87256 201.27258
16836 883.3903 199.63016
16853 913.95044 198.61491
16870 944.54 198.22615
16886 973.3455 198.4328
16903 1003.9555 199.2619
16920 1034.557 200.72125
16936 1063.3389 202.6734
16953 1093.886 205.3665
16970 1124.3848 208.70256
16987 1154.8208 212.68816
17003 1183.3956 217.03957
17020 1213.6659 222.30933
17037 1243.826 228.2553
17053 1272.0955 234.47989
17071 1303.7423 242.22531
17087 1331.7144 249.78465
17104 1361.2484 258.52902
17120 1388.8469 267.44708
17137 1417.9323 277.67493
17154 1446.7401 288.7029
17171 1475.2333 300.55994
17187 1501.7245 312.50638
17204 1529.4775 326.07144
17221 1556.767 340.5775
17238 1583.522 356.0749
17254 1608.1378 371.61865
17271 1633.5895 389.21707
17288 1658.1844 408.01093
17305 1681.7458 428.09628
17321 1702.7656 448.282
17338 1723.5598 471.21857
17355 1742.3073 495.83624
17371 1757.4614 520.67004
17388 1769.9288 548.87775
17405 1777.254 578.7094
17422 1778.0975 609.252
17439 1772.3508 639.1138
17455 1762.0393 665.72546
17472 1747.279 692.15137
17488 1730.7749 715.3432
17505 1711.1663 738.35266
17522 1689.9033 759.8401
17539 1667.3248 779.94684
17555 1645.09 797.7156
17572 1620.59 815.4606
17589 1595.323 832.1168
17606 1569.3971 847.7527
17622 1544.4718 861.5884
17639 1517.499 875.4
17656 1490.0801 888.33734
17673 1462.2649 900.43665
17689 1435.7626 911.08685
17706 1407.2957 921.64545
17723 1378.5432 931.44727
17740 1349.5345 940.5133
17756 1322.0215 948.3904
17773 1292.587 956.0785
17790 1262.9658 963.0784
17806 1234.9341 969.049
17823 1205.0051 974.74664
17840 1174.9432 979.78766
17857 1144.7644 984.1799
17873 1116.2677 987.72687
17890 1085.9047 990.87714
17907 1055.4675 993.39435
17923 1026.7653 995.1882
17940 996.22253 996.48474
17957 965.64465 997.1546
17974 935.0444 997.198
17991 904.43463 996.614
18007 875.6283 995.4896
18024 845.0371 993.6815
18041 814.4749 991.2377
18058 783.9556 988.1531
18074 755.2833 984.6591
18091 724.8883 980.3123
18107 696.36005 975.61646
18124 666.1483 969.9754
18141 636.0564 963.6517
18158 606.1033 956.6325
18174 578.0574 949.37787
18191 548.4344 940.96515
18208 519.01685 931.808
18225 489.83243 921.88513
18241 462.60547 911.8249
18258 433.96613 900.3438
18275 405.66437 888.0159
18292 377.747 874.8057
18308 351.87213 861.52997
18325 324.86765 846.4842
18342 298.44302 830.41595
18359 272.6956 813.26105
18375 249.19087 796.0551
18392 225.14044 776.5623
18409 202.24521 755.7175
18425 182.00484 734.7518
18442 162.26872 710.9076
18459 144.92828 685.2996
18476 130.86044 657.8184
18492 121.75081 630.31757
18509 117.88502 599.933
18526 120.76992 569.6013
18543 129.65225 540.5773
18559 142.14235 514.9512
18576 158.57959 489.55484
18593 177.42046 465.90854
18609 196.82712 445.10254
18626 218.84981 424.39206
18643 242.04553 404.99448
18660 266.21094 386.80362
18676 289.70316 370.7062
18693 315.34518 354.6201
18710 341.59637 339.52145
18727 368.3795 325.35773
18743 394.01584 312.84094
18760 421.6589 300.36972
18777 449.6737 288.71866
18793 476.3447 278.47604
18810 504.97275 268.33737
18827 533.86975 258.9435
18844 563.0084 250.27502
18861 592.36426 242.31483
18877 620.17175 235.45659
18894 649.88745 228.83061
18911 679.76 222.87447
18927 708.00305 217.8718
18944 738.1313 213.1893
18961 768.368 209.15187
18977 796.91187 205.93596
18994 827.3174 203.13507
19011 857.78955 200.96532
19028 888.315 199.4241
19044 917.0819 198.54631
19061 947.6737 198.22171
19078 978.2808 198.52397
19095 1008.8903 199.45451
19112 1039.4893 201.01575
19128 1068.2666 203.06438
19145 1098.8069 205.86073
19162 1129.2966 209.30106
19178 1157.9336 213.13326
19195 1188.2828 217.84393
19212 1218.5365 223.22198
19229 1248.6774 229.27805
19245 1276.9257 235.60815
19262 1306.7936 243.01677
19279 1336.4897 251.14441
19296 1365.9906 260.00888
19312 1393.5537 269.04312
19329 1422.5967 279.39816
19345 1449.6732 289.8785
19362 1478.1318 301.82224
19379 1506.2279 314.6317
19396 1533.9105 328.3454
19413 1561.1189 343.0077
19429 1586.2285 357.72012
19446 1612.2933 374.37872
19463 1637.617 392.16406
19480 1662.0585 411.1592
19496 1684.0917 430.2304
19513 1706.2352 451.87277
19530 1726.7357 475.06998
19546 1744.0867 498.45816
19563 1759.756 525.09216
19580 1771.4987 553.5921
19597 1777.8519 583.6205
19614 1777.595 614.14734
19630 1771.4343 642.0882
19647 1759.8922 670.11536
19663 1745.5922 694.75146
19680 1727.7434 719.1625
19697 1707.8395 741.916
19714 1686.3446 763.1719
19730 1664.9486 781.93286
19747 1641.1969 800.65344
19764 1616.565 818.2177
19781 1591.185 834.70514
19797 1566.7084 849.2987
19814 1540.1554 863.87604
19831 1513.107 877.54407
19848 1485.6211 890.34393
19865 1457.7462 902.3111
19881 1431.1934 912.8414
19898 1402.6783 923.27637
19914 1375.5839 932.4092
19931 1346.5505 941.40094
19948 1317.2892 949.67706
19965 1287.8234 957.2533
19982 1258.1738 964.1435
19998 1230.1183 970.0124
20015 1200.1667 975.6036
20031 1171.8578 980.26715
20048 1141.6678 984.5933
20065 1111.3778 988.2777
20082 1081.002 991.3257
20099 1050.5542 993.7412
20115 1021.84375 995.4396
20132 991.2945 996.6351
20149 960.7121 997.204
20165 931.9099 997.16705
20182 901.2999 996.51874
20199 870.69464 995.2409
20216 840.10724 993.3306
20232 811.34735 990.9513
20249 780.8332 987.8008
20266 750.37756 984.0027
20282 721.7803 979.82996
20299 691.4816 974.7526
20316 661.28796 969.00226
20333 631.2171 962.5674
20350 601.28827 955.43475
20366 573.26843 948.07104
20383 543.6768 939.5396
20400 514.2949 930.2605
20416 486.8581 920.8248
20433 457.96683 910.0297
20450 429.37903 898.4143
20467 401.1359 885.9467
20483 374.91187 873.40155
20500 347.48245 859.1709
20517 320.5657 843.9642
20533 295.77335 828.71027
20551 268.61557 810.3885
20567 245.2444 792.9991
20584 221.3646 773.29596
20600 199.97614 753.5018
20617 178.68758 731.0204
20634 159.29222 706.9019
20651 142.4105 680.9968
20668 128.97916 653.21295
20684 120.68812 625.4748
20701 117.89493 595.0001
20718 121.834114 564.80994
20734 130.8405 537.7064
20751 144.59804 510.73148
20768 161.4729 485.62842
20785 180.64099 462.2485
20801 200.2881 441.6696
20818 222.51642 421.17883
20834 244.47859 403.07776
20851 268.73398 385.00525
20868 293.79254 368.04343
20885 319.5387 352.12045
20902 345.88046 337.17587
20918 371.1497 323.9582
20935 398.4458 310.7734
20952 426.1517 298.43655
20969 454.2226 286.91492
20985 480.94098 276.79013
21002 509.61438 266.77295
21019 538.5521 257.4973
21035 566.00507 249.42755
21052 595.3819 241.53903
21069 624.9515 234.34254
21085 652.9397 228.19005
21103 684.5899 221.97618
21119 712.8527 217.07294
21136 742.99945 212.49489
21152 771.47 208.77458
21169 801.8091 205.44156
21187 834.01764 202.60355
21203 862.70795 200.67438
21220 893.2408 199.23433
21236 922.01263 198.45161
21253 952.6078 198.22803
21269 981.4155 198.59035
21286 1012.02454 199.58536
21303 1042.6216 201.21136
21320 1073.1935 203.47194
21337 1103.7266 206.37172
21353 1132.4155 209.68997
21370 1162.8326 213.84804
21387 1193.1676 218.66565
21403 1221.6287 223.8108
21420 1251.7568 229.93697
21437 1281.752 236.75471
21454 1311.5936 244.27814
21470 1339.5203 252.018
21487 1368.9996 260.95905
21504 1398.254 270.65936
21521 1427.2537 281.1423
21537 1454.2842 291.7471
21554 1482.6875 303.82803
21571 1510.7207 316.78055
21588 1538.3312 330.644
21604 1563.8757 344.56473
21621 1590.4762 360.33286
21638 1616.4296 377.1681
21654 1640.1632 394.05215
21671 1664.5049 413.17648
21688 1687.7573 433.62054
21705 1709.6624 455.5039
21721 1728.7245 477.53925
21738 1746.8282 502.6253
21754 1761.1613 527.9265
21771 1772.4233 556.6081
21788 1778.1409 586.7475
21805 1777.1868 617.24426
21822 1769.8822 646.7335
21839 1757.6489 674.45514
21855 1742.8787 698.8064
21872 1724.6588 722.9387
21889 1704.4717 745.4405
21905 1684.0673 765.2698
21922 1661.1852 785.0331
21939 1637.2811 803.5613
21956 1612.5205 820.94696
21972 1588.5481 836.3355
21989 1562.4635 851.7124
22006 1535.8263 866.1401
22022 1510.3115 878.8941
22039 1482.7836 891.6072
22056 1454.8713 903.4909
22073 1426.6162 914.5756
22089 1399.7418 924.3021
22106 1370.9193 933.908
22123 1341.8474 942.78326
22140 1312.5516 950.9455
22156 1284.795 957.9902
22173 1255.1279 964.81085
22190 1225.2987 970.95856
22207 1195.325 976.44354
22223 1166.9977 981.0083
22240 1136.7906 985.2306
22257 1106.4857 988.8121
22273 1077.887 991.60205
22290 1047.4325 993.953
22307 1016.9211 995.67474
22324 986.3656 996.76917
22340 957.5789 997.22687
22357 926.9749 997.105
22374 896.36475 996.35535
22391 865.7615 994.97577
22407 836.9764 993.0991
22424 806.4242 990.4869
22441 775.91846 987.23236
22457 747.2626 983.5769
22474 716.8888 979.0564
22491 686.60596 973.8713
22508 656.43085 968.01135
22525 626.38153 961.4649
22541 598.2322 954.66437
22558 568.48425 946.74524
22574 540.6578 938.6241
22591 511.29892 929.2672
22608 482.18097 919.1386
22625 453.3361 908.2132
22642 424.8009 896.46265
22658 398.2649 884.6205
22675 370.45764 871.1711
22692 343.10605 856.7865
22708 317.84125 842.3497
22725 291.5848 826.0016
22742 266.03513 808.54816
22759 241.32323 789.9103
22775 218.9823 771.2029
22792 196.43495 749.9815
22809 175.41913 727.24646
22825 157.43504 704.3335
22843 139.98149 676.6448
22859 127.848236 650.2636
22876 119.787766 620.6029
22892 117.99426 591.87067
22909 122.58885 561.78687
22926 132.80232 533.2272
22943 147.13388 506.5607
22960 164.42523 481.7468
22976 182.7101 459.94482
22993 203.78526 438.27344
23010 226.21242 417.9992
23026 248.32932 400.08545
23043 272.72324 382.19742
23060 297.89978 365.40762
23077 323.74768 349.6462
23093 348.60858 335.69858
23110 375.52087 321.77356
23127 402.88638 308.7279
23143 429.01028 297.21973
23160 457.11627 285.77985
23177 485.54492 275.12405
23194 514.2629 265.22784
23210 541.52936 256.5885
23227 570.7276 248.1083
23244 600.1369 240.3323
23261 629.73566 233.24614
23277 657.7485 227.19576
23294 687.6595 221.41452
23311 717.70544 216.291
23327 746.0929 212.06253
23344 776.3557 208.19414
23361 806.7083 204.96364
23378 837.13684 202.36661
23394 865.8326 200.49806
23411 896.36993 199.12225
23428 926.9441 198.37321
23444 955.74194 198.24051
23461 986.3509 198.70822
23478 1016.95886 199.80476
23495 1047.5529 201.53282
23512 1078.1194 203.89612
23528 1106.8507 206.70497
23545 1137.3246 210.31613
23562 1167.7295 214.57996
23578 1196.2688 219.1966
23595 1226.4944 224.7523
23612 1256.6025 230.98909
23629 1286.5742 237.9196
23645 1314.6401 245.08905
23662 1344.2874 253.4091
23679 1373.7323 262.4711
23695 1401.2361 271.6965
23712 1430.2078 282.26102
23729 1458.8867 293.63748
23746 1487.2336 305.85648
23762 1513.5686 318.15768
23779 1541.1324 332.11688
23796 1568.2042 347.03754
23813 1594.707 362.9733
23830 1620.5463 379.987
23846 1644.153 397.05072
23863 1668.3333 416.38055
23880 1691.3882 437.0481
23896 1711.8164 457.83148
23913 1731.8091 481.4635
23930 1749.4932 506.84085
23947 1764.0363 534.08374
23963 1773.7603 561.3887
23980 1778.4506 591.6783
23997 1776.4076 622.09674
24013 1768.8296 649.65955
24030 1756.1764 677.18567
24047 1740.0978 702.8145
24064 1721.5236 726.6726
24080 1702.312 747.6592
24097 1680.4554 768.5441
24114 1657.3954 788.1013
24131 1633.3431 806.4394
24147 1609.9418 822.666
24164 1584.383 838.8811
24181 1558.2042 854.10144
24198 1531.4845 868.3807
24214 1505.9011 881.0013
24231 1478.3081 893.5784
24248 1450.338 905.3314
24264 1423.7047 915.66675
24281 1395.1128 925.90106
24298 1366.2482 935.3879
24315 1337.1387 944.14703
24331 1309.5399 951.74176
24348 1280.0236 959.13586
24365 1250.3291 965.8472
24381 1222.2355 971.55054
24398 1192.248 976.96814
24415 1162.1345 981.73267
24432 1131.9108 985.8512
24448 1103.3773 989.1429
24465 1072.9812 992.02374
24482 1042.5167 994.2731
24498 1013.79376 995.8156
24515 983.2345 996.8459
24532 952.64557 997.24963
24549 922.0397 997.0266
24565 893.2302 996.24304
24582 862.62836 994.7988
24599 832.04785 992.7211
24615 803.2978 990.1832
24632 772.79767 986.8626
24649 742.3599 982.89264
24666 711.9997 978.26556
24683 681.7331 972.9724
24699 653.34753 967.37274
24716 623.31213 960.75525
24733 593.42413 953.4363
24750 563.70496 945.40045
24766 535.9092 937.1667
24783 506.58713 927.68695
24800 477.51093 917.43164
24816 450.399 907.04834
24833 421.8978 895.2115
24850 393.75323 882.5134
24867 366.0153 868.91626
24884 338.74326 854.37646
24900 313.56467 839.7857
24917 287.41458 823.2642
24934 261.99023 805.62555
24950 238.84616 787.9312
24967 215.2575 767.87805
24984 192.93329 746.422
25001 172.20163 723.4294
25017 154.56596 700.2514
25034 138.48698 673.85486
25051 126.17321 645.5834
25068 119.05518 615.707
25084 118.29594 586.95404
25101 123.89637 557.0616
25118 134.87025 528.798
25134 148.7843 503.93674
25151 166.32986 479.30426
25168 186.00352 456.3506
25184 206.02473 436.13522
25201 228.5748 415.99686
25218 252.20398 397.1238
25235 276.7328 379.4181
25251 300.51758 363.74734
25268 326.4289 348.08777
25285 352.91464 333.39227
25302 379.9038 319.6118
25318 405.71228 307.44006
25335 433.5185 295.32114
25352 461.67896 284.0095
25369 490.1564 273.4777
25385 517.21893 264.2564
25402 546.2218 255.17297
25419 575.45557 246.80736
25435 603.15967 239.57515
25452 632.7767 232.5589
25469 662.5612 226.2188
25486 692.4951 220.5442
25502 720.78937 215.80312
25519 750.9655 211.39548
25536 781.2438 207.63028
25553 811.60956 204.50218
25569 840.25665 202.13628
25586 870.7531 200.23381
25603 901.29724 198.95912
25620 931.87616 198.31108
25636 960.6766 198.27348
25653 991.28625 198.84244
25670 1021.8928 200.04059
25686 1050.6846 201.74556
25703 1081.2476 204.17416
25720 1111.7681 207.24338
25737 1142.2319 210.95926
25753 1170.8386 215.05376
25770 1201.1493 220.04677
25787 1231.3572 225.7115
25803 1259.6785 231.6667
25820 1289.6351 238.66905
25837 1319.4329 246.38112
25854 1349.0491 254.81949
25871 1378.459 264.00302
25887 1405.9255 273.34607
25904 1434.8524 284.03958
25921 1463.4807 295.5497
25937 1490.116 307.15668
25954 1518.0432 320.3453
25971 1545.5323 334.45624
25988 1572.5181 349.5367
26004 1597.3855 364.66495
26021 1623.1504 381.793
26038 1648.1187 400.08133
26054 1670.7499 418.43365
26071 1693.6758 439.24475
26088 1715.1704 461.53
26105 1734.8341 485.4332
26122 1752.0773 511.1052
26138 1765.3035 536.97986
26155 1774.9459 566.2056
26172 1778.5814 596.61273
26188 1775.8281 625.1622
26205 1767.072 654.22687
26222 1753.7865 681.44403
26239 1737.2527 706.77655
26255 1719.5068 729.0225
26272 1698.8802 751.1214
26289 1676.8125 771.784
26305 1654.9749 790.0336
26322 1630.8307 808.25226
26339 1605.8666 825.35016
26356 1580.2019 841.4008
26372 1555.4916 855.60614
26389 1528.7205 869.7917
26406 1501.4796 883.0862
26423 1473.8229 895.52826
26439 1447.454 906.4897
26456 1419.1145 917.3683
26473 1390.4766 927.48065
26490 1361.5707 936.8489
26506 1334.1448 945.00366
26523 1304.7938 952.9806
26540 1275.2474 960.2638
26556 1247.2788 966.49646
26573 1217.4098 972.4685
26590 1187.4009 977.78033
26607 1157.2687 982.4402
26623 1128.81 986.23676
26640 1098.4817 989.6502
26657 1068.0736 992.429
26673 1039.3936 994.4679
26690 1008.86926 996.0241
26707 978.3043 996.9533
26724 947.71173 997.2561
26741 917.1044 996.93195
26757 888.2954 996.05286
26774 857.69604 994.5068
26791 827.12024 992.3266
26807 798.37665 989.69147
26824 767.88556 986.2666
26841 737.4593 982.1913
26858 707.11304 977.45746
26874 678.6395 972.39233
26891 648.4957 966.35266
26908 618.4828 959.62305
26924 590.37256 952.6466
26942 558.93066 944.03656
26958 531.1662 935.68976
26975 501.8817 926.08655
26991 474.54846 916.3367
27008 445.78146 905.19666
27025 417.33472 893.2233
27042 389.2521 880.383
27058 363.19992 867.47144
27075 335.9794 852.8324
27092 309.30414 837.1945
27108 284.77554 821.5105
27125 259.43265 803.75305
27142 234.96808 784.78796
27159 211.5654 764.5168
27175 190.73042 744.14044
27192 170.1855 720.9822
27209 151.76695 696.1218
27225 137.03159 671.04504
27242 125.178955 642.5881
27259 118.67914 612.58716
27276 118.77284 582.05554
27293 125.34375 552.38025
27309 136.23622 526.01074
27326 151.4426 499.8447
27343 169.37312 475.49435
27360 189.3393 452.7957
27377 210.88322 431.58945
27393 232.31691 412.8712
27410 256.10196 394.19247
27426 279.28976 377.66748
27443 304.65305 361.1551
27460 330.66238 345.6546
27477 357.23373 331.10974
27493 382.6937 318.2505
27510 410.16983 305.4303
27527 438.03592 293.4435
27543 464.58127 282.89554
27560 493.08923 272.44223
27577 521.8784 262.7426
27594 550.92017 253.7761
27611 580.18896 245.52466
27627 607.92267 238.3977
27644 637.568 231.49126
27661 667.3778 225.25914
27677 695.5683 220.00027
27694 725.64716 215.04877
27711 755.84076 210.74513
27728 786.1341 207.08298
27744 814.72363 204.21762
27761 845.16986 201.78702
27778 875.67487 199.98589
27794 904.42737 198.86397
27811 935.0091 198.28008
27828 965.61145 198.32275
27845 996.2215 198.99301
27861 1025.0265 200.19891
27878 1055.6145 202.09402
27895 1086.1716 204.62556
27912 1116.684 207.7986
27929 1147.1373 211.61938
27945 1175.7319 215.81378
27962 1206.0271 220.9144
27979 1236.2168 226.68845
27995 1264.5182 232.74834
28012 1294.4507 239.86407
28028 1322.4745 247.21158
28045 1352.0708 255.72536
28062 1381.458 264.98633
28079 1410.608 275.01614
28095 1437.7986 285.18027
28112 1466.394 296.77573
28129 1494.646 309.2225
28146 1522.5065 322.55692
28163 1549.9192 336.82077
28179 1575.2501 351.13788
28196 1601.588 367.35132
28213 1627.2335 384.661
28229 1650.6248 402.02307
28246 1674.5303 421.6948
28263 1697.2468 442.7346
28280 1718.4773 465.2705
28297 1737.7969 489.44894
28313 1753.6747 513.83923
28330 1767.2026 541.57837
28347 1775.974 571.0551
28363 1778.5712 599.7459
28380 1774.7869 629.95917
28397 1765.1975 658.745
28414 1751.3131 685.6531
28430 1735.4136 709.2695
28447 1716.2932 732.68866
28464 1695.4114 754.5463
28481 1673.1394 774.9899
28497 1651.1434 793.05023
28514 1626.8577 811.08264
28531 1601.7733 828.0071
28547 1577.538 842.988
28564 1551.2095 857.9553
28581 1524.3586 871.9943
28598 1497.0474 885.1489
28614 1470.969 896.7556
28631 1442.9064 908.29645
28649 1412.8372 919.6585
28664 1387.5282 928.4739
28681 1358.5966 937.767
28698 1329.4266 946.3373
28714 1301.7767 953.7581
28731 1272.2115 960.971
28748 1242.4733 967.5044
28765 1212.5804 973.3694
28782 1182.5507 978.5755
28798 1154.1765 982.88086
28815 1123.9261 986.8302
28832 1093.5841 990.14105
28849 1063.1644 992.8179
28865 1034.4755 994.7612
28882 1003.94366 996.2163
28899 973.3734 997.0445
28915 944.5778 997.2517
28932 913.9696 996.8633
28949 883.3608 995.8463
28966 852.7644 994.19824
28982 823.99097 992.0674
28999 793.4568 989.1829
29016 762.97516 985.6537
29033 732.5607 981.4728
29049 704.01056 976.9352
29066 673.77136 971.4647
29083 643.6474 965.31464
29100 613.65735 958.4725
29116 585.5718 951.388
29133 555.9009 943.16034
29150 526.42896 934.1932
29166 498.89642 925.0596
29183 469.89032 914.59564
29200 441.17227 903.32336
29217 412.78107 891.21265
29233 386.39874 879.01764
29250 358.77747 865.17645
29267 331.63956 850.38007
29283 306.60654 835.5344
29300 280.63635 818.7255
29317 255.42464 800.77936
29333 232.51909 782.77386
29350 209.23782 762.36273
29367 187.29683 740.5154
29384 167.0563 717.093
29401 149.04166 691.9442
29417 134.82272 666.58093
29434 123.72814 637.83826
29451 118.23035 607.66376
29468 119.42113 577.1807
29484 126.33256 549.4307
29501 138.4656 521.6635
29518 154.17094 495.79996
29534 171.33345 473.09677
29551 191.47928 450.55795
29568 213.1651 429.4964
29585 236.08609 409.77792
29601 258.5896 392.3462
29618 283.3314 374.9341
29635 308.80527 358.58908
29652 334.91046 343.24625
29668 359.98373 329.67224
29685 387.09537 316.12573
29702 414.6375 303.44217
29718 440.90988 292.26178
29735 469.15732 281.15823
29752 497.7127 270.82797
29769 526.54443 261.24786
29785 553.9075 252.8985
29802 583.1982 244.71938
29819 612.6905 237.23811
29835 640.61346 230.82225
29852 670.43915 224.65857
29869 700.40955 219.15784
29886 730.50793 214.31126
29903 760.7186 210.11145
29919 789.2414 206.74396
29936 819.628 203.78307
29953 850.0846 201.45412
29969 878.8016 199.83688
29986 909.35614 198.72748
30003 939.9421 198.24457
30020 970.5465 198.38835
30037 1001.1566 199.15996
30053 1029.9597 200.46161
30069 1058.7454 202.32394
30086 1089.2986 204.92091
