68 1581.8944 840.3851
91 1526.5618 870.88544
135 1399.7019 924.316
141 1380.4237 930.83154
158 1323.4989 947.9847
175 1263.4768 962.96375
191 1204.55 974.828
208 1139.8179 984.83704
225 1073.418 991.9869
241 1009.90173 995.98175
260 933.8707 997.1872
275 873.8938 995.40405
291 810.4626 990.8691
308 744.21375 983.15344
327 672.24567 971.1702
342 617.44305 959.3768
358 561.3574 944.73236
377 498.42676 924.89716
392 451.88867 907.6404
409 402.79398 886.7076
427 355.2909 863.34503
442 319.36053 843.25183
459 282.731 820.14014
477 248.68097 795.66315
492 223.95592 775.54425
509 199.79706 753.32556
526 179.52034 731.9662
542 163.72377 712.8195
559 150.11436 693.6082
576 139.42075 675.60864
593 131.27457 658.7887
609 125.61963 643.9384
626 121.45247 629.0318
643 118.937485 614.79144
660 117.905014 600.938
676 118.21824 587.981
693 119.93554 574.0078
710 123.19256 559.53516
726 127.843925 545.2257
743 134.72908 529.0919
760 143.93224 511.85693
777 155.80487 493.4459
793 169.73874 475.04395
810 187.80318 454.42236
827 209.5313 432.84192
844 235.18556 410.51205
860 263.09766 389.0474
877 296.88138 366.05762
894 334.9712 343.21207
910 374.7332 322.1651
927 421.03934 300.6383
944 471.34937 280.33423
961 525.4065 261.61044
977 579.41394 245.73334
994 639.7508 231.01099
1011 702.69275 218.76662
1028 767.7446 209.22852
1044 830.4187 202.88522
1061 898.01294 199.06604
1078 966.06866 198.32816
1095 1033.9937 200.68866
1112 1101.1969 206.10687
1129 1167.0999 214.48488
1145 1227.4403 224.93744
1162 1289.2625 238.57741
1179 1348.2544 254.58266
1196 1403.9867 272.66132
1213 1456.0916 292.48642
1229 1501.549 312.42407
1246 1545.8259 334.61343
1263 1585.8154 357.4681
1279 1619.477 379.25067
1296 1651.0343 402.34235
1313 1678.3518 425.05536
1330 1701.6044 447.09845
1350 1724.0902 471.85434
1362 1735.2477 485.98593
1381 1749.6843 507.15018
1397 1759.098 523.79944
1414 1766.7145 540.3635
1431 1772.2097 555.8928
1447 1775.7112 569.7371
1464 1777.877 583.86365
1481 1778.586 597.67096
1498 1777.892 611.4655
1515 1775.7494 625.55304
1532 1772.0176 640.2183
1548 1766.8542 654.769
1565 1759.3396 671.20624
1582 1749.4083 688.77386
1599 1736.7046 707.5249
1616 1720.8722 727.4359
1632 1702.8123 747.148
1649 1679.9836 768.9672
1665 1654.8562 790.12775
1682 1624.1152 813.0111
1699 1589.1001 835.9955
1716 1549.7776 858.7338
1733 1506.1954 880.8615
1749 1461.4 900.79736
1766 1409.9869 920.68445
1782 1358.2488 937.87384
1799 1300.0468 954.20044
1816 1238.9156 968.23883
1833 1175.3167 979.7292
1850 1109.7574 988.4566
1866 1046.751 993.99835
1883 978.96436 996.9399
1900 910.8854 996.7893
1916 847.07513 993.8218
1933 780.1177 987.71906
1950 714.5894 978.6867
1967 651.0395 966.8898
1983 593.4951 953.4546
2000 535.20966 936.9502
2017 480.27316 918.4441
2033 431.9445 899.4966
2050 384.45343 878.0801
2067 341.14252 855.70593
2084 302.1411 832.7525
2100 269.41266 810.95325
2117 238.83206 787.9199
2134 212.45796 765.3355
2151 190.09915 743.48035
2167 172.49283 723.77924
2184 157.14186 703.9229
2201 144.9059 685.2622
2217 135.90611 668.8026
2234 128.67102 652.42413
2252 123.25689 636.17505
2267 120.269 623.3204
2284 118.35713 609.2687
2302 117.90186 594.6763
2318 118.81872 581.66235
2335 121.2174 567.4964
2351 124.95227 553.5997
2368 130.71304 538.0082
2385 138.61143 521.387
2402 148.98558 503.62128
2418 161.33112 485.8179
2435 177.52873 465.78397
2452 197.22534 444.70374
2468 219.2211 424.06393
2485 246.49141 401.50742
2502 277.94833 378.58377
2519 313.6906 355.616
2536 353.7379 332.95483
2552 395.30814 312.23502
2569 443.46448 291.21964
2585 492.35205 272.70166
2602 547.8079 254.69911
2620 610.0824 237.87009
2636 668.1162 225.11362
2653 732.0829 214.076
2669 794.0054 206.23729
2686 861.1019 200.76756
2702 924.97546 198.40256
2719 993.0504 198.8944
2736 1060.7595 202.4754
2753 1127.5154 209.08203
2769 1188.9622 217.95714
2786 1252.2623 230.04585
2803 1313.0172 244.65605
2820 1370.7648 261.52048
2836 1422.004 279.1779
2853 1472.8126 299.5139
2869 1516.9727 319.81927
2886 1559.8143 342.27563
2903 1598.3373 365.26987
2920 1632.5051 388.43164
2937 1662.3652 411.4109
2954 1688.0459 433.8904
2970 1708.5795 454.34714
2987 1726.7863 475.13217
3003 1740.8036 493.66736
3020 1752.7191 512.19434
3037 1761.9279 529.518
3054 1768.7913 545.7149
3071 1773.6404 560.9357
3087 1776.6128 574.5616
3104 1778.2745 588.5469
3121 1778.5088 602.3152
3137 1777.4445 615.3518
3154 1774.8766 629.5732
3171 1770.665 644.44543
3187 1764.9818 659.2451
3205 1756.2737 677.008
3221 1746.1599 693.8834
3238 1732.619 712.9636
3255 1715.853 733.1836
3271 1696.8344 753.15027
3288 1672.915 775.1839
3305 1644.948 797.8235
3322 1612.7723 820.77814
3338 1578.567 842.3765
3355 1538.0483 864.98175
3371 1496.045 885.61163
3388 1447.4481 906.492
3405 1394.9834 925.94543
3422 1338.9486 943.6252
3438 1283.2751 958.3572
3455 1221.4072 971.70935
3472 1157.2089 982.4488
3489 1091.1987 990.3741
3505 1027.9111 995.12726
3522 959.9835 997.2099
3538 895.9249 996.33997
3555 828.2922 992.42194
3572 761.6764 985.4888
3589 696.646 975.66656
3606 633.74097 963.13525
3622 576.92755 949.0714
3639 519.53674 931.97705
3656 465.59998 912.971
3673 415.4513 892.39496
3689 371.94818 871.92084
3706 329.8296 849.34717
3723 292.04172 826.2991
3739 260.45377 804.5029
3756 231.06116 781.56384
3773 205.82909 759.15686
3789 185.69376 738.7928
3806 167.87811 718.12555
3823 153.43207 698.5969
3840 141.9995 680.27515
3857 133.21161 663.1492
3873 127.03543 648.0439
3890 122.389885 632.91833
3907 119.45592 618.5267
3923 118.084305 605.4111
3940 118.00409 591.64777
3957 119.3352 577.7591
3974 122.166664 563.4461
3990 126.36187 549.3459
4007 132.68678 533.483
4024 141.24033 516.551
4040 151.63603 499.55295
4058 166.42949 479.1778
4074 182.65622 460.00436
4091 203.38263 438.66086
4107 226.41353 417.82785
4124 254.837 395.13855
4141 287.48236 372.1687
4158 324.42664 349.25027
4175 365.667 326.73956
4191 408.3316 306.25592
4208 457.5994 285.59128
4224 507.46616 267.4943
4241 563.87256 250.0298
4258 623.4397 234.69287
4275 685.73566 221.76569
4292 750.27747 211.48865
4308 812.6042 204.41057
4325 879.97705 199.78258
4342 947.9677 198.22162
4358 1011.9942 199.58406
4375 1079.496 204.01765
4392 1145.8833 211.44899
4408 1206.8417 221.06104
4425 1269.4814 233.87724
4442 1329.4419 249.14476
4459 1386.2759 266.58466
4475 1436.5615 284.70013
4492 1486.2761 305.427
4509 1531.917 327.31897
4525 1570.9943 348.64993
4542 1608.3029 371.7275
4559 1641.2611 394.87238
4576 1669.9395 417.74243
4592 1693.1547 438.74173
4609 1714.0184 460.24918
4626 1731.2413 480.73224
4643 1745.153 500.05975
4659 1755.5435 517.1445
4676 1764.0626 534.1429
4693 1770.333 550.04944
4709 1774.4658 564.1742
4726 1777.2247 578.50085
4743 1778.4807 592.395
4760 1778.3247 606.1578
4776 1776.8826 619.26746
4793 1773.8766 633.6442
4810 1769.166 648.74146
4827 1762.4878 664.77515
4844 1753.5245 681.8989
4860 1742.6881 699.08563
4877 1728.2825 718.4914
4893 1711.6978 737.77545
4910 1690.5591 759.21875
4927 1665.5312 781.448
4944 1636.4037 804.20654
4961 1603.0358 827.19183
4977 1567.6989 848.7307
4994 1525.9895 871.17413
5011 1480.0825 892.8
5027 1433.1951 912.0756
5044 1379.7018 931.06836
5061 1322.7339 948.195
5078 1262.6742 963.1438
5094 1203.7175 974.97644
5111 1138.9601 984.9492
5128 1072.542 992.06067
5145 1005.0238 996.17554
5161 940.99286 997.23865
5178 873.0085 995.3596
5195 805.6543 990.4127
5212 739.51154 982.4871
5228 678.86804 972.4354
5245 616.64703 959.1876
5262 557.1846 943.5326
5278 504.1328 926.855
5295 451.22183 907.3757
5312 402.17938 886.42596
5329 357.24582 864.3743
5345 318.85394 842.95154
5362 282.2813 819.8374
5379 250.05287 796.71576
5395 223.61426 775.2495
5412 199.50774 753.0405
5429 179.27992 731.6938
5446 162.64029 711.3986
5462 149.9567 693.3653
5479 139.2987 675.3815
5496 131.18341 658.57635
5513 125.25999 642.83923
5529 121.40943 628.84204
5546 118.91471 614.6086
5563 117.900894 600.75824
5580 118.29332 586.98706
5596 119.96781 573.8226
5613 123.2461 559.3416
5629 127.92034 545.0215
5646 134.83362 528.87415
5663 144.06934 511.62408
5680 155.97922 493.19754
5697 170.92155 473.59702
5713 188.06277 454.14624
5730 209.8406 432.55453
5747 235.54764 410.21652
5763 263.51138 388.74762
5781 299.4757 364.4063
5797 335.49722 342.91617
5814 377.92407 320.58472
5830 421.6712 300.36438
5847 472.032 280.07867
5864 526.13605 261.37784
5881 583.6546 244.59793
5898 644.1942 230.04514
5914 703.5301 218.62413
5931 768.606 209.12268
5947 831.29626 202.81572
5964 898.90027 199.03644
5981 966.9581 198.33904
5997 1030.8966 200.51337
6014 1098.1458 205.79335
6031 1164.1206 214.03885
6048 1228.2642 225.09926
6065 1290.0524 238.77182
6081 1345.623 253.80261
6098 1401.5131 271.7933
6115 1453.791 291.54605
6131 1499.4222 311.4308
6148 1543.8926 333.58063
6165 1584.0803 356.4131
6182 1619.9171 379.55338
6198 1649.6838 401.29153
6215 1677.1921 424.02856
6232 1700.6259 446.108
6249 1720.226 467.28867
6265 1735.4387 486.24197
6282 1748.4904 505.23407
6299 1758.6934 523.01434
6315 1766.0228 538.6824
6333 1772.0001 555.2023
6349 1775.5751 569.07825
6366 1777.8104 583.2265
6382 1778.5776 596.2329
6399 1778.0309 610.0143
6416 1776.0447 624.0573
6433 1772.4883 638.6499
6449 1767.5143 653.1107
6466 1760.2327 669.43585
6483 1750.5706 686.8815
6499 1738.985 704.38
6516 1723.6876 724.10626
6533 1704.9786 744.91504
6549 1683.981 765.3487
6567 1656.1622 789.0883
6583 1627.529 810.6074
6600 1592.9639 833.59705
6616 1556.4966 855.0502
6633 1513.6039 877.303
6651 1463.6603 899.8528
6667 1415.5406 918.6773
6684 1360.8352 937.0767
6700 1306.2783 952.5952
6717 1245.4329 966.8858
6734 1182.069 978.6535
6750 1120.5819 987.22687
6767 1053.7996 993.514
6784 986.07764 996.7765
6801 918.00146 996.9504
6817 854.13727 994.28577
6834 787.0632 988.4969
6851 721.35925 979.76404
6867 661.26685 968.998
6884 599.76794 955.0525
6901 541.1553 938.7755
6918 485.85083 920.4636
6935 434.2146 900.4476
6951 389.22748 880.3713
6968 345.4719 858.0796
6984 308.2167 836.52716
7001 272.85925 813.37537
7018 241.83072 790.31305
7035 215.02438 767.6678
7052 192.25667 745.7248
7068 174.29265 725.922
7085 158.59523 705.94446
7102 146.05055 687.15686
7118 136.79553 670.57996
7135 129.32542 654.087
7152 123.95571 638.61816
7169 120.392784 623.97473
7185 118.48809 610.72046
7202 117.86971 596.9233
7219 118.654396 583.119
7235 120.719795 569.8468
7252 124.46076 555.1777
7269 130.01599 539.6844
7286 137.67554 523.17755
7303 147.77415 505.5347
7319 159.82603 487.84772
7336 175.67635 467.9306
7353 194.99254 446.95273
7369 216.6045 426.38986
7386 243.44574 403.88892
7403 274.45886 380.98914
7420 309.75064 358.00992
7436 346.9012 336.62164
7453 390.50626 314.49832
7471 441.17383 292.15375
7487 489.89868 273.56912
7504 545.19586 255.4807
7520 600.25146 240.30347
7537 661.5556 226.42145
7553 721.4882 215.69353
7570 787.0567 206.98161
7587 854.0381 201.19826
7604 921.86127 198.45428
7621 989.9387 198.80417
7637 1053.7128 201.95764
7654 1120.5955 208.25252
7670 1182.2152 216.84793
7687 1245.7529 228.65929
7704 1306.7965 243.01756
7721 1364.8787 259.65997
7737 1416.469 277.13916
7754 1467.6826 297.32132
7771 1514.9105 318.8107
7787 1555.5345 339.8954
7804 1594.5123 362.85092
7822 1631.0363 387.37317
7838 1659.4408 409.02588
7855 1685.5504 431.5713
7871 1706.4652 452.11377
7888 1725.0475 473.0091
7905 1740.1875 492.7905
7922 1752.2358 511.37308
7939 1761.5603 528.75073
7955 1768.1732 544.0698
7972 1773.2189 559.38367
7988 1776.3525 573.0742
8005 1778.1688 587.0997
8022 1778.5497 600.8763
8039 1777.5258 614.7122
8056 1775.0284 628.91016
8072 1771.1891 642.8523
8089 1765.3004 658.50507
8105 1757.7925 674.18414
8122 1747.4039 691.9563
8139 1734.1803 710.9133
8156 1717.7675 731.0185
8172 1699.1107 750.8912
8189 1675.6027 772.84656
8206 1648.0677 795.43567
8223 1616.3376 818.3722
8239 1582.5566 839.9861
8256 1542.486 862.64465
8273 1498.1724 884.6279
8289 1452.7162 904.3689
8306 1400.6432 923.98816
8323 1344.9658 941.86896
8340 1286.0425 957.68756
8356 1227.9954 970.43134
8373 1164.0171 981.4543
8390 1098.171 989.6818
8407 1031.0068 994.95825
8423 967.1039 997.1369
8440 899.0346 996.44574
8457 831.36926 992.6678
8473 768.57874 986.35175
8490 703.3566 976.82416
8508 636.56586 963.7647
8524 579.6302 949.8027
8541 522.09033 932.8035
8557 471.06873 915.0383
8574 420.5103 894.60974
8591 373.97775 872.9363
8607 334.03287 851.7367
8624 295.78958 828.7207
8641 261.90088 805.5604
8658 232.31401 782.6042
8674 208.27882 761.46704
8691 186.59508 739.76373
8708 168.61719 719.04724
8725 154.02454 699.4644
8741 143.06497 682.13446
8758 134.01765 664.8863
8775 127.29311 648.75745
8792 122.56331 633.5926
8808 119.68903 620.0051
8825 118.121506 606.0429
8842 117.97725 592.278
8858 119.12805 579.2265
8875 121.795654 564.9712
8892 126.120514 550.04865
8909 132.35121 534.2312
8925 140.23137 518.3753
8942 151.07335 500.40378
8958 163.91641 482.40726
8975 180.70088 462.1813
8992 201.03848 440.93484
9009 225.21165 418.8544
9026 253.44505 396.18536
9042 283.86758 374.57455
9059 320.361 351.63437
9076 361.15457 329.06387
9093 406.1727 307.23126
9109 452.2631 287.68896
9126 504.96695 268.33932
9143 561.2193 250.78484
9159 617.0743 236.18858
9176 679.1067 222.99734
9193 743.4375 212.43324
9210 809.5455 204.69449
9226 872.89185 200.12407
9243 940.84546 198.23984
9260 1008.88806 199.45442
9277 1076.427 203.74849
9293 1139.0094 210.53499
9310 1203.9191 220.53723
9327 1266.6699 233.23529
9344 1326.7631 248.39641
9360 1380.4904 264.6681
9377 1434.193 283.78558
9394 1484.0885 304.45026
9410 1527.3402 324.98596
9427 1569.1829 347.6014
9444 1606.6908 370.66727
9461 1639.8472 393.81677
9477 1667.1367 415.37286
9494 1692.1079 437.73605
9511 1713.1455 459.28607
9527 1729.6012 478.6425
9544 1743.8425 498.0948
9561 1755.0941 516.33856
9578 1763.7245 533.3899
9594 1769.7727 548.4325
9611 1774.3009 563.5036
9628 1777.1324 577.85693
9645 1778.4545 591.7644
9661 1778.4066 604.7154
9678 1776.9828 618.6226
9695 1774.0497 632.9725
9711 1769.7457 647.12195
9728 1763.2875 663.0493
9745 1754.5791 680.05396
9762 1743.2734 698.22565
9778 1729.9387 716.40796
9795 1712.5762 736.81647
9812 1691.6094 758.21857
9829 1666.7646 780.41705
9845 1639.6467 801.8102
9862 1606.7266 824.78705
9903 1509.667 879.2038
9912 1485.0757 890.5875
9928 1438.5754 909.99506
9945 1385.4651 929.1637
9962 1328.8436 946.5007
9979 1269.0876 961.69086
9996 1206.6323 974.45447
10013 1141.9637 984.5541
10030 1075.6097 991.79987
10046 1012.1195 995.88837
10063 944.1093 997.2505
10079 880.09924 995.7008
10096 812.6516 991.07153
10113 746.35547 983.4516
10130 681.7735 972.9799
10147 619.4376 959.8484
10163 563.26086 945.2745
10180 506.64175 927.70544
10197 453.56073 908.3019
10213 407.11957 888.67505
10230 361.7473 866.72107
10247 320.6318 844.0032
10264 283.85974 820.89795
10281 251.43372 797.76904
10297 224.81421 776.28253
10314 200.52417 754.03973
10331 180.12482 732.64886
10347 164.22218 713.46783
10364 150.51125 694.2173
10381 139.72812 676.17816
10398 131.50436 659.3209
10414 125.78645 644.4399
10431 121.56143 629.50726
10448 118.99559 615.2493
10465 117.91638 601.38794
10481 118.186516 588.4328
10498 119.8559 574.47107
10515 123.05984 560.0191
10531 127.65413 545.73615
10548 134.46915 529.6363
10565 143.59105 512.43884
10582 155.37071 494.06668
10599 170.1666 474.51874
10615 187.15616 455.11276
10632 208.76003 433.5607
10648 232.66866 412.58023
10665 262.06528 389.79758
10682 295.70874 366.80896
10699 333.65768 343.95306
10716 375.89035 321.5902
10732 419.46072 301.32483
10749 469.64352 280.97504
10765 520.3116 263.2493
10782 577.49036 246.25356
10799 637.7342 231.45456
10816 700.5986 219.12529
10833 765.58966 209.49559
10849 828.2231 203.06142
10866 895.79224 199.14244
10883 963.8423 198.30322
10899 1027.7982 200.34448
10916 1095.0919 205.48605
10933 1161.1373 213.59872
10950 1225.3765 224.53436
10966 1283.7152 237.22662
10983 1342.9849 253.02696
11000 1399.0317 270.929
11017 1451.4822 290.6086
11033 1497.287 310.4397
11050 1541.9502 332.54926
11067 1582.3362 355.35873
11084 1618.3723 378.49295
11101 1650.0702 401.59158
11117 1676.0239 423.00043
11134 1699.6393 445.11563
11151 1719.4087 466.34183
11167 1734.7673 485.34415
11184 1747.958 504.39148
11201 1758.2833 522.2268
11218 1766.1105 538.893
11234 1771.5066 553.6172
11251 1775.4357 568.4181
11268 1777.7408 582.5886
11285 1778.5796 596.41254
11301 1778.0867 609.3802
11318 1776.1686 623.4048
11335 1772.6881 637.9664
11352 1767.4331 653.31726
11368 1760.6152 668.6651
11385 1751.0697 686.0575
11402 1738.8058 704.63025
11418 1724.4596 723.179
11435 1705.9138 743.94116
11452 1683.6653 765.63727
11469 1657.4595 788.0498
11485 1629.008 809.55615
11502 1594.6396 832.5469
11519 1555.9636 855.3452
11535 1515.6586 876.30194
11552 1468.7949 897.68384
11569 1417.958 917.7934
11586 1363.4146 936.27545
11603 1305.5017 952.79706
11619 1248.2758 966.2851
11636 1185.0165 978.1734
11653 1119.718 987.328
11669 1056.8805 993.29156
11686 989.18884 996.69434
11703 921.11597 997.01013
11719 857.23004 994.47833
11736 790.1069 988.827
11753 724.328 980.2259
11770 660.44684 968.832
11787 598.9827 954.8543
11804 540.41064 938.54877
11820 488.304 921.34143
11837 436.493 901.39575
11853 391.33072 881.37036
11870 347.38104 859.116
11887 307.72675 836.22565
11904 272.42618 813.07275
11920 243.1573 791.36163
11937 216.16121 768.6907
11954 193.2137 746.71
11971 174.06575 725.6537
11987 159.24197 706.8331
12004 146.56094 687.99005
12021 136.68298 670.3573
12037 129.61894 654.8181
12054 124.15997 639.3063
12071 120.51986 624.6302
12088 118.47087 610.53894
12104 117.86739 597.5524
12121 118.58748 583.75525
12138 120.75801 569.6595
12155 124.521065 554.981
12171 129.71825 540.4143
12188 137.27444 523.9571
12205 147.25375 506.36783
12222 160.01215 487.59488
12238 174.87778 468.8662
12255 194.02855 447.9337
12272 216.92894 426.09976
12288 242.1275 404.92957
12305 272.9468 382.04132
12322 308.04156 359.05832
12338 345.00708 337.65152
12355 388.4194 315.49203
12372 435.96945 294.29935
12389 487.4529 274.44016
12405 539.25214 257.2829
12422 597.5122 240.99602
12439 658.69336 227.00252
12456 722.3333 215.5615
12472 784.0211 207.3174
12489 850.9502 201.39719
12506 918.74756 198.5125
12523 986.82635 198.72044
12539 1050.6265 201.74156
12556 1117.5626 207.89961
12573 1183.0591 216.98482
12589 1242.8961 228.06136
12606 1304.0645 242.30849
12623 1362.2915 258.85272
12640 1417.1626 277.39282
12656 1465.4242 296.36642
12674 1515.5001 319.09842
12690 1556.0717 340.19235
12707 1594.9927 363.15295
12723 1627.6454 384.9528
12740 1658.1469 407.98068
12756 1683.011 429.24393
12773 1705.5272 451.13327
12790 1724.2749 472.0763
12807 1739.565 491.9111
12824 1751.7467 510.5493
12841 1761.1879 527.9811
12857 1767.8956 543.3466
12874 1773.0283 558.70184
12890 1776.2334 572.4216
12907 1778.1177 586.4656
12924 1778.5629 600.2469
12941 1777.6039 614.0734
12957 1775.3627 627.39984
12974 1771.412 642.1582
12991 1765.6145 657.7672
13008 1757.6735 674.40875
13025 1747.2502 692.1963
13041 1734.8524 710.02026
13058 1718.5929 730.0747
13075 1698.8287 751.17285
13091 1676.7648 771.826
13108 1649.4185 794.392
13125 1617.8828 817.3195
13142 1582.0609 840.28485
13158 1544.4131 861.6197
13175 1500.2911 883.64197
13192 1452.0604 904.63495
13208 1403.1073 923.1258
13225 1347.5875 941.0934
13242 1288.804 957.013
13259 1227.174 970.5925
13276 1163.1678 981.5802
13292 1101.2173 989.3688
13309 1034.101 994.7829
13326 966.2146 997.1479
13343 898.14685 996.4162
13359 834.4485 992.90735
13376 767.71564 986.24567
13393 702.5172 976.6812
13409 643.0424 965.1838
13426 582.3391 950.5293
13443 524.6512 933.626
13459 473.47452 915.9374
13476 422.73776 895.5746
13493 376.0162 873.94995
13510 333.50528 851.43854
13527 295.31885 828.4183
13543 263.357 806.61835
13560 233.5756 783.64557
13577 207.97047 761.178
13593 187.50417 740.7367
13610 169.36336 719.9714
13627 154.62335 700.3345
13644 142.9303 681.9015
13660 134.37828 665.65027
13677 127.554955 649.473
13694 122.74032 634.26843
13711 119.659004 619.8202
13727 118.16167 606.6752
13744 117.95334 592.90796
13761 119.15304 579.04346
13777 121.639015 565.6361
13794 125.88314 550.7495
13811 132.02028 534.9772
13827 139.79865 519.1695
13844 150.51672 501.25208
13861 164.11412 482.1502
13878 180.94298 461.91
13895 201.32898 440.6513
13911 224.0183 419.87973
13928 252.06194 397.23154
13945 284.3165 374.27402
13962 320.86624 351.33636
13978 359.19473 330.08344
13995 404.02234 308.20892
14012 452.92734 287.4261
14028 502.47516 269.1881
14045 558.57275 251.5443
14062 617.8677 236.00034
14079 679.9333 222.84193
14095 740.45074 212.85631
14112 806.4893 204.98465
14129 873.7764 200.07957
14146 941.73505 198.2357
14162 1005.7809 199.33124
14179 1073.3558 203.48564
14196 1139.8689 210.64743
14212 1200.992 220.01907
14229 1263.8528 232.5985
14246 1324.0779 247.65263
14263 1381.2151 264.90634
14280 1434.8699 284.04633
14296 1481.8922 303.47598
14313 1527.9144 325.2769
14329 1567.3623 346.55383
14346 1605.0696 369.6072
14363 1638.4243 392.76062
14380 1667.4893 415.6692
14397 1692.4076 438.02332
14413 1712.265 458.3208
14430 1729.808 478.9042
14447 1744.008 498.34094
14463 1754.6393 515.53015
14480 1763.3817 532.6346
14497 1769.8439 548.635
14514 1774.3484 563.6952
14530 1777.0369 577.21204
14547 1778.4252 591.13354
14564 1778.3972 604.8955
14581 1776.9545 618.8066
14597 1774.2191 632.3022
14614 1769.6744 647.32367
14631 1763.189 663.2642
14647 1755.0316 679.25073
14664 1743.8527 697.3681
14681 1729.7338 716.6675
14697 1713.4471 735.8596
14714 1692.6516 757.2201
14731 1667.9895 779.38727
14748 1639.2441 802.1094
14765 1606.2681 825.08746
14781 1571.3026 846.64874
14798 1529.9834 869.14844
14815 1484.4545 890.86456
14832 1434.8816 911.42694
14848 1384.7473 929.4027
14865 1328.0824 946.7136
14882 1268.2882 961.8738
14898 1209.5425 973.92694
14915 1144.964 984.15295
14932 1078.675 991.5328
14949 1011.2336 995.9261
14965 947.22577 997.25586
14982 879.2132 995.66003
14999 811.7769 990.991
15015 749.35596 983.86383
15032 684.68365 973.51886
15049 622.23395 960.50415
15066 562.5 945.05817
15082 509.1581 928.552
15099 455.9077 909.225
15116 406.50006 888.3948
15133 361.18253 866.4284
15149 322.4188 845.0541
15166 285.44727 821.9585
15183 252.8235 798.823
15199 226.0228 777.31683
15216 201.54878 755.04065
15233 180.97725 733.60614
15250 164.02263 713.2087
15266 151.07193 695.07184
15283 140.1629 676.9773
15300 131.82994 660.06775
15317 125.71957 644.23944
15334 121.517685 629.3172
15350 119.07957 615.89087
15367 117.9348 602.0179
15384 118.19901 588.2523
15400 119.7472 575.1185
15417 122.87719 560.695
15434 127.7297 545.53235
15451 134.5727 529.41895
15467 143.11833 513.25116
15484 154.76852 494.93335
15501 169.41869 475.43814
15517 186.25722 456.07727
15534 207.68767 434.56528
15551 233.02579 412.28528
15568 262.4772 389.4979
15584 294.07535 367.86072
15601 331.82715 344.991
15618 373.86542 322.59753
15635 420.09088 301.05038
15651 467.2629 281.87463
15668 521.037 263.0144
15685 578.2585 246.04544
15701 634.9166 232.07977
15718 697.6715 219.63213
15735 762.57666 209.87454
15752 829.10016 202.99065
15768 892.6853 199.25491
15785 960.7262 198.2739
15802 1028.6829 200.39203
15818 1092.0354 205.185
15835 1158.1504 213.16452
15852 1222.4839 223.97498
15869 1284.5084 237.4182
15885 1340.3398 252.2557
15902 1396.543 270.0684
15919 1449.1652 289.67416
15936 1497.8975 310.72238
15953 1542.5056 332.84354
15969 1580.5828 354.30505
15986 1616.8184 377.43243
16003 1648.7134 400.54022
16019 1674.847 421.97092
16036 1698.6447 444.1214
16053 1718.584 465.39276
16069 1734.0891 484.44382
16086 1747.4198 503.54636
16103 1757.8682 521.4368
16120 1765.8019 538.1545
16136 1771.2843 552.92065
16153 1775.293 567.7566
16170 1777.6682 581.95
16186 1778.5579 594.97406
16204 1778.071 609.56116
16220 1776.2891 622.75336
16237 1772.8842 637.28455
16253 1768.0736 651.66846
16270 1760.9928 667.8967
16287 1751.5631 685.2361
16304 1739.4314 703.75446
16320 1725.2245 722.254
16337 1706.8412 742.96924
16354 1684.7681 764.62695
16371 1658.748 787.01227
16387 1630.4781 808.5052
16404 1596.3064 831.4963
16421 1557.8274 854.3112
16438 1515.0729 876.5879
16454 1471.028 896.7304
16471 1420.3676 916.90607
16488 1365.9869 935.47003
16505 1308.22 952.08826
16521 1251.1134 965.6791
16538 1187.9597 977.68756
16555 1122.743 986.97144
16572 1056.0012 993.3557
16588 992.29926 996.6058
16605 924.23096 997.0634
16622 856.347 994.424
16638 793.15344 989.15106
16655 727.3007 980.6818
16672 663.3211 969.41156
16688 605.28326 956.42993
16705 546.38794 940.35455
16722 490.7648 922.21564
16739 438.7797 902.341
16755 393.44266 882.3673
16772 349.2992 860.1512
16789 309.4464 837.2817
16806 273.94653 814.1328
16823 242.7777 791.06226
16839 217.30653 769.715
16856 194.17871 747.69727
16872 175.89906 727.807
16889 159.89537 707.7243
16906 147.07721 688.82574
16923 137.07907 671.13824
16939 129.91689 655.55133
16956 124.36804 639.99615
16973 120.65026 625.2869
16990 118.532265 611.17505
17006 117.86799 598.18164
17024 118.60628 583.57367
17040 120.62533 570.3152
17057 124.311165 555.6691
17073 129.42487 541.1421
17090 136.87842 524.7342
17107 146.73917 507.19846
17124 159.36252 488.4797
17140 174.08646 469.79956
17157 193.07243 448.91278
17174 215.79543 427.11554
17190 240.818 405.96936
17207 271.4437 383.09332
17224 306.34152 360.10727
17241 345.54688 337.3574
17257 386.34125 316.48776
17274 433.7058 295.2428
17291 485.01483 275.31473
17307 536.66284 258.07834
17324 594.7791 241.69337
17341 655.8363 227.58896
17358 719.3745 216.02608
17375 784.8874 207.22092
17391 847.8641 201.60248
17408 915.63446 198.57721
17425 983.7133 198.6432
17441 1047.5382 201.53185
17458 1114.5267 207.55286
17475 1180.1013 216.50734
17492 1243.7122 228.2315
17508 1301.3262 241.60423
17525 1359.6974 258.04965
17542 1414.7301 276.5055
17558 1463.1575 295.4143
17575 1510.7599 316.79944
17592 1554.1869 339.1525
17609 1593.3068 362.0951
17625 1626.1469 383.89328
17642 1656.8441 406.9345
17659 1683.3306 429.53506
17676 1705.7958 451.41336
17692 1723.495 471.14117
17709 1738.9359 491.02917
17726 1751.252 509.72296
17743 1760.8104 527.20905
17759 1767.6139 542.6213
17776 1772.8342 558.0184
17793 1776.2678 572.608
17809 1778.0636 585.831
17826 1778.573 599.6176
17843 1777.679 613.43536
17860 1775.3219 627.58813
17876 1771.6311 641.4659
17893 1765.9242 657.03156
17910 1758.0884 673.6228
17927 1747.7865 691.3565
17944 1734.6611 710.27496
17960 1719.4111 729.1331
17977 1699.814 750.1869
17993 1677.9185 770.8068
18010 1650.7603 793.3492
18027 1619.4191 816.2669
18044 1583.7942 839.23804
18060 1546.3312 860.5934
18077 1502.4012 882.6539
18094 1454.3545 903.702
18111 1402.4047 923.3723
18127 1350.2023 940.31354
18144 1291.5594 956.3335
18161 1230.0498 970.026
18178 1166.1415 981.1371
18194 1104.2606 989.04956
18211 1037.1935 994.60114
18228 969.3296 997.1071
18244 905.25653 996.6379
18261 837.52966 993.1405
18278 770.7401 986.61505
18295 705.45935 977.18
18311 645.885 965.796
18328 585.05444 951.2512
18345 527.2192 934.44434
18362 472.78696 915.6811
18378 424.97363 896.53674
18395 378.06345 874.96173
18412 335.35675 852.4826
18429 296.97113 829.47754
18445 264.82217 807.67664
18462 234.84596 784.68805
18479 209.05365 762.19104
18495 188.42104 741.7118
18512 170.11665 720.8978
18529 155.22856 701.2071
18546 143.40408 682.71844
18562 134.74382 666.41656
18579 127.82099 650.1907
18596 122.92095 634.9458
18613 119.76533 620.46844
18629 118.204796 607.3079
18646 117.932365 593.5377
18663 119.06661 579.6844
18679 121.48581 566.29974
18696 125.64972 551.44855
18713 131.69395 535.72095
18730 139.92163 518.94305
18746 149.96614 502.0979
18763 163.42397 483.0498
18780 180.09756 462.85962
18797 200.31424 441.64392
18813 222.83344 420.9038
18830 250.68764 398.27704
18847 282.7471 375.32675
18864 319.09955 352.38058
18880 357.24374 331.1045
18897 401.88052 309.1889
18914 450.6034 288.34805
18930 499.99084 270.04065
18947 555.93286 252.30815
18964 615.0904 236.66158
18981 677.0393 223.38834
18997 737.46783 213.28526
19014 803.4358 205.28102
19031 870.6782 200.23772
19047 934.6136 198.28363
19064 1002.6727 199.21452
19081 1070.2823 203.2291
19098 1136.8566 210.25569
19114 1198.0603 219.5066
19131 1261.0302 231.96689
19148 1321.3861 246.91348
19165 1378.6737 264.07312
19181 1429.4318 281.96622
19198 1479.6876 302.5042
19215 1525.8998 324.25842
19232 1567.8829 346.85278
19248 1603.4392 368.54736
19265 1636.9924 391.70395
19282 1666.2512 414.63077
19298 1689.9899 435.7196
19315 1711.3767 457.35345
19332 1729.0808 477.98654
19349 1743.4263 497.47772
19365 1754.1788 514.71924
19382 1763.034 531.87695
19399 1769.5931 547.92487
19416 1774.1809 563.02356
19433 1777.0645 577.39624
19449 1778.393 590.5023
19466 1778.429 604.26483
19482 1777.1737 617.33575
19499 1774.3851 631.6334
19517 1769.6029 647.5256
19533 1763.5323 662.5122
19549 1755.4786 678.45
19566 1744.4257 696.5131
19583 1730.4491 715.7591
19600 1713.1993 736.13257
19616 1693.6858 756.2233
19633 1669.2058 778.3587
19650 1640.6511 801.0616
19667 1607.8708 824.03503
19684 1570.7904 846.94617
19700 1531.967 868.1331
19717 1486.6277 889.8932
19734 1437.2352 910.51636
19750 1387.259 928.5641
19767 1330.7468 945.9661
19784 1271.0867 961.23114
19800 1212.448 973.3938
19817 1147.9607 983.7459
19834 1081.7379 991.2594
19851 1014.3367 995.7916
19867 950.34216 997.2547
19884 882.3174 995.80054
19901 814.8419 991.2708
19917 752.36005 984.2701
19935 683.8524 973.3656
19951 625.03595 961.1548
19968 565.16766 945.8142
19984 511.68185 929.39465
20001 458.26276 910.14496
20018 408.67328 889.3757
20035 363.16428 867.453
20052 321.90775 844.75415
20068 287.0439 823.0189
20085 254.22223 799.8776
20101 227.24004 778.35236
20118 202.58156 756.0434
20135 181.83727 734.56555
20152 164.7241 714.1174
20169 150.91124 694.82764
20185 140.60307 677.77893
20202 132.16016 660.8169
20218 126.26427 645.8488
20235 121.87584 630.8419
20252 119.16665 616.53326
20269 117.95615 602.648
20286 118.15631 588.8843
20302 119.64168 575.765
20319 122.698135 561.3693
20336 127.46645 546.24554
20353 134.21169 530.17944
20369 142.65115 514.06104
20386 154.17262 495.79755
20403 168.67778 476.35522
20419 185.3659 457.0397
20436 206.6235 435.5682
20453 231.7778 413.31808
20470 261.03748 390.54755
20486 292.451 368.9127
20503 330.00558 346.0299
20520 371.84924 323.60663
20536 415.06503 303.25327
20553 464.8902 282.77753
20570 518.4983 263.83862
20587 575.57 246.77612
20604 635.7204 231.90077
20620 694.74896 220.14459
20637 759.5671 210.25952
20654 826.02856 203.24084
20670 889.57935 199.37383
20687 957.6099 198.25107
20704 1025.5834 200.22774
20721 1092.9082 205.2703
20737 1155.1597 212.73627
20754 1219.5865 223.42111
20771 1281.7277 236.74889
20787 1337.6882 251.48888
20804 1394.0466 269.21155
20821 1446.84 288.74277
20838 1495.756 309.73294
20854 1538.0386 330.49094
20871 1578.8203 353.25208
20888 1615.2554 376.3719
20905 1647.3477 399.48813
20921 1673.6616 420.94006
20938 1697.642 443.12534
20955 1717.7517 464.44144
20972 1734.2834 484.70108
20988 1746.8756 502.69867
21005 1757.4478 520.64435
21022 1765.4886 537.4137
21039 1771.3481 553.1197
21055 1775.1467 567.0937
21072 1777.5925 581.3106
21089 1778.5614 595.15375
21105 1778.1893 608.11365
21122 1776.4065 622.1031
21139 1773.0767 636.6044
21156 1767.9949 651.8738
21172 1761.3655 667.1306
21189 1752.0508 684.4171
21206 1740.0507 702.88116
21223 1725.007 722.5178
21239 1707.7607 741.9993
21257 1684.4541 764.9152
21273 1660.028 785.97565
21289 1631.9393 807.4545
21306 1597.964 830.4453
21323 1559.682 853.2762
21340 1517.1215 875.5855
21356 1473.2526 895.77435
21373 1422.7693 916.0154
21390 1368.5521 934.6606
21407 1310.9319 951.3747
21423 1253.9457 965.0679
21440 1190.8987 977.196
21457 1125.7649 986.60876
21473 1063.0361 992.8278
21490 995.4088 996.5107
21507 927.34625 997.1102
21524 859.441 994.612
21541 792.2835 989.0592
21557 730.2774 981.1319
21574 666.2004 969.9857
21591 604.49457 956.2345
21607 549.01465 941.1376
21624 493.23325 923.0862
21641 441.07465 903.28345
21657 395.5633 883.3621
21674 351.22635 861.18494
21691 311.17523 838.3371
21708 275.476 815.19305
21724 245.8371 793.46136
21741 218.46036 770.74084
21758 195.1517 748.6864
21775 175.66797 727.53735
21791 160.55542 708.618
21808 147.5994 689.66406
21825 137.48027 671.92163
21842 129.83138 655.3418
21858 124.579926 640.6878
21875 120.78399 625.94495
21892 118.59669 611.81177
21908 117.8715 598.81085
21925 118.46271 585.0258
21942 120.49595 570.9697
21958 123.845566 557.2353
21975 129.13582 541.8678
21992 136.48744 525.5089
22009 146.23035 508.02658
22026 158.71944 489.3621
22042 173.30234 470.73065
22059 192.12415 449.88992
22076 214.67027 428.12988
22093 241.19092 405.6726
22109 269.94955 384.14508
22126 304.6505 361.15668
22143 343.65912 338.38812
22159 384.27176 317.4855
22176 431.45044 296.18896
22193 482.58444 276.1928
22210 537.4013 257.85083
22227 595.5587 241.49382
22243 652.98444 228.18073
22260 716.41986 216.49646
22276 777.9591 208.00732
22293 844.7799 201.81413
22310 912.52203 198.64839
22327 980.59973 198.57243
22344 1048.4199 201.59106
22360 1111.4878 207.21225
22377 1177.1394 216.03566
22394 1240.8517 227.6374
22410 1298.5818 240.90483
22427 1357.0962 257.25076
22444 1412.29 275.62167
22461 1463.8053 295.68582
22477 1508.6714 315.79684
22494 1552.293 338.11386
22511 1591.6116 361.03772
22527 1624.6392 382.8335
22544 1655.5325 405.88742
22561 1682.2081 428.51468
22578 1704.8522 450.43143
22594 1722.7079 470.2037
22611 1738.3003 490.14478
22628 1750.7513 508.8941
22645 1760.428 526.4346
22662 1767.6948 542.82855
22678 1772.6364 557.3332
22695 1776.1462 571.95447
22712 1778.0793 586.0122
22728 1778.5803 598.98846
22745 1777.751 612.798
22762 1775.4635 626.9291
22779 1771.569 641.6633
22795 1766.2294 656.29803
22812 1758.4982 672.83923
22828 1748.9899 689.4465
22845 1736.1766 708.2413
22862 1720.2219 728.1938
22879 1700.7913 749.20276
22896 1677.59 771.09766
22912 1652.0933 792.3071
22929 1620.9463 815.2145
22946 1585.5186 838.1906
22963 1545.7845 860.8865
22979 1504.5027 881.66364
22996 1456.6403 902.7662
23013 1404.8633 922.5073
23029 1352.8102 939.5294
23046 1294.309 955.6492
23063 1232.9207 969.454
23079 1172.9227 980.1025
23096 1107.3011 988.7242
23113 1040.2844 994.413
23130 972.44415 997.0599
23147 904.3683 996.61206
23163 840.61285 993.3674
23180 773.76776 986.9783
23197 708.4058 977.673
23214 645.073 965.62177
23231 584.2786 951.0456
23247 529.7944 935.2586
23264 475.19836 916.5777
23280 427.2179 897.4963
23297 380.11954 875.9716
23314 337.21725 853.52563
23331 298.63254 830.53644
23347 266.29636 808.73535
23364 236.12509 785.73157
23381 210.14517 763.20575
23397 189.34575 742.6889
23414 170.8771 721.82666
23431 155.84018 702.0822
23448 143.88353 683.53796
23465 134.63898 666.1976
23481 128.09126 650.91034
23498 123.105225 635.6248
23515 119.87486 621.1178
23531 118.25091 607.9411
23548 117.914314 594.16736
23565 118.98328 580.32446
23581 121.33602 566.962
23598 125.42023 552.1457
23615 131.37218 536.4625
23632 139.49268 519.7355
23648 149.42154 502.94125
23666 163.62029 482.79324
23682 179.25957 463.80707
23699 199.30753 442.63477
23715 221.65706 421.92657
23732 249.32217 399.3219
23749 281.18668 376.3795
23766 317.34192 353.42557
23782 355.30167 332.127
23799 399.74728 310.1711
23816 448.28754 289.27307
23832 497.51404 270.89688
23849 553.2997 253.07639
23866 612.3189 237.3278
23883 674.15015 223.94025
23899 734.4887 213.72012
23916 800.38495 205.5836
23933 867.5815 200.40227
23949 931.4981 198.31526
23966 999.56366 199.10428
23984 1071.1599 203.3017
24000 1133.841 209.87001
24017 1198.8977 219.65231
24033 1258.202 231.3405
24050 1318.6879 246.17897
24067 1376.125 263.24387
24083 1427.0393 281.0615
24100 1477.4744 301.535
24117 1523.8763 323.2417
24134 1566.0559 345.8059
24150 1601.7998 367.48776
24167 1635.5515 390.6468
24184 1665.0044 413.59125
24201 1690.2942 436.0078
24217 1710.4807 456.38397
24234 1728.3467 477.0665
24251 1742.8381 496.61194
24267 1753.713 513.9058
24284 1762.6815 531.117
24301 1769.3384 547.2127
24318 1774.01 562.3504
24335 1776.9667 576.7507
24351 1778.3578 589.8707
24368 1778.4579 603.6344
24385 1777.1472 617.5192
24401 1774.5476 630.96606
24418 1770.1667 645.91364
24435 1763.8711 661.76245
24452 1755.3516 678.67834
24468 1744.9926 695.6606
24485 1731.1576 714.8531
24502 1714.0648 735.17725
24518 1694.7118 755.2282
24535 1670.4136 777.3313
24552 1642.0492 800.01434
24569 1609.4645 822.9825
24585 1574.8704 844.56335
24602 1533.9418 867.1162
24619 1488.7925 888.9195
24635 1442.5842 908.4236
24652 1389.7634 927.7217
24669 1333.4047 945.2142
24686 1273.8795 960.5834
24703 1211.619 973.5466
24719 1150.9536 983.3329
24736 1084.7983 990.9798
24753 1017.43854 995.6508
24769 953.4585 997.247
24786 885.4227 995.93463
24803 817.9093 991.5443
24819 755.36755 984.6703
24836 690.51794 974.57983
24853 627.8436 961.80023
24870 567.84186 946.5657
24886 514.21295 930.23346
24903 460.62582 911.06177
24920 410.85504 890.35406
24937 365.15494 868.4761
24954 323.70123 845.80444
24970 288.6497 824.0792
24987 255.62994 800.93286
25004 226.89166 778.05664
25020 203.62256 757.04785
25037 182.70491 735.5272
25054 165.4325 715.0285
25071 151.47633 695.684
25087 141.04868 678.5831
25104 132.49504 661.5683
25121 126.19508 645.6473
25137 122.038284 631.5115
25154 119.25686 617.1766
25171 117.98044 603.2784
25188 118.11657 589.51587
25204 119.53933 576.41046
25221 122.52265 562.0421
25238 127.207344 546.9568
25255 133.85548 530.9376
25271 142.18945 514.86835
25288 153.58296 496.65924
25305 167.94386 477.26996
25322 185.61957 456.76517
25338 205.56752 436.56952
25355 230.53844 414.34976
25372 259.60666 391.5967
25389 292.91376 368.61237
25405 328.193 347.0698
25422 369.84186 324.61743
25439 415.6904 302.97742
25455 462.52542 283.68362
25472 515.96686 264.6668
25489 572.888 247.5114
25506 632.90674 232.52966
25522 691.83093 220.66269
25539 756.5609 210.65051
25556 822.9593 203.49733
25573 890.4659 199.33922
25589 954.4935 198.23474
25606 1022.4826 200.06989
25623 1089.8499 204.9737
25639 1152.1653 212.31395
25656 1216.6843 222.87279
25673 1278.941 236.08461
25689 1335.0299 250.72653
25706 1391.5428 268.3585
25723 1444.5067 287.8144
25740 1493.6058 308.74576
25756 1536.0695 329.46408
25773 1577.0487 352.19986
25790 1613.6832 375.3113
25807 1645.973 398.43527
25824 1674.001 421.23447
25840 1696.6311 442.1274
25857 1716.9121 463.48788
25874 1733.6003 483.79898
25890 1746.3252 501.84842
25907 1757.022 519.84937
25924 1765.1708 536.67065
25941 1771.123 552.4218
25957 1774.9971 566.42944
25974 1777.5138 580.6705
25991 1778.548 594.5242
26007 1778.2362 607.481
26024 1776.5205 621.45386
26041 1773.2654 635.9258
26058 1768.2693 651.15515
26074 1761.7333 666.3669
26091 1752.533 683.6006
26108 1740.6636 702.0103
26125 1725.7667 721.59454
26141 1708.6726 741.03143
26158 1686.9489 762.6109
26175 1661.2992 784.94006
26192 1631.5232 807.75446
26208 1599.6127 829.3941
26225 1561.5278 852.24
26242 1519.1611 874.5813
26258 1475.4689 894.8157
26276 1422.0845 916.26996
26292 1371.1101 933.8471
26309 1313.6376 950.6565
26325 1256.7726 964.4514
26342 1193.8333 976.6987
26359 1128.7836 986.24005
26375 1066.1108 992.5865
26392 998.51746 996.4091
26409 930.4619 997.1506
26426 862.53644 994.7935
26442 799.2548 989.78046
26459 733.25793 981.5761
26476 669.08466 970.5544
26493 607.25946 956.91724
26509 551.64813 941.91626
26526 495.70932 923.95306
26543 443.3778 904.2229
26560 394.95703 883.07837
26576 353.16248 862.2173
26593 312.91315 839.3919
26610 277.01456 816.2534
26627 245.45242 793.1615
26643 219.62271 771.76807
26660 196.13272 749.6775
26677 176.48015 728.48267
26693 161.2222 709.5141
26710 148.1275 690.5049
26727 137.88666 672.7075
26744 130.13249 656.07666
26761 124.51904 640.4902
26777 120.92108 626.6042
26794 118.66414 612.44916
26811 117.8702 598.6312
26827 118.40482 585.6603
26844 120.36985 571.62305
26861 123.90266 557.0401
26878 129.2179 541.6608
26894 136.10146 526.2813
26911 145.7273 508.85223
26928 158.08286 490.24203
26945 173.52545 470.4651
26961 191.18367 450.86514
26978 213.55345 429.14276
26995 239.88763 406.71176
27011 268.46436 385.19656
27028 302.9685 362.20654
27045 341.7803 339.4201
27062 384.86166 317.2005
27078 429.2034 297.13788
27095 480.16177 277.07434
27112 534.8171 258.64926
27128 589.3315 243.10242
27145 650.1378 228.77779
27162 713.46936 216.97261
27179 778.8236 207.90735
27195 841.69763 202.03214
27212 909.4103 198.72606
27229 977.48553 198.50818
27245 1041.3566 201.13156
27262 1108.446 206.8778
27279 1174.1733 215.56981
27296 1237.986 227.04869
27312 1295.8313 240.21028
27329 1354.4882 256.45618
27346 1409.8422 274.7414
27363 1461.5327 294.73572
27379 1506.5742 314.7963
27396 1550.39 337.07648
27413 1589.9073 359.9808
27430 1625.0704 383.13605
27446 1654.2119 404.83945
27463 1681.0771 427.49277
27480 1703.9005 449.4475
27497 1722.9333 470.47156
27513 1737.6581 489.25784
27530 1750.245 508.06268
27547 1760.0405 525.6577
27563 1767.0374 541.1642
27580 1772.4346 556.6463
27597 1776.0215 571.2998
27614 1778.0231 585.37714
27631 1778.5785 599.168
27647 1777.82 612.1613
27664 1775.6018 626.27124
27680 1772.0577 640.0866
27697 1766.5302 655.56665
27714 1758.9027 672.0581
27731 1748.8412 689.6843
27747 1736.829 707.35547
27764 1721.0255 727.25665
27781 1701.7607 748.22046
27798 1678.7377 770.07947
27814 1653.4175 791.26587
27831 1622.4646 814.1622
27848 1587.2339 837.14264
27865 1547.6963 859.8592
27882 1503.9037 881.94653
27898 1458.9177 901.8275
27915 1407.3143 921.6388
27932 1352.0664 939.7537
27948 1297.0524 954.95996
27965 1235.7864 968.8766
27982 1172.0769 980.23334
27999 1106.4335 988.8177
28015 1043.3735 994.21844
28032 975.5582 997.0061
28048 911.48145 996.80414
28065 843.69794 993.5878
28082 776.7985 987.3354
28099 711.35657 978.1602
28116 647.91943 966.2302
28132 590.5038 952.6807
28149 532.3766 936.0687
28166 477.61758 917.4709
28182 429.47055 898.45306
28199 382.1844 876.9796
28216 339.08682 854.5675
28233 300.30307 831.595
28249 267.77963 809.7944
28266 237.413 786.77606
28283 211.24507 764.222
28299 190.27832 743.668
28316 171.64476 722.7578
28333 156.45825 702.95984
28350 144.36864 684.36
28366 135.48969 667.9563
28383 128.36578 651.63214
28400 123.29316 636.3055
28417 119.987625 621.7682
28434 118.23744 607.7603
28450 117.89919 594.7968
28467 118.903015 580.9638
28484 121.37843 566.773
28500 125.19463 552.841
28517 131.05495 537.20184
28534 139.06898 520.5255
28551 149.57639 502.70074
28572 166.53113 479.04886
28584 178.42897 464.75235
28601 198.3088 443.6238
28617 220.48914 422.94803
28634 247.96552 400.366
28651 279.63528 377.4322
28668 315.59326 354.47125
28684 353.36847 333.151
28701 397.62265 311.15555
28718 445.9798 290.20105
28735 498.2203 270.65207
28751 550.67334 253.84897
28768 609.55334 237.99898
28785 671.26587 224.49762
28801 731.5135 214.16086
28818 797.33685 205.8924
28834 860.50977 200.80237
28851 928.38293 198.3534
28868 996.4537 199.0005
28885 1064.1289 202.73497
28901 1126.9363 209.01132
28918 1192.1838 218.49875
28935 1255.3684 230.71936
28952 1315.9833 245.44913
28968 1370.2731 261.3638
28985 1424.639 280.16013
29002 1475.2528 300.5684
29018 1519.2185 320.92484
29036 1564.2197 344.76004
29052 1600.1512 366.4284
29069 1634.1016 389.58914
29086 1663.7488 412.5506
29102 1687.8385 433.69644
29119 1709.577 455.41238
29136 1727.6053 476.14404
29153 1742.2437 495.74365
29169 1753.2415 513.0899
29186 1762.3243 530.3547
29203 1769.0793 546.49854
29219 1773.6058 560.806
29235 1776.5917 574.4372
29252 1778.2664 588.4257
29269 1778.5128 602.1946
29286 1777.3522 616.05237
29302 1774.906 629.44617
29319 1770.7097 644.3116
29336 1764.6279 660.05725
29352 1756.9099 675.8363
29369 1746.2653 693.7215
29386 1732.7511 712.7913
29403 1716.0149 733.0018
29419 1697.0266 752.96063
29436 1673.1418 774.9878
29453 1645.2112 797.6233
29470 1613.0729 820.5766
29486 1578.9031 842.1764
29503 1538.4219 864.78625
29520 1493.708 886.6853
29536 1447.8911 906.31476
29553 1395.4591 925.7822
29570 1339.4541 943.47894
29587 1280.2408 959.0841
29604 1218.2446 972.311
29620 1157.78 982.36664
29638 1087.8563 990.6939
29654 1024.5227 995.30475
29671 956.5747 997.23285
29688 888.5292 996.06226
29704 824.9282 992.1457
29721 758.37854 985.06445
29738 693.44196 975.1019
29755 630.6569 962.4406
29772 570.52264 947.3126
29788 516.7514 931.0683
29806 459.9504 910.80035
29822 413.04535 891.3301
29839 367.1545 869.49744
29855 327.83435 848.2015
29872 290.26456 825.1394
29889 257.04663 801.98865
29906 228.1151 779.0931
29923 203.32455 756.7609
29939 183.58017 736.49097
29956 166.14784 715.9421
29973 152.0476 696.5429
29989 141.49974 679.3898
30006 132.83466 662.32196
30023 126.43889 646.35406
30040 121.991554 631.3202
30056 119.3502 617.8208
30073 118.00766 603.90906
30089 118.03682 590.95807
30106 119.440125 577.055
30123 122.350716 562.71344
30139 126.63051 548.5749
30156 133.05922 532.6618
30173 141.73323 515.6733
30190 152.99953 497.51846
30206 166.29253 479.3517
30224 184.73369 457.72614
30240 204.51967 437.56918
30257 229.30766 415.38034
30273 256.36993 393.99268
30290 289.22934 371.01727
30307 326.38943 348.1106
30324 367.8433 325.62997
30340 410.70316 305.1916
30357 460.1686 284.59293
30374 513.44275 265.4989
30391 570.21246 248.25124
