838 662.0 891.0
850 650.0 890.0
861 620.0 885.0
873 576.0 877.0
885 528.0 867.0
897 484.0 853.0
909 451.0 840.0
920 421.0 825.0
932 391.0 808.0
944 363.0 790.0
956 336.0 769.0
968 311.0 747.0
980 289.0 724.0
992 270.0 701.0
1004 255.0 679.0
1016 243.0 657.0
1027 233.0 637.0
1039 226.0 618.0
1051 221.0 600.0
1063 217.0 583.0
1075 214.0 566.0
1087 214.0 550.0
1099 215.0 533.0
1110 217.0 517.0
1122 221.0 501.0
1134 227.0 486.0
1146 234.0 471.0
1157 242.0 456.0
1169 252.0 441.0
1181 263.0 427.0
1193 277.0 414.0
1205 292.0 401.0
1217 309.0 387.0
1228 326.0 374.0
1240 346.0 360.0
1252 368.0 346.0
1263 393.0 331.0
1275 419.0 316.0
1287 448.0 302.0
1299 479.0 289.0
1310 510.0 276.0
1322 542.0 263.0
1334 575.0 252.0
1346 609.0 242.0
1358 645.0 232.0
1369 682.0 224.0
1381 720.0 216.0
1393 757.0 209.0
1404 793.0 204.0
1417 829.0 201.0
1428 864.0 199.0
1440 898.0 197.0
1451 931.0 196.0
1463 964.0 195.0
1475 996.0 196.0
1487 1028.0 197.0
1499 1059.0 199.0
1510 1090.0 202.0
1522 1120.0 205.0
1534 1149.0 208.0
1545 1177.0 212.0
1557 1204.0 216.0
1569 1231.0 220.0
1581 1256.0 224.0
1592 1280.0 228.0
1604 1303.0 233.0
1616 1324.0 237.0
1628 1344.0 242.0
1640 1364.0 246.0
1651 1383.0 250.0
1663 1401.0 254.0
1675 1418.0 258.0
1687 1435.0 262.0
1698 1451.0 267.0
1710 1466.0 272.0
1722 1481.0 277.0
1734 1495.0 281.0
1746 1509.0 285.0
1757 1522.0 288.0
1769 1533.0 291.0
1781 1544.0 293.0
1793 1556.0 296.0
1805 1569.0 299.0
1816 1580.0 302.0
1828 1591.0 306.0
1840 1602.0 310.0
1852 1613.0 313.0
1863 1624.0 317.0
1875 1635.0 322.0
1887 1646.0 326.0
1899 1656.0 330.0
1910 1666.0 334.0
1922 1674.0 338.0
1934 1683.0 342.0
1946 1692.0 347.0
1958 1702.0 353.0
1969 1711.0 360.0
1981 1719.0 367.0
1993 1727.0 374.0
2005 1735.0 382.0
2017 1742.0 392.0
2028 1747.0 402.0
2040 1752.0 413.0
2052 1756.0 425.0
2064 1760.0 439.0
2076 1764.0 453.0
2087 1766.0 468.0
2099 1767.0 484.0
2111 1768.0 501.0
2123 1767.0 518.0
2135 1766.0 535.0
2146 1765.0 553.0
2158 1763.0 571.0
2170 1761.0 589.0
2182 1759.0 607.0
2194 1756.0 625.0
2206 1752.0 642.0
2218 1747.0 660.0
2230 1739.0 677.0
2241 1730.0 695.0
2253 1720.0 712.0
2265 1710.0 729.0
2277 1697.0 745.0
2289 1684.0 761.0
2301 1670.0 776.0
2312 1656.0 791.0
2324 1641.0 805.0
2336 1625.0 818.0
2348 1608.0 832.0
2360 1591.0 845.0
2372 1573.0 857.0
2384 1554.0 869.0
2396 1534.0 881.0
2408 1512.0 893.0
2419 1490.0 904.0
2431 1468.0 914.0
2443 1444.0 923.0
2455 1421.0 932.0
2467 1397.0 940.0
2479 1373.0 947.0
2491 1349.0 953.0
2503 1325.0 958.0
2515 1300.0 964.0
2527 1275.0 969.0
2539 1250.0 973.0
2550 1224.0 977.0
2562 1199.0 980.0
2574 1174.0 983.0
2586 1150.0 986.0
2598 1127.0 988.0
2610 1104.0 990.0
2622 1081.0 992.0
2633 1059.0 994.0
2646 1036.0 996.0
2657 1014.0 997.0
2669 992.0 998.0
2681 972.0 999.0
2693 952.0 999.0
2705 934.0 999.0
2717 916.0 1000.0
2729 898.0 1000.0
2741 880.0 1000.0
2752 862.0 999.0
2764 845.0 998.0
2776 827.0 998.0
2788 809.0 997.0
2800 791.0 996.0
2812 772.0 994.0
2824 754.0 993.0
2836 736.0 991.0
2848 718.0 990.0
2860 699.0 989.0
2871 680.0 988.0
2883 662.0 987.0
2895 643.0 985.0
2907 624.0 982.0
2919 604.0 979.0
2931 584.0 976.0
2943 565.0 972.0
2955 546.0 966.0
2967 527.0 960.0
2979 509.0 955.0
2990 491.0 949.0
3002 473.0 942.0
3014 454.0 935.0
3026 436.0 926.0
3038 417.0 916.0
3050 399.0 907.0
3062 381.0 897.0
3074 364.0 886.0
3086 347.0 874.0
3098 330.0 860.0
3109 314.0 846.0
3121 298.0 830.0
3133 283.0 813.0
3145 269.0 795.0
3157 257.0 774.0
3169 247.0 753.0
3181 242.0 731.0
3192 238.0 709.0
3204 235.0 687.0
3216 234.0 665.0
3228 233.0 642.0
3240 232.0 619.0
3252 232.0 596.0
3264 234.0 573.0
3276 236.0 550.0
3287 239.0 528.0
3299 244.0 507.0
3311 248.0 488.0
3323 254.0 470.0
3335 260.0 453.0
3346 266.0 437.0
3358 273.0 422.0
3370 280.0 408.0
3382 289.0 393.0
3393 298.0 379.0
3405 309.0 366.0
3417 321.0 352.0
3429 333.0 341.0
3441 347.0 330.0
3452 361.0 319.0
3464 377.0 310.0
3476 393.0 301.0
3488 409.0 294.0
3499 426.0 288.0
3511 444.0 282.0
3523 462.0 276.0
3535 481.0 270.0
3547 501.0 265.0
3558 520.0 261.0
3570 539.0 257.0
3582 559.0 253.0
3593 579.0 252.0
3606 599.0 250.0
3617 620.0 249.0
3629 640.0 248.0
3641 660.0 247.0
3652 680.0 246.0
3664 700.0 246.0
3676 719.0 246.0
3687 738.0 246.0
3699 757.0 247.0
3711 776.0 247.0
3723 795.0 247.0
3735 815.0 247.0
3746 834.0 248.0
3758 854.0 249.0
3770 874.0 250.0
3782 893.0 251.0
3793 911.0 252.0
3805 929.0 254.0
3817 947.0 255.0
3829 964.0 256.0
3840 981.0 257.0
3852 998.0 259.0
3864 1015.0 260.0
3876 1031.0 261.0
3887 1047.0 263.0
3899 1064.0 264.0
3911 1080.0 265.0
3923 1096.0 266.0
3935 1112.0 268.0
3946 1128.0 269.0
3958 1145.0 270.0
3970 1161.0 272.0
3982 1177.0 274.0
3994 1193.0 276.0
4006 1208.0 278.0
4017 1224.0 280.0
4029 1240.0 282.0
4041 1256.0 285.0
4052 1272.0 287.0
4064 1288.0 289.0
4076 1304.0 291.0
4088 1319.0 294.0
4099 1333.0 297.0
4111 1349.0 301.0
4123 1364.0 307.0
4135 1380.0 313.0
4147 1395.0 320.0
4158 1411.0 327.0
4170 1426.0 334.0
4182 1441.0 342.0
4194 1455.0 350.0
4206 1469.0 360.0
4217 1483.0 371.0
4229 1498.0 383.0
4241 1511.0 396.0
4253 1525.0 410.0
4265 1538.0 425.0
4277 1550.0 442.0
4288 1562.0 459.0
4300 1574.0 476.0
4312 1585.0 493.0
4324 1594.0 510.0
4335 1601.0 528.0
4348 1608.0 547.0
4359 1615.0 566.0
4371 1621.0 584.0
4383 1626.0 602.0
4395 1630.0 620.0
4407 1634.0 637.0
4418 1638.0 654.0
4430 1640.0 671.0
4442 1641.0 688.0
4454 1642.0 704.0
4466 1642.0 721.0
4478 1641.0 738.0
4490 1639.0 755.0
4502 1636.0 771.0
4513 1633.0 787.0
4526 1629.0 803.0
4537 1623.0 819.0
4549 1616.0 834.0
4561 1609.0 849.0
4573 1600.0 864.0
4585 1592.0 878.0
4597 1584.0 892.0
4609 1574.0 905.0
4620 1563.0 918.0
4632 1550.0 931.0
4645 1537.0 942.0
4656 1522.0 953.0
4668 1506.0 964.0
4680 1489.0 974.0
4692 1472.0 983.0
4704 1453.0 991.0
4716 1433.0 1000.0
4728 1412.0 1008.0
4740 1391.0 1015.0
4752 1370.0 1022.0
4763 1347.0 1028.0
4775 1325.0 1033.0
4787 1302.0 1037.0
4799 1278.0 1041.0
4811 1255.0 1045.0
4823 1231.0 1049.0
4835 1206.0 1053.0
4847 1182.0 1056.0
4859 1158.0 1060.0
4871 1134.0 1062.0
4883 1110.0 1064.0
4895 1086.0 1065.0
4907 1062.0 1066.0
4919 1037.0 1066.0
4930 1012.0 1066.0
4942 987.0 1066.0
4955 962.0 1065.0
4966 937.0 1064.0
4978 913.0 1062.0
4990 888.0 1061.0
5002 863.0 1059.0
5014 838.0 1058.0
5026 813.0 1056.0
5038 787.0 1054.0
5050 762.0 1052.0
5062 737.0 1049.0
5073 714.0 1045.0
5085 691.0 1042.0
5097 669.0 1038.0
5109 647.0 1033.0
5121 624.0 1027.0
5133 602.0 1021.0
5145 580.0 1014.0
5157 557.0 1007.0
5169 536.0 1000.0
5181 515.0 993.0
5192 493.0 985.0
5204 472.0 976.0
5216 451.0 966.0
5228 430.0 955.0
5240 409.0 942.0
5252 389.0 930.0
5264 371.0 916.0
5276 353.0 903.0
5288 337.0 888.0
5300 323.0 873.0
5311 310.0 858.0
5323 297.0 843.0
5335 285.0 826.0
5347 273.0 809.0
5359 262.0 791.0
5371 252.0 773.0
5383 244.0 754.0
5394 238.0 735.0
5406 233.0 716.0
5418 229.0 697.0
5430 227.0 678.0
5442 226.0 660.0
5454 226.0 641.0
5465 225.0 623.0
5477 226.0 605.0
5489 227.0 588.0
5501 230.0 571.0
5513 234.0 553.0
5524 240.0 535.0
5537 248.0 518.0
5548 257.0 500.0
5560 267.0 482.0
5572 279.0 466.0
5584 292.0 451.0
5596 305.0 436.0
5607 320.0 421.0
5619 335.0 408.0
5631 352.0 394.0
5643 371.0 381.0
5654 392.0 368.0
5666 414.0 356.0
5678 436.0 344.0
5690 458.0 334.0
5702 480.0 325.0
5713 503.0 316.0
5725 526.0 309.0
5737 548.0 302.0
5749 570.0 297.0
5760 593.0 292.0
5772 617.0 288.0
5784 641.0 285.0
5796 665.0 282.0
5808 689.0 279.0
5819 713.0 276.0
5831 735.0 274.0
5843 758.0 273.0
5855 780.0 272.0
5867 802.0 272.0
5878 825.0 272.0
5890 849.0 273.0
5902 873.0 274.0
5914 896.0 276.0
5926 918.0 278.0
5937 941.0 279.0
5949 963.0 281.0
5961 984.0 283.0
5973 1005.0 285.0
5984 1026.0 287.0
5996 1047.0 288.0
6008 1068.0 290.0
6020 1089.0 292.0
6031 1109.0 294.0
6043 1130.0 297.0
6055 1150.0 300.0
6067 1169.0 303.0
6078 1188.0 306.0
6090 1207.0 309.0
6102 1226.0 312.0
6114 1244.0 315.0
6126 1262.0 319.0
6138 1280.0 322.0
6149 1297.0 326.0
6161 1315.0 330.0
6173 1332.0 334.0
6185 1348.0 337.0
6196 1363.0 340.0
6208 1379.0 344.0
6220 1394.0 348.0
6232 1409.0 351.0
6243 1424.0 356.0
6255 1439.0 362.0
6267 1453.0 368.0
6279 1468.0 374.0
6291 1482.0 379.0
6302 1496.0 385.0
6314 1509.0 391.0
6326 1522.0 398.0
6338 1534.0 406.0
6349 1547.0 414.0
6361 1559.0 422.0
6373 1572.0 430.0
6385 1584.0 440.0
6397 1596.0 451.0
6409 1608.0 463.0
6420 1620.0 476.0
6432 1631.0 489.0
6444 1642.0 503.0
6456 1652.0 519.0
6468 1663.0 535.0
6479 1671.0 552.0
6491 1678.0 570.0
6503 1684.0 590.0
6515 1689.0 609.0
6527 1694.0 629.0
6539 1698.0 649.0
6550 1701.0 668.0
6562 1702.0 687.0
6575 1702.0 706.0
6586 1700.0 724.0
6598 1698.0 741.0
6610 1695.0 759.0
6622 1692.0 777.0
6634 1687.0 794.0
6646 1682.0 811.0
6658 1678.0 828.0
6669 1672.0 845.0
6681 1667.0 861.0
6693 1659.0 876.0
6705 1650.0 892.0
6717 1640.0 905.0
6729 1630.0 918.0
6741 1620.0 930.0
6753 1609.0 943.0
6765 1597.0 954.0
6777 1584.0 966.0
6789 1569.0 977.0
6800 1552.0 987.0
6812 1535.0 997.0
6824 1517.0 1006.0
6836 1498.0 1015.0
6848 1478.0 1023.0
6860 1458.0 1030.0
6872 1436.0 1036.0
6884 1413.0 1041.0
6896 1391.0 1046.0
6908 1368.0 1051.0
6919 1345.0 1055.0
6931 1323.0 1059.0
6943 1301.0 1063.0
6955 1278.0 1067.0
6967 1257.0 1070.0
6979 1235.0 1073.0
6991 1214.0 1074.0
7003 1193.0 1075.0
7015 1172.0 1075.0
7027 1150.0 1076.0
7039 1127.0 1076.0
7050 1104.0 1077.0
7062 1082.0 1077.0
7074 1059.0 1078.0
7086 1037.0 1078.0
7098 1014.0 1078.0
7110 990.0 1078.0
7122 966.0 1078.0
7134 942.0 1077.0
7146 918.0 1077.0
7158 894.0 1076.0
7169 869.0 1075.0
7181 845.0 1074.0
7193 820.0 1073.0
7205 796.0 1070.0
7217 771.0 1067.0
7229 747.0 1064.0
7241 724.0 1061.0
7253 700.0 1058.0
7265 676.0 1055.0
7277 652.0 1051.0
7289 629.0 1047.0
7300 606.0 1042.0
7312 583.0 1038.0
7324 561.0 1033.0
7336 539.0 1028.0
7348 517.0 1022.0
7360 495.0 1015.0
7372 473.0 1006.0
7384 452.0 998.0
7396 433.0 989.0
7408 413.0 980.0
7419 395.0 970.0
7431 376.0 960.0
7443 358.0 950.0
7455 339.0 938.0
7467 320.0 924.0
7479 302.0 910.0
7491 284.0 895.0
7503 268.0 878.0
7514 254.0 862.0
7527 243.0 845.0
7538 232.0 827.0
7550 221.0 810.0
7562 213.0 793.0
7574 206.0 774.0
7586 202.0 755.0
7597 198.0 734.0
7609 197.0 711.0
7621 197.0 689.0
7633 200.0 666.0
7645 203.0 645.0
7656 208.0 623.0
7668 216.0 603.0
7680 225.0 583.0
7692 235.0 563.0
7704 245.0 544.0
7716 255.0 526.0
7728 266.0 509.0
7739 279.0 493.0
7751 291.0 478.0
7763 305.0 465.0
7775 320.0 451.0
7787 336.0 438.0
7799 352.0 425.0
7810 369.0 414.0
7822 389.0 402.0
7834 409.0 390.0
7846 430.0 379.0
7858 452.0 368.0
7869 473.0 358.0
7881 495.0 349.0
7893 517.0 341.0
7904 539.0 333.0
7916 561.0 327.0
7928 584.0 320.0
7940 608.0 314.0
7952 631.0 309.0
7963 654.0 304.0
7975 677.0 300.0
7987 700.0 296.0
7999 723.0 292.0
8011 746.0 289.0
8022 769.0 286.0
8034 792.0 284.0
8046 816.0 281.0
8057 839.0 279.0
8069 861.0 277.0
8081 884.0 275.0
8093 906.0 274.0
8105 927.0 272.0
8116 948.0 271.0
8128 969.0 270.0
8140 990.0 269.0
8152 1012.0 268.0
8164 1034.0 268.0
8176 1056.0 268.0
8187 1078.0 268.0
8199 1099.0 269.0
8211 1120.0 270.0
8223 1141.0 272.0
8235 1161.0 274.0
8246 1182.0 276.0
8258 1203.0 278.0
8270 1224.0 280.0
8282 1245.0 283.0
8293 1265.0 286.0
8305 1286.0 289.0
8317 1305.0 292.0
8329 1325.0 295.0
8340 1344.0 299.0
8352 1363.0 304.0
8364 1382.0 311.0
8376 1401.0 318.0
8388 1420.0 325.0
8399 1438.0 332.0
8411 1456.0 338.0
8423 1473.0 345.0
8435 1491.0 352.0
8447 1507.0 360.0
8458 1523.0 369.0
8470 1539.0 377.0
8482 1555.0 385.0
8494 1571.0 393.0
8506 1586.0 403.0
8517 1600.0 413.0
8529 1614.0 422.0
8541 1628.0 432.0
8553 1642.0 442.0
8565 1657.0 452.0
8576 1670.0 463.0
8588 1683.0 475.0
8600 1697.0 487.0
8612 1709.0 499.0
8623 1721.0 512.0
8636 1732.0 525.0
8647 1742.0 539.0
8659 1751.0 554.0
8671 1758.0 570.0
8683 1763.0 587.0
8695 1768.0 604.0
8706 1772.0 621.0
8718 1774.0 639.0
8730 1774.0 656.0
8742 1772.0 675.0
8753 1770.0 693.0
8766 1767.0 713.0
8777 1764.0 733.0
8789 1759.0 752.0
8801 1754.0 771.0
8813 1748.0 789.0
8825 1741.0 807.0
8837 1732.0 824.0
8848 1723.0 839.0
8860 1714.0 853.0
8872 1705.0 865.0
8884 1696.0 877.0
8896 1686.0 888.0
8908 1675.0 899.0
8920 1663.0 909.0
8932 1649.0 919.0
8944 1633.0 929.0
8955 1616.0 939.0
8967 1599.0 948.0
8979 1581.0 956.0
8991 1561.0 965.0
9003 1540.0 973.0
9015 1519.0 980.0
9027 1496.0 987.0
9039 1473.0 993.0
9051 1449.0 998.0
9063 1424.0 1004.0
9074 1399.0 1010.0
9086 1373.0 1016.0
9099 1346.0 1021.0
9110 1320.0 1026.0
9122 1294.0 1030.0
9134 1268.0 1034.0
9146 1242.0 1037.0
9158 1216.0 1039.0
9170 1190.0 1041.0
9182 1165.0 1043.0
9193 1139.0 1045.0
9206 1114.0 1047.0
9217 1089.0 1049.0
9229 1065.0 1050.0
9241 1042.0 1051.0
9253 1020.0 1052.0
9265 998.0 1052.0
9277 976.0 1052.0
9289 954.0 1051.0
9301 933.0 1051.0
9313 911.0 1050.0
9325 889.0 1049.0
9337 868.0 1047.0
9348 847.0 1045.0
9360 827.0 1043.0
9372 806.0 1041.0
9384 786.0 1039.0
9396 767.0 1037.0
9408 747.0 1035.0
9420 727.0 1033.0
9432 707.0 1030.0
9444 687.0 1027.0
9456 666.0 1023.0
9467 645.0 1018.0
9479 624.0 1013.0
9491 604.0 1008.0
9503 584.0 1002.0
9515 564.0 996.0
9527 545.0 990.0
9539 527.0 984.0
9551 509.0 977.0
9562 492.0 968.0
9574 474.0 959.0
9586 457.0 950.0
9598 440.0 940.0
9610 424.0 930.0
9622 409.0 919.0
9634 393.0 907.0
9646 378.0 895.0
9658 363.0 882.0
9670 349.0 867.0
9681 335.0 852.0
9693 322.0 836.0
9705 310.0 820.0
9717 299.0 804.0
9729 290.0 788.0
9741 282.0 771.0
9753 274.0 755.0
9765 265.0 739.0
9776 256.0 722.0
9788 247.0 705.0
9800 241.0 687.0
9812 235.0 669.0
9824 231.0 650.0
9836 227.0 631.0
9847 227.0 610.0
9859 228.0 589.0
9871 231.0 568.0
9883 237.0 547.0
9895 244.0 525.0
9906 252.0 505.0
9918 262.0 484.0
9930 273.0 465.0
9942 286.0 446.0
9953 301.0 427.0
9965 317.0 409.0
9977 333.0 391.0
9989 349.0 375.0
10001 366.0 360.0
10012 383.0 346.0
10024 401.0 334.0
10036 420.0 322.0
10048 440.0 311.0
10059 461.0 300.0
10071 483.0 289.0
10083 506.0 281.0
10095 528.0 274.0
10107 550.0 266.0
10118 574.0 260.0
10130 598.0 254.0
10142 623.0 249.0
10153 647.0 245.0
10165 672.0 241.0
10177 696.0 237.0
10189 720.0 235.0
10200 743.0 233.0
10212 767.0 231.0
10224 791.0 229.0
10236 815.0 227.0
10247 840.0 225.0
10259 865.0 225.0
10271 890.0 224.0
10283 915.0 223.0
10295 939.0 222.0
10306 962.0 221.0
10318 984.0 221.0
10330 1007.0 222.0
10342 1031.0 223.0
10353 1055.0 224.0
10365 1078.0 225.0
10377 1102.0 227.0
10389 1126.0 229.0
10400 1151.0 232.0
10412 1175.0 235.0
10424 1199.0 239.0
10436 1222.0 243.0
10447 1244.0 246.0
10459 1266.0 249.0
10471 1288.0 253.0
10483 1309.0 257.0
10495 1330.0 263.0
10507 1351.0 269.0
10518 1372.0 277.0
10530 1393.0 284.0
10542 1413.0 291.0
10553 1433.0 299.0
10566 1453.0 307.0
10577 1471.0 316.0
10589 1490.0 325.0
10601 1508.0 335.0
10612 1524.0 343.0
10624 1539.0 352.0
10636 1554.0 362.0
10648 1569.0 372.0
10659 1583.0 382.0
10671 1596.0 392.0
10683 1609.0 402.0
10695 1622.0 413.0
10707 1633.0 424.0
10719 1644.0 435.0
10730 1655.0 447.0
10742 1666.0 460.0
10754 1675.0 472.0
10766 1683.0 484.0
10778 1691.0 498.0
10789 1699.0 511.0
10801 1706.0 525.0
10813 1712.0 539.0
10825 1717.0 554.0
10837 1722.0 568.0
10848 1727.0 584.0
10860 1733.0 600.0
10872 1739.0 615.0
10884 1744.0 631.0
10896 1748.0 646.0
10908 1751.0 661.0
10919 1752.0 676.0
10931 1754.0 690.0
10943 1754.0 706.0
10955 1753.0 723.0
10967 1752.0 740.0
10979 1750.0 757.0
10991 1747.0 775.0
11003 1744.0 792.0
11015 1738.0 810.0
11026 1731.0 827.0
11038 1722.0 845.0
11050 1714.0 861.0
11062 1704.0 877.0
11074 1691.0 893.0
11086 1678.0 907.0
11098 1664.0 921.0
11109 1648.0 935.0
11121 1631.0 948.0
11133 1614.0 961.0
11145 1597.0 973.0
11157 1580.0 985.0
11169 1562.0 996.0
11181 1542.0 1007.0
11193 1522.0 1018.0
11205 1502.0 1028.0
11217 1480.0 1036.0
11229 1457.0 1042.0
11241 1434.0 1048.0
11253 1410.0 1054.0
11265 1387.0 1058.0
11277 1363.0 1062.0
11288 1339.0 1066.0
11300 1315.0 1070.0
11312 1291.0 1072.0
11324 1267.0 1074.0
11336 1243.0 1075.0
11348 1219.0 1076.0
11360 1196.0 1077.0
11372 1172.0 1077.0
11384 1149.0 1077.0
11396 1125.0 1077.0
11408 1101.0 1076.0
11420 1078.0 1075.0
11431 1055.0 1074.0
11443 1032.0 1073.0
11455 1008.0 1071.0
11467 984.0 1069.0
11479 961.0 1067.0
11491 938.0 1065.0
11503 914.0 1063.0
11515 890.0 1061.0
11527 866.0 1060.0
11539 842.0 1058.0
11551 818.0 1056.0
11563 794.0 1054.0
11575 770.0 1051.0
11587 747.0 1048.0
11598 724.0 1045.0
11610 702.0 1041.0
11622 679.0 1038.0
11634 656.0 1036.0
11646 633.0 1033.0
11658 610.0 1031.0
11670 587.0 1028.0
11682 564.0 1024.0
11694 541.0 1019.0
11706 519.0 1015.0
11717 497.0 1009.0
11729 476.0 1003.0
11741 455.0 997.0
11753 434.0 992.0
11765 414.0 985.0
11777 394.0 978.0
11789 375.0 970.0
11801 357.0 961.0
11813 339.0 951.0
11825 321.0 942.0
11837 304.0 932.0
11848 288.0 921.0
11860 271.0 911.0
11872 254.0 900.0
11884 238.0 888.0
11896 222.0 874.0
11908 208.0 860.0
11920 196.0 846.0
11931 184.0 830.0
11943 173.0 813.0
11955 164.0 796.0
11967 159.0 778.0
11979 155.0 757.0
11991 152.0 736.0
12002 151.0 714.0
12014 151.0 690.0
12026 152.0 666.0
12038 154.0 642.0
12050 157.0 617.0
12062 161.0 592.0
12073 167.0 567.0
12086 175.0 542.0
12097 184.0 520.0
12109 193.0 498.0
12121 202.0 478.0
12132 212.0 458.0
12145 223.0 440.0
12156 236.0 422.0
12168 249.0 405.0
12180 263.0 388.0
12192 278.0 371.0
12203 293.0 355.0
12215 308.0 341.0
12227 324.0 327.0
12239 340.0 315.0
12251 356.0 304.0
12262 373.0 294.0
12274 392.0 287.0
12286 412.0 279.0
12298 433.0 270.0
12310 455.0 262.0
12321 477.0 254.0
12333 499.0 247.0
12345 521.0 240.0
12356 543.0 234.0
12368 565.0 229.0
12380 587.0 224.0
12392 610.0 220.0
12403 633.0 217.0
12415 657.0 213.0
12427 682.0 210.0
12439 707.0 208.0
12450 732.0 206.0
12462 755.0 204.0
12474 779.0 203.0
12486 802.0 202.0
12497 824.0 201.0
12509 847.0 200.0
12521 870.0 199.0
12532 893.0 199.0
12544 916.0 198.0
12556 939.0 198.0
12568 961.0 199.0
12579 983.0 200.0
12591 1004.0 200.0
12603 1025.0 201.0
12615 1046.0 202.0
12627 1067.0 203.0
12638 1088.0 204.0
12650 1109.0 204.0
12661 1130.0 205.0
12673 1150.0 206.0
12685 1171.0 207.0
12697 1191.0 208.0
12709 1212.0 210.0
12720 1234.0 212.0
12732 1255.0 215.0
12744 1275.0 218.0
12756 1295.0 222.0
12767 1315.0 226.0
12779 1335.0 230.0
12791 1354.0 236.0
12803 1373.0 241.0
12815 1391.0 248.0
12826 1409.0 254.0
12838 1428.0 262.0
12850 1447.0 271.0
12861 1466.0 281.0
12873 1486.0 290.0
12885 1505.0 300.0
12897 1524.0 312.0
12909 1543.0 324.0
12920 1561.0 337.0
12932 1579.0 351.0
12944 1597.0 365.0
12956 1615.0 380.0
12968 1633.0 396.0
12979 1651.0 411.0
12991 1666.0 427.0
13003 1680.0 443.0
13015 1694.0 460.0
13027 1708.0 477.0
13038 1723.0 494.0
13050 1738.0 511.0
13062 1752.0 528.0
13074 1765.0 546.0
13086 1778.0 563.0
13098 1790.0 581.0
13109 1800.0 599.0
13121 1808.0 616.0
13133 1813.0 634.0
13145 1817.0 652.0
13157 1819.0 669.0
13169 1818.0 685.0
13180 1816.0 701.0
13192 1813.0 717.0
13204 1808.0 732.0
13216 1802.0 748.0
13228 1794.0 765.0
13240 1784.0 782.0
13251 1774.0 799.0
13263 1762.0 815.0
13275 1749.0 831.0
13287 1734.0 845.0
13299 1719.0 857.0
13311 1703.0 869.0
13323 1687.0 880.0
13335 1672.0 891.0
13346 1656.0 900.0
13359 1639.0 908.0
13370 1622.0 916.0
13382 1604.0 924.0
13394 1584.0 933.0
13406 1563.0 941.0
13418 1541.0 948.0
13430 1518.0 955.0
13442 1494.0 961.0
13454 1470.0 968.0
13466 1445.0 974.0
13478 1420.0 980.0
13489 1395.0 985.0
13501 1369.0 989.0
13513 1342.0 994.0
13525 1314.0 998.0
13537 1286.0 1002.0
13549 1258.0 1006.0
13561 1229.0 1010.0
13573 1201.0 1013.0
13585 1173.0 1016.0
13597 1146.0 1018.0
13608 1118.0 1019.0
13620 1091.0 1021.0
13632 1065.0 1021.0
13644 1039.0 1021.0
13656 1013.0 1021.0
13668 988.0 1020.0
13680 963.0 1019.0
13692 938.0 1017.0
13704 913.0 1015.0
13716 889.0 1014.0
13728 865.0 1012.0
13740 841.0 1009.0
13752 817.0 1006.0
13763 793.0 1003.0
13776 769.0 1000.0
13787 745.0 997.0
13799 723.0 994.0
13811 701.0 990.0
13823 679.0 987.0
13835 657.0 983.0
13847 635.0 980.0
13859 614.0 976.0
13871 591.0 972.0
13882 569.0 967.0
13895 547.0 962.0
13906 525.0 956.0
13918 503.0 951.0
13930 482.0 944.0
13942 461.0 937.0
13954 440.0 928.0
13966 420.0 920.0
13978 400.0 911.0
13990 382.0 903.0
14001 364.0 894.0
14013 346.0 884.0
14025 331.0 873.0
14037 318.0 860.0
14049 305.0 846.0
14061 293.0 831.0
14073 282.0 816.0
14085 270.0 799.0
14097 259.0 782.0
14108 249.0 765.0
14120 240.0 748.0
14132 233.0 729.0
14144 226.0 710.0
14156 220.0 691.0
14168 215.0 671.0
14179 211.0 652.0
14191 208.0 633.0
14203 207.0 613.0
14215 208.0 594.0
14227 209.0 575.0
14239 212.0 557.0
14251 216.0 539.0
14262 223.0 521.0
14274 231.0 505.0
14286 239.0 489.0
14298 246.0 474.0
14309 255.0 458.0
14321 264.0 442.0
14333 274.0 426.0
14345 286.0 412.0
14357 299.0 399.0
14369 312.0 386.0
14380 326.0 374.0
14392 341.0 362.0
14404 357.0 351.0
14416 374.0 343.0
14428 390.0 334.0
14439 407.0 327.0
14451 425.0 319.0
14463 443.0 311.0
14475 461.0 304.0
14487 479.0 298.0
14498 498.0 294.0
14510 517.0 289.0
14522 537.0 285.0
14533 557.0 281.0
14545 578.0 277.0
14557 599.0 274.0
14569 620.0 271.0
14580 640.0 268.0
14592 661.0 265.0
14604 682.0 263.0
14616 703.0 261.0
14628 725.0 259.0
14639 746.0 257.0
14651 767.0 255.0
14663 789.0 253.0
14675 811.0 251.0
14687 833.0 250.0
14698 854.0 249.0
14710 875.0 247.0
14722 896.0 246.0
14733 918.0 245.0
14745 939.0 245.0
14757 960.0 245.0
14769 980.0 245.0
14780 1000.0 244.0
14792 1020.0 244.0
14804 1039.0 244.0
14816 1058.0 243.0
14827 1077.0 243.0
14839 1095.0 244.0
14851 1114.0 244.0
14862 1134.0 245.0
14874 1152.0 246.0
14886 1171.0 247.0
14898 1189.0 248.0
14909 1207.0 249.0
14921 1226.0 250.0
14933 1244.0 251.0
14945 1262.0 253.0
14957 1279.0 255.0
14969 1297.0 257.0
14980 1315.0 260.0
14992 1334.0 264.0
15004 1352.0 270.0
15016 1370.0 276.0
15027 1389.0 282.0
15039 1407.0 289.0
15051 1425.0 297.0
15063 1443.0 306.0
15075 1461.0 316.0
15086 1479.0 326.0
15098 1497.0 337.0
15110 1515.0 348.0
15122 1533.0 359.0
15133 1551.0 371.0
15146 1568.0 383.0
15157 1586.0 396.0
15169 1603.0 409.0
15181 1620.0 422.0
15192 1636.0 435.0
15204 1652.0 449.0
15216 1668.0 464.0
15228 1682.0 478.0
15240 1694.0 494.0
15251 1706.0 511.0
15263 1716.0 528.0
15275 1725.0 545.0
15287 1733.0 563.0
15299 1740.0 581.0
15311 1746.0 599.0
15322 1751.0 617.0
15334 1755.0 635.0
15346 1759.0 652.0
15358 1761.0 669.0
15370 1763.0 685.0
15381 1764.0 700.0
15393 1764.0 716.0
15405 1763.0 731.0
15417 1762.0 746.0
15429 1760.0 761.0
15441 1757.0 775.0
15452 1753.0 789.0
15464 1748.0 803.0
15476 1741.0 816.0
15488 1733.0 829.0
15500 1724.0 842.0
15512 1716.0 853.0
15524 1706.0 864.0
15536 1696.0 875.0
15548 1683.0 886.0
15560 1670.0 897.0
15571 1655.0 906.0
15583 1638.0 915.0
15596 1621.0 924.0
15607 1601.0 933.0
15619 1579.0 941.0
15631 1557.0 947.0
15643 1533.0 953.0
15655 1510.0 958.0
15667 1487.0 963.0
15679 1463.0 969.0
15691 1438.0 974.0
15702 1414.0 979.0
15715 1389.0 983.0
15727 1363.0 987.0
15738 1337.0 991.0
15750 1311.0 994.0
15762 1286.0 996.0
15774 1261.0 998.0
15786 1236.0 1000.0
15798 1211.0 1001.0
15810 1186.0 1003.0
15821 1161.0 1003.0
15833 1137.0 1004.0
15845 1113.0 1005.0
15857 1089.0 1005.0
15869 1065.0 1005.0
15881 1041.0 1005.0
15893 1015.0 1006.0
15905 990.0 1006.0
15917 965.0 1007.0
15929 940.0 1007.0
15941 916.0 1007.0
15952 891.0 1008.0
15964 867.0 1007.0
15976 843.0 1007.0
15988 818.0 1006.0
16000 794.0 1004.0
16012 770.0 1003.0
16024 746.0 1000.0
16036 721.0 998.0
16048 697.0 995.0
16060 673.0 992.0
16071 650.0 989.0
16083 627.0 985.0
16095 605.0 981.0
16107 583.0 976.0
16119 561.0 970.0
16131 540.0 964.0
16143 519.0 957.0
16155 499.0 949.0
16167 479.0 941.0
16178 460.0 931.0
16190 442.0 921.0
16202 424.0 910.0
16214 408.0 899.0
16226 393.0 886.0
16238 380.0 874.0
16250 367.0 860.0
16261 353.0 845.0
16273 340.0 830.0
16286 327.0 813.0
16297 315.0 796.0
16309 304.0 778.0
16321 293.0 760.0
16333 285.0 742.0
16345 277.0 724.0
16357 270.0 708.0
16368 263.0 692.0
16380 257.0 677.0
16392 252.0 661.0
16404 248.0 644.0
16416 246.0 625.0
16427 246.0 605.0
16439 247.0 585.0
16451 250.0 566.0
16463 253.0 548.0
16475 257.0 530.0
16486 263.0 513.0
16498 270.0 497.0
16510 278.0 482.0
16522 286.0 467.0
16534 295.0 452.0
16546 305.0 437.0
16557 318.0 422.0
16569 331.0 409.0
16581 345.0 396.0
16593 360.0 384.0
16605 375.0 372.0
16616 390.0 361.0
16628 406.0 350.0
16640 422.0 341.0
16652 439.0 332.0
16663 456.0 324.0
16675 473.0 317.0
16687 491.0 310.0
16699 508.0 304.0
16710 526.0 299.0
16722 544.0 294.0
16734 562.0 289.0
16746 581.0 285.0
16757 601.0 280.0
16769 620.0 275.0
16781 640.0 269.0
16793 659.0 264.0
16805 678.0 259.0
16816 698.0 255.0
16828 717.0 251.0
16839 735.0 248.0
16851 754.0 245.0
16863 773.0 242.0
16875 792.0 239.0
16887 811.0 236.0
16898 830.0 233.0
16910 849.0 230.0
16922 869.0 228.0
16934 888.0 227.0
16946 907.0 225.0
16958 925.0 224.0
16969 944.0 222.0
16981 962.0 221.0
16992 980.0 219.0
17004 998.0 218.0
17016 1017.0 217.0
17028 1036.0 217.0
17039 1054.0 217.0
17051 1072.0 217.0
17063 1091.0 217.0
17075 1110.0 218.0
17087 1129.0 220.0
17098 1148.0 221.0
17110 1167.0 222.0
17122 1186.0 224.0
17134 1205.0 226.0
17146 1225.0 228.0
17157 1245.0 231.0
17169 1264.0 234.0
17181 1284.0 237.0
17192 1303.0 240.0
17204 1323.0 243.0
17216 1342.0 247.0
17228 1361.0 251.0
17239 1381.0 256.0
17251 1400.0 262.0
17263 1420.0 269.0
17275 1441.0 276.0
17287 1460.0 283.0
17298 1480.0 290.0
17310 1498.0 296.0
17322 1516.0 305.0
17334 1534.0 314.0
17346 1551.0 324.0
17357 1569.0 335.0
17369 1586.0 345.0
17381 1604.0 355.0
17393 1620.0 365.0
17404 1636.0 377.0
17416 1651.0 389.0
17428 1665.0 402.0
17440 1678.0 415.0
17452 1691.0 428.0
17463 1704.0 443.0
17475 1716.0 457.0
17487 1727.0 472.0
17499 1737.0 488.0
17511 1747.0 504.0
17522 1754.0 519.0
17534 1760.0 535.0
17546 1766.0 551.0
17558 1772.0 567.0
17570 1779.0 583.0
17582 1785.0 598.0
17593 1790.0 614.0
17605 1794.0 629.0
17617 1798.0 644.0
17629 1799.0 658.0
17641 1798.0 672.0
17653 1797.0 686.0
17664 1794.0 701.0
17676 1790.0 716.0
17688 1782.0 731.0
17700 1772.0 747.0
17712 1760.0 762.0
17724 1746.0 777.0
17736 1730.0 792.0
17748 1713.0 806.0
17760 1693.0 819.0
17771 1673.0 832.0
17783 1652.0 844.0
17795 1630.0 855.0
17807 1608.0 867.0
17819 1585.0 879.0
17831 1561.0 891.0
17843 1537.0 903.0
17855 1512.0 915.0
17866 1486.0 926.0
17878 1460.0 937.0
17890 1433.0 947.0
17902 1407.0 955.0
17914 1381.0 962.0
17926 1354.0 970.0
17938 1328.0 978.0
17950 1302.0 984.0
17962 1276.0 990.0
17973 1251.0 995.0
17986 1226.0 999.0
17997 1201.0 1003.0
18009 1176.0 1008.0
18021 1152.0 1012.0
18033 1127.0 1016.0
18045 1102.0 1020.0
18057 1076.0 1023.0
18069 1051.0 1027.0
18081 1026.0 1030.0
18093 1001.0 1032.0
18104 975.0 1033.0
18117 950.0 1034.0
18128 925.0 1035.0
18140 900.0 1035.0
18152 875.0 1035.0
18164 849.0 1035.0
18176 822.0 1034.0
18188 795.0 1034.0
18200 768.0 1033.0
18212 741.0 1031.0
18224 715.0 1029.0
18236 690.0 1026.0
18247 664.0 1023.0
18259 639.0 1020.0
18271 614.0 1015.0
18283 588.0 1010.0
18295 563.0 1004.0
18307 538.0 997.0
18319 514.0 990.0
18331 492.0 982.0
18342 471.0 973.0
18354 450.0 963.0
18366 430.0 952.0
18378 409.0 940.0
18390 389.0 928.0
18402 370.0 915.0
18414 352.0 900.0
18426 334.0 885.0
18438 319.0 869.0
18449 305.0 853.0
18461 291.0 837.0
18473 277.0 821.0
18485 263.0 804.0
18497 249.0 787.0
18509 236.0 770.0
18521 223.0 752.0
18533 212.0 732.0
18545 201.0 712.0
18556 194.0 691.0
18568 186.0 671.0
18580 179.0 650.0
18592 173.0 630.0
18604 169.0 611.0
18616 166.0 592.0
18627 165.0 574.0
18639 166.0 555.0
18651 167.0 537.0
18663 170.0 519.0
18674 173.0 502.0
18687 178.0 484.0
18698 184.0 468.0
18710 192.0 452.0
18722 199.0 437.0
18733 208.0 423.0
18745 218.0 408.0
18757 231.0 394.0
18769 245.0 380.0
18780 260.0 366.0
18792 277.0 352.0
18804 294.0 340.0
18816 313.0 328.0
18828 333.0 317.0
18840 355.0 306.0
18851 377.0 297.0
18863 400.0 290.0
18875 422.0 283.0
18887 445.0 276.0
18899 469.0 269.0
18910 492.0 262.0
18922 516.0 256.0
18934 540.0 251.0
18945 564.0 246.0
18957 589.0 242.0
18969 613.0 237.0
18981 638.0 233.0
18992 663.0 230.0
19004 688.0 226.0
19016 713.0 224.0
19028 738.0 221.0
19039 762.0 219.0
19051 785.0 217.0
19063 809.0 215.0
19075 833.0 214.0
19087 856.0 214.0
19098 878.0 213.0
19110 901.0 212.0
19122 924.0 211.0
19133 946.0 210.0
19145 968.0 209.0
19157 989.0 208.0
19168 1010.0 208.0
19180 1030.0 207.0
19192 1050.0 207.0
19204 1071.0 206.0
19216 1091.0 206.0
19227 1112.0 206.0
19239 1133.0 205.0
19251 1154.0 205.0
19262 1174.0 206.0
19274 1194.0 206.0
19286 1215.0 207.0
19298 1236.0 207.0
19309 1257.0 208.0
19321 1278.0 210.0
19333 1298.0 211.0
19344 1318.0 213.0
19356 1337.0 215.0
19368 1356.0 218.0
19380 1375.0 221.0
19392 1394.0 225.0
19403 1412.0 229.0
19415 1430.0 234.0
19427 1447.0 239.0
19439 1465.0 245.0
19450 1482.0 251.0
19462 1499.0 258.0
19474 1516.0 266.0
19486 1533.0 275.0
19498 1550.0 285.0
19509 1567.0 295.0
19521 1583.0 306.0
19533 1600.0 319.0
19545 1617.0 333.0
19557 1633.0 346.0
19568 1649.0 361.0
19580 1665.0 375.0
19592 1679.0 390.0
19604 1693.0 406.0
19616 1707.0 423.0
19627 1719.0 440.0
19639 1731.0 460.0
19651 1743.0 481.0
19663 1754.0 504.0
19675 1765.0 526.0
19687 1773.0 548.0
19698 1780.0 571.0
19710 1786.0 592.0
19722 1791.0 613.0
19734 1795.0 633.0
19746 1797.0 654.0
19757 1797.0 674.0
19769 1795.0 693.0
19781 1792.0 712.0
19793 1787.0 731.0
19805 1780.0 750.0
19817 1771.0 768.0
19828 1762.0 786.0
19840 1753.0 802.0
19852 1743.0 818.0
19864 1731.0 834.0
19876 1718.0 850.0
19888 1703.0 865.0
19900 1686.0 879.0
19912 1667.0 892.0
19923 1644.0 904.0
19935 1621.0 915.0
19947 1596.0 926.0
19959 1569.0 936.0
19971 1541.0 946.0
19983 1511.0 954.0
19995 1480.0 962.0
20007 1448.0 969.0
20019 1416.0 976.0
20031 1385.0 981.0
20042 1354.0 987.0
20054 1323.0 991.0
20066 1292.0 996.0
20078 1261.0 1001.0
20090 1231.0 1006.0
20102 1201.0 1011.0
20114 1172.0 1015.0
20126 1143.0 1019.0
20138 1115.0 1023.0
20150 1087.0 1026.0
20162 1060.0 1028.0
20173 1033.0 1030.0
20186 1006.0 1030.0
20197 980.0 1031.0
20209 955.0 1031.0
20221 930.0 1031.0
20233 907.0 1031.0
20245 884.0 1030.0
20257 861.0 1030.0
20269 838.0 1029.0
20280 816.0 1028.0
20292 793.0 1026.0
20305 771.0 1024.0
20316 749.0 1022.0
20328 727.0 1021.0
20340 705.0 1019.0
20352 684.0 1016.0
20364 663.0 1014.0
20376 642.0 1011.0
20388 621.0 1008.0
20400 600.0 1005.0
20412 579.0 1002.0
20423 558.0 998.0
20436 537.0 995.0
20447 517.0 992.0
20459 497.0 989.0
20471 477.0 985.0
20483 458.0 980.0
20495 438.0 974.0
20507 419.0 968.0
20519 398.0 962.0
20531 379.0 954.0
20542 359.0 947.0
20555 341.0 938.0
20566 323.0 928.0
20578 306.0 916.0
20590 291.0 905.0
20602 277.0 894.0
20614 263.0 881.0
20626 251.0 868.0
20637 239.0 855.0
20649 227.0 841.0
20661 216.0 826.0
20673 205.0 810.0
20685 196.0 793.0
20697 188.0 776.0
20709 181.0 757.0
20720 174.0 739.0
20732 168.0 720.0
20744 164.0 702.0
20756 160.0 684.0
20768 158.0 665.0
20780 157.0 645.0
20791 157.0 624.0
20803 158.0 603.0
20815 161.0 582.0
20827 164.0 563.0
20839 170.0 543.0
20851 177.0 524.0
20862 185.0 505.0
20874 193.0 486.0
20886 201.0 468.0
20898 209.0 450.0
20910 219.0 432.0
20921 230.0 414.0
20933 242.0 399.0
20945 256.0 384.0
20957 272.0 370.0
20969 289.0 356.0
20980 308.0 343.0
20992 328.0 331.0
21004 350.0 320.0
21016 373.0 309.0
21028 396.0 299.0
21039 419.0 291.0
21051 443.0 285.0
21063 467.0 280.0
21075 491.0 276.0
21086 517.0 272.0
21098 542.0 268.0
21110 568.0 264.0
21121 595.0 261.0
21133 621.0 258.0
21145 647.0 257.0
21157 673.0 255.0
21169 700.0 254.0
21180 727.0 253.0
21192 754.0 252.0
21204 780.0 252.0
21216 806.0 252.0
21228 832.0 252.0
21239 858.0 252.0
21251 884.0 253.0
21262 909.0 254.0
21274 934.0 255.0
21286 958.0 256.0
21298 983.0 258.0
21310 1007.0 260.0
21321 1030.0 262.0
21333 1054.0 264.0
21345 1077.0 267.0
21357 1099.0 270.0
21369 1122.0 273.0
21380 1145.0 277.0
21392 1167.0 280.0
21404 1189.0 284.0
21416 1211.0 287.0
21428 1233.0 290.0
21439 1254.0 292.0
21451 1275.0 295.0
21463 1295.0 298.0
21475 1315.0 301.0
21486 1335.0 305.0
21498 1354.0 309.0
21510 1374.0 314.0
21522 1393.0 319.0
21533 1411.0 324.0
21545 1429.0 329.0
21557 1446.0 334.0
21569 1464.0 340.0
21581 1480.0 345.0
21592 1497.0 351.0
21604 1514.0 358.0
21616 1530.0 365.0
21628 1546.0 372.0
21640 1561.0 380.0
21651 1577.0 388.0
21663 1592.0 396.0
21675 1607.0 405.0
21687 1622.0 414.0
21699 1636.0 423.0
21710 1651.0 432.0
21722 1665.0 442.0
21734 1678.0 455.0
21746 1692.0 467.0
21758 1705.0 479.0
21769 1718.0 493.0
21781 1731.0 508.0
21793 1744.0 524.0
21805 1755.0 541.0
21817 1766.0 559.0
21829 1777.0 579.0
21840 1786.0 599.0
21852 1793.0 619.0
21864 1796.0 640.0
21876 1799.0 661.0
21888 1799.0 681.0
21900 1796.0 702.0
21911 1793.0 721.0
21923 1787.0 741.0
21935 1779.0 760.0
21947 1770.0 778.0
21959 1761.0 797.0
21971 1751.0 815.0
21983 1740.0 834.0
21994 1727.0 852.0
22006 1714.0 870.0
22018 1700.0 887.0
22030 1686.0 904.0
22042 1671.0 920.0
22054 1654.0 936.0
22066 1637.0 951.0
22078 1619.0 966.0
22090 1599.0 981.0
22102 1579.0 995.0
22113 1556.0 1008.0
22125 1533.0 1020.0
22137 1510.0 1031.0
22149 1486.0 1041.0
22161 1461.0 1049.0
22173 1437.0 1057.0
22185 1413.0 1065.0
22197 1389.0 1072.0
22209 1365.0 1077.0
22221 1342.0 1082.0
22232 1320.0 1086.0
22245 1298.0 1090.0
22257 1277.0 1093.0
22268 1255.0 1096.0
22280 1234.0 1098.0
22292 1212.0 1100.0
22304 1191.0 1102.0
22316 1170.0 1103.0
22328 1150.0 1104.0
22340 1129.0 1105.0
22352 1109.0 1106.0
22364 1089.0 1106.0
22376 1068.0 1106.0
22388 1047.0 1107.0
22400 1026.0 1107.0
22412 1005.0 1108.0
22424 985.0 1108.0
22436 965.0 1107.0
22448 945.0 1106.0
22459 926.0 1106.0
22471 906.0 1105.0
22483 886.0 1105.0
22495 867.0 1104.0
22507 847.0 1102.0
22519 828.0 1100.0
22531 808.0 1098.0
22543 788.0 1097.0
22555 768.0 1095.0
22567 748.0 1092.0
22579 729.0 1089.0
22591 709.0 1085.0
22602 689.0 1081.0
22614 669.0 1076.0
22626 649.0 1072.0
22638 629.0 1066.0
22650 610.0 1059.0
22662 590.0 1052.0
22674 569.0 1045.0
22686 549.0 1038.0
22698 528.0 1031.0
22710 508.0 1023.0
22722 486.0 1014.0
22733 464.0 1004.0
22746 442.0 993.0
22757 419.0 982.0
22769 397.0 970.0
22781 376.0 957.0
22793 355.0 944.0
22805 337.0 929.0
22817 319.0 914.0
22829 302.0 897.0
22841 287.0 880.0
22853 272.0 863.0
22865 258.0 844.0
22876 245.0 825.0
22888 233.0 805.0
22900 222.0 784.0
22912 211.0 763.0
22924 202.0 742.0
22936 195.0 721.0
22948 189.0 701.0
22959 182.0 682.0
22971 176.0 662.0
22983 171.0 642.0
22995 167.0 621.0
23007 166.0 599.0
23019 167.0 577.0
23030 169.0 555.0
23042 172.0 534.0
23054 179.0 512.0
23066 188.0 492.0
23078 198.0 472.0
23089 209.0 453.0
23101 224.0 435.0
23113 240.0 417.0
23125 258.0 399.0
23136 278.0 382.0
23148 298.0 366.0
23160 319.0 352.0
23172 339.0 340.0
23184 361.0 329.0
23196 382.0 318.0
23207 405.0 309.0
23219 428.0 300.0
23231 452.0 294.0
23242 476.0 289.0
23254 500.0 284.0
23266 525.0 279.0
23278 550.0 274.0
23289 575.0 270.0
23301 599.0 266.0
23313 623.0 263.0
23325 646.0 259.0
23336 670.0 256.0
23348 693.0 254.0
23360 716.0 253.0
23371 739.0 252.0
23383 762.0 251.0
23395 784.0 251.0
23407 807.0 251.0
23419 829.0 251.0
23430 851.0 252.0
23442 874.0 252.0
23454 897.0 253.0
23466 920.0 253.0
23477 943.0 253.0
23489 966.0 254.0
23501 989.0 254.0
23512 1012.0 255.0
23524 1035.0 256.0
23536 1059.0 257.0
23548 1082.0 258.0
23559 1105.0 260.0
23571 1128.0 262.0
23583 1152.0 265.0
23595 1174.0 268.0
23607 1197.0 271.0
23619 1220.0 274.0
23630 1243.0 278.0
23642 1266.0 282.0
23654 1288.0 286.0
23665 1311.0 289.0
23677 1332.0 292.0
23689 1353.0 295.0
23701 1373.0 300.0
23712 1393.0 306.0
23724 1412.0 313.0
23736 1432.0 320.0
23748 1452.0 328.0
23759 1471.0 335.0
23771 1489.0 343.0
23783 1507.0 351.0
23795 1525.0 361.0
23807 1542.0 370.0
23819 1558.0 380.0
23830 1574.0 389.0
23842 1589.0 399.0
23854 1603.0 409.0
23866 1617.0 420.0
23877 1630.0 431.0
23889 1643.0 443.0
23901 1656.0 456.0
23913 1668.0 468.0
23925 1679.0 481.0
23937 1689.0 494.0
23948 1699.0 508.0
23960 1710.0 523.0
23972 1718.0 538.0
23984 1726.0 553.0
23996 1734.0 569.0
24007 1742.0 585.0
24019 1748.0 600.0
24031 1753.0 616.0
24043 1757.0 632.0
24055 1761.0 648.0
24067 1763.0 664.0
24078 1765.0 681.0
24090 1765.0 697.0
24102 1764.0 714.0
24114 1762.0 731.0
24126 1759.0 749.0
24138 1756.0 767.0
24150 1750.0 785.0
24161 1743.0 803.0
24173 1733.0 821.0
24185 1723.0 840.0
24197 1713.0 859.0
24209 1703.0 877.0
24221 1691.0 895.0
24233 1680.0 913.0
24245 1668.0 929.0
24257 1656.0 944.0
24269 1642.0 959.0
24280 1628.0 973.0
24292 1612.0 985.0
24304 1595.0 997.0
24316 1576.0 1008.0
24328 1555.0 1020.0
24340 1534.0 1031.0
24352 1513.0 1039.0
24363 1491.0 1046.0
24375 1469.0 1053.0
24388 1447.0 1060.0
24399 1423.0 1067.0
24411 1398.0 1074.0
24423 1370.0 1080.0
24435 1341.0 1086.0
24447 1312.0 1091.0
24459 1284.0 1096.0
24471 1257.0 1101.0
24483 1230.0 1105.0
24495 1204.0 1107.0
24507 1179.0 1109.0
24519 1153.0 1111.0
24530 1128.0 1113.0
24542 1102.0 1114.0
24554 1077.0 1115.0
24566 1052.0 1116.0
24578 1028.0 1116.0
24590 1003.0 1115.0
24602 980.0 1115.0
24614 957.0 1114.0
24626 935.0 1113.0
24638 913.0 1112.0
24650 892.0 1110.0
24662 870.0 1108.0
24674 849.0 1106.0
24686 827.0 1105.0
24698 806.0 1103.0
24710 785.0 1101.0
24722 765.0 1098.0
24733 744.0 1096.0
24746 723.0 1093.0
24757 703.0 1090.0
24769 683.0 1087.0
24781 663.0 1084.0
24793 644.0 1080.0
24805 625.0 1077.0
24817 606.0 1074.0
24829 588.0 1069.0
24841 570.0 1063.0
24853 552.0 1057.0
24865 535.0 1050.0
24876 518.0 1043.0
24888 501.0 1035.0
24900 483.0 1027.0
24912 466.0 1017.0
24924 449.0 1007.0
24936 431.0 995.0
24948 414.0 984.0
24960 397.0 971.0
24972 381.0 957.0
24983 364.0 943.0
24996 348.0 929.0
25007 333.0 914.0
25019 317.0 898.0
25031 302.0 881.0
25043 287.0 864.0
25055 272.0 846.0
25067 258.0 829.0
25079 244.0 811.0
25090 232.0 793.0
25102 220.0 776.0
25114 209.0 757.0
25126 199.0 737.0
25138 190.0 717.0
25149 182.0 697.0
25161 174.0 676.0
25173 168.0 655.0
25185 164.0 634.0
25197 161.0 613.0
25209 161.0 594.0
25220 162.0 574.0
25232 165.0 555.0
25244 168.0 536.0
25256 175.0 518.0
25267 183.0 499.0
25279 193.0 480.0
25291 203.0 462.0
25303 215.0 444.0
25315 229.0 426.0
25327 244.0 409.0
25338 261.0 393.0
25350 279.0 378.0
25362 299.0 363.0
25374 322.0 348.0
25386 346.0 333.0
25397 372.0 319.0
25409 398.0 307.0
25421 424.0 296.0
25432 449.0 287.0
25444 474.0 280.0
25456 498.0 272.0
25468 523.0 266.0
25480 548.0 260.0
25491 574.0 256.0
25503 601.0 252.0
25515 628.0 248.0
25526 654.0 245.0
25538 679.0 243.0
25550 704.0 240.0
25562 729.0 238.0
25574 754.0 236.0
25585 780.0 234.0
25597 807.0 232.0
25609 834.0 230.0
25620 862.0 229.0
25632 891.0 228.0
25644 920.0 228.0
25656 948.0 227.0
25668 975.0 227.0
25679 1001.0 227.0
25691 1027.0 227.0
25703 1052.0 228.0
25715 1077.0 229.0
25726 1100.0 230.0
25738 1122.0 233.0
25750 1144.0 235.0
25762 1166.0 238.0
25774 1188.0 242.0
25785 1210.0 245.0
25797 1232.0 248.0
25809 1254.0 252.0
25820 1275.0 255.0
25832 1297.0 259.0
25844 1317.0 262.0
25856 1337.0 267.0
25868 1356.0 272.0
25879 1376.0 277.0
25891 1394.0 282.0
25903 1412.0 287.0
25915 1429.0 291.0
25927 1446.0 296.0
25938 1463.0 301.0
25950 1479.0 306.0
25962 1495.0 312.0
25974 1510.0 318.0
25985 1525.0 324.0
25997 1540.0 330.0
26009 1554.0 336.0
26021 1569.0 342.0
26032 1583.0 348.0
26045 1598.0 355.0
26056 1612.0 363.0
26068 1625.0 371.0
26080 1638.0 379.0
26091 1652.0 387.0
26103 1666.0 396.0
26115 1678.0 406.0
26127 1691.0 416.0
26139 1703.0 426.0
26150 1715.0 436.0
26162 1727.0 448.0
26174 1738.0 462.0
26186 1748.0 476.0
26198 1756.0 493.0
26210 1763.0 510.0
26221 1769.0 527.0
26233 1776.0 544.0
26245 1782.0 561.0
26257 1787.0 579.0
26269 1791.0 598.0
26280 1794.0 617.0
26292 1795.0 637.0
26304 1794.0 658.0
26316 1791.0 680.0
26328 1787.0 703.0
26340 1779.0 725.0
26351 1770.0 747.0
26363 1761.0 769.0
26375 1751.0 789.0
26387 1741.0 807.0
26399 1729.0 825.0
26411 1717.0 842.0
26423 1704.0 858.0
26435 1689.0 875.0
26447 1675.0 892.0
26459 1659.0 908.0
26471 1642.0 924.0
26482 1625.0 939.0
26494 1606.0 953.0
26506 1585.0 966.0
26518 1564.0 978.0
26530 1541.0 989.0
26542 1517.0 999.0
26554 1493.0 1007.0
26566 1468.0 1015.0
26578 1441.0 1022.0
26589 1414.0 1029.0
26601 1385.0 1035.0
26613 1356.0 1039.0
26625 1327.0 1043.0
26637 1298.0 1048.0
26649 1268.0 1052.0
26661 1239.0 1056.0
26673 1209.0 1060.0
26685 1179.0 1062.0
26697 1150.0 1064.0
26709 1120.0 1064.0
26721 1092.0 1064.0
26733 1064.0 1064.0
26745 1036.0 1063.0
26757 1008.0 1062.0
26768 980.0 1061.0
26780 953.0 1060.0
26792 927.0 1059.0
26804 901.0 1057.0
26816 876.0 1055.0
26828 851.0 1053.0
26840 826.0 1051.0
26852 801.0 1049.0
26864 778.0 1047.0
26876 755.0 1045.0
26888 731.0 1043.0
26899 708.0 1042.0
26911 685.0 1041.0
26923 663.0 1040.0
26936 640.0 1039.0
26947 618.0 1038.0
26959 596.0 1036.0
26971 574.0 1035.0
26983 554.0 1033.0
26995 533.0 1031.0
27007 513.0 1028.0
27019 493.0 1025.0
27030 474.0 1020.0
27042 453.0 1014.0
27054 433.0 1008.0
27066 413.0 1000.0
27078 393.0 993.0
27090 375.0 985.0
27102 357.0 975.0
27113 340.0 964.0
27126 324.0 950.0
27137 309.0 935.0
27149 294.0 920.0
27161 280.0 904.0
27173 266.0 887.0
27185 254.0 870.0
27197 243.0 853.0
27209 237.0 833.0
27221 232.0 813.0
27232 228.0 792.0
27244 225.0 772.0
27256 224.0 751.0
27268 222.0 731.0
27280 220.0 711.0
27292 218.0 691.0
27304 217.0 671.0
27315 217.0 650.0
27327 218.0 629.0
27339 221.0 609.0
27351 225.0 589.0
27363 231.0 569.0
27374 236.0 550.0
27386 242.0 532.0
27398 248.0 514.0
27410 256.0 496.0
27422 266.0 479.0
27434 277.0 463.0
27446 290.0 446.0
27457 304.0 431.0
27469 318.0 417.0
27481 334.0 404.0
27493 351.0 392.0
27505 369.0 381.0
27516 387.0 370.0
27528 406.0 359.0
27540 425.0 350.0
27552 445.0 343.0
27563 466.0 337.0
27575 487.0 331.0
27587 508.0 326.0
27599 529.0 320.0
27610 550.0 316.0
27622 571.0 312.0
27634 592.0 308.0
27646 613.0 304.0
27658 635.0 302.0
27669 656.0 299.0
27681 677.0 298.0
27693 698.0 296.0
27705 719.0 295.0
27716 738.0 294.0
27728 757.0 293.0
27740 777.0 293.0
27751 796.0 292.0
27763 816.0 291.0
27775 836.0 290.0
27787 857.0 290.0
27799 876.0 289.0
27810 895.0 288.0
27822 914.0 288.0
27834 933.0 288.0
27846 951.0 288.0
27857 970.0 288.0
27869 988.0 288.0
27881 1007.0 287.0
27893 1025.0 287.0
27904 1044.0 286.0
27916 1063.0 286.0
27928 1082.0 287.0
27940 1101.0 287.0
27951 1119.0 287.0
27963 1138.0 287.0
27975 1156.0 287.0
27987 1173.0 288.0
27999 1191.0 288.0
28010 1209.0 289.0
28022 1228.0 289.0
28034 1246.0 290.0
28045 1264.0 292.0
28057 1282.0 293.0
28069 1299.0 294.0
28081 1317.0 296.0
28092 1334.0 299.0
28104 1351.0 301.0
28116 1368.0 304.0
28128 1386.0 307.0
28140 1403.0 310.0
28151 1420.0 315.0
28163 1437.0 319.0
28175 1454.0 324.0
28187 1471.0 329.0
28199 1488.0 334.0
28210 1505.0 339.0
28222 1523.0 345.0
28234 1540.0 350.0
28246 1556.0 357.0
28258 1573.0 364.0
28269 1590.0 371.0
28281 1606.0 378.0
28293 1623.0 385.0
28305 1638.0 393.0
28317 1654.0 402.0
28328 1670.0 412.0
28340 1686.0 421.0
28352 1701.0 431.0
28364 1716.0 441.0
28376 1730.0 452.0
28388 1743.0 465.0
28399 1755.0 478.0
28411 1766.0 491.0
28423 1777.0 506.0
28435 1788.0 522.0
28447 1796.0 538.0
28458 1802.0 555.0
28470 1807.0 572.0
28482 1811.0 590.0
28494 1812.0 609.0
28506 1811.0 628.0
28517 1808.0 648.0
28529 1802.0 668.0
28541 1793.0 689.0
28553 1782.0 710.0
28565 1770.0 730.0
28577 1757.0 749.0
28588 1744.0 767.0
28600 1730.0 784.0
28612 1715.0 801.0
28624 1699.0 818.0
28636 1682.0 835.0
28648 1665.0 851.0
28660 1647.0 867.0
28672 1628.0 882.0
28683 1610.0 897.0
28696 1591.0 910.0
28707 1572.0 924.0
28719 1553.0 937.0
28731 1533.0 950.0
28743 1513.0 962.0
28755 1491.0 973.0
28767 1469.0 984.0
28779 1446.0 993.0
28791 1423.0 1002.0
28802 1401.0 1010.0
28814 1379.0 1017.0
28826 1357.0 1023.0
28838 1335.0 1028.0
28850 1314.0 1032.0
28862 1293.0 1036.0
28874 1273.0 1040.0
28886 1252.0 1042.0
28897 1232.0 1044.0
28909 1211.0 1047.0
28921 1192.0 1049.0
28933 1172.0 1051.0
28945 1153.0 1052.0
28957 1134.0 1053.0
28969 1115.0 1053.0
28981 1096.0 1053.0
28993 1078.0 1053.0
29005 1059.0 1053.0
29017 1040.0 1053.0
29029 1022.0 1052.0
29041 1002.0 1051.0
29053 983.0 1050.0
29065 965.0 1048.0
29077 946.0 1047.0
29088 926.0 1045.0
29100 907.0 1044.0
29112 886.0 1042.0
29124 865.0 1041.0
29136 843.0 1040.0
29148 820.0 1039.0
29160 796.0 1037.0
29172 771.0 1036.0
29184 747.0 1033.0
29196 722.0 1030.0
29208 697.0 1027.0
29219 672.0 1023.0
29231 647.0 1018.0
29243 622.0 1011.0
29255 598.0 1005.0
29267 573.0 997.0
29279 549.0 990.0
29291 525.0 982.0
29303 501.0 973.0
29315 477.0 963.0
29326 453.0 953.0
29338 429.0 941.0
29350 406.0 928.0
29362 384.0 914.0
29374 364.0 899.0
29386 345.0 883.0
29397 328.0 867.0
29409 313.0 850.0
29421 301.0 832.0
29433 290.0 812.0
29445 280.0 790.0
29457 271.0 767.0
29469 264.0 743.0
29480 257.0 719.0
29492 251.0 694.0
29504 247.0 671.0
29516 243.0 647.0
29528 240.0 623.0
29539 240.0 599.0
29551 242.0 576.0
29563 244.0 553.0
29575 247.0 532.0
29587 250.0 512.0
29598 255.0 493.0
29610 260.0 475.0
29622 267.0 457.0
29634 275.0 441.0
29646 283.0 424.0
29657 292.0 409.0
29669 302.0 395.0
29681 313.0 381.0
29693 325.0 367.0
29705 338.0 354.0
29716 352.0 343.0
29728 367.0 332.0
29740 382.0 321.0
29752 399.0 310.0
29763 416.0 301.0
29775 433.0 293.0
29787 450.0 287.0
29799 469.0 281.0
29810 488.0 276.0
29822 507.0 270.0
29834 526.0 265.0
29846 545.0 261.0
29858 564.0 257.0
29869 584.0 253.0
29881 604.0 250.0
29893 625.0 248.0
29905 646.0 245.0
29916 666.0 242.0
29928 687.0 240.0
29940 709.0 237.0
29951 730.0 234.0
29963 752.0 232.0
29975 773.0 230.0
29987 796.0 228.0
