1477 1777.0 489.0
1489 1784.0 494.0
1501 1802.0 505.0
1513 1828.0 523.0
1525 1853.0 547.0
1537 1874.0 571.0
1549 1886.0 592.0
1560 1893.0 612.0
1572 1897.0 630.0
1584 1899.0 648.0
1596 1898.0 665.0
1608 1895.0 681.0
1620 1891.0 698.0
1632 1883.0 713.0
1643 1871.0 728.0
1655 1857.0 742.0
1667 1839.0 755.0
1679 1820.0 769.0
1691 1800.0 781.0
1703 1778.0 794.0
1715 1755.0 807.0
1726 1730.0 820.0
1738 1703.0 833.0
1750 1675.0 844.0
1762 1645.0 854.0
1774 1614.0 861.0
1786 1583.0 867.0
1798 1550.0 872.0
1809 1516.0 877.0
1821 1480.0 881.0
1833 1441.0 884.0
1845 1401.0 887.0
1857 1358.0 891.0
1869 1314.0 895.0
1881 1267.0 899.0
1893 1219.0 903.0
1904 1168.0 907.0
1916 1114.0 910.0
1928 1058.0 912.0
1940 1001.0 912.0
1952 944.0 912.0
1964 887.0 911.0
1976 831.0 907.0
1987 775.0 902.0
1999 719.0 895.0
2011 663.0 887.0
2023 609.0 876.0
2035 556.0 866.0
2047 505.0 856.0
2059 457.0 845.0
2071 412.0 833.0
2083 371.0 821.0
2095 332.0 809.0
2106 296.0 796.0
2118 260.0 783.0
2130 226.0 769.0
2142 194.0 754.0
2154 166.0 739.0
2165 140.0 724.0
2177 118.0 709.0
2189 99.0 694.0
2201 82.0 680.0
2213 69.0 667.0
2225 58.0 654.0
2237 49.0 643.0
2248 42.0 631.0
2260 37.0 620.0
2272 34.0 610.0
2284 33.0 599.0
2296 33.0 588.0
2308 35.0 576.0
2319 38.0 563.0
2331 44.0 551.0
2343 53.0 539.0
2355 63.0 527.0
2367 74.0 515.0
2379 88.0 503.0
2390 103.0 491.0
2403 120.0 479.0
2414 137.0 468.0
2426 155.0 457.0
2438 174.0 446.0
2449 193.0 435.0
2462 212.0 424.0
2473 233.0 415.0
2485 255.0 406.0
2497 278.0 396.0
2509 302.0 386.0
2520 329.0 377.0
2533 357.0 368.0
2544 385.0 358.0
2556 415.0 349.0
2568 446.0 341.0
2579 477.0 334.0
2591 508.0 326.0
2603 539.0 319.0
2615 571.0 311.0
2626 604.0 304.0
2638 638.0 297.0
2650 673.0 291.0
2662 708.0 286.0
2674 744.0 281.0
2686 781.0 276.0
2697 819.0 271.0
2709 857.0 266.0
2721 895.0 262.0
2733 934.0 259.0
2744 972.0 257.0
2756 1011.0 256.0
2768 1049.0 256.0
2779 1088.0 257.0
2791 1127.0 258.0
2803 1165.0 261.0
2815 1203.0 264.0
2826 1241.0 269.0
2838 1278.0 274.0
2850 1314.0 279.0
2862 1350.0 286.0
2874 1384.0 293.0
2886 1418.0 301.0
2897 1451.0 310.0
2909 1484.0 320.0
2921 1516.0 330.0
2933 1546.0 339.0
2944 1575.0 348.0
2956 1603.0 358.0
2968 1630.0 370.0
2980 1655.0 382.0
2992 1680.0 395.0
3004 1701.0 409.0
3016 1722.0 424.0
3027 1740.0 440.0
3039 1758.0 456.0
3051 1775.0 473.0
3063 1789.0 490.0
3074 1802.0 507.0
3086 1813.0 525.0
3098 1822.0 542.0
3110 1828.0 560.0
3122 1832.0 578.0
3134 1832.0 596.0
3145 1831.0 614.0
3157 1828.0 633.0
3169 1823.0 651.0
3181 1816.0 669.0
3193 1809.0 687.0
3205 1800.0 704.0
3217 1790.0 721.0
3228 1777.0 739.0
3240 1764.0 756.0
3252 1750.0 773.0
3264 1736.0 789.0
3276 1721.0 804.0
3288 1705.0 819.0
3300 1689.0 834.0
3312 1672.0 848.0
3323 1654.0 861.0
3335 1634.0 874.0
3347 1613.0 886.0
3359 1592.0 898.0
3371 1570.0 909.0
3383 1548.0 919.0
3395 1525.0 929.0
3407 1502.0 939.0
3418 1478.0 947.0
3430 1453.0 955.0
3442 1427.0 962.0
3454 1401.0 969.0
3466 1374.0 976.0
3478 1347.0 982.0
3490 1321.0 987.0
3502 1294.0 992.0
3514 1266.0 997.0
3526 1238.0 1002.0
3538 1209.0 1007.0
3549 1180.0 1011.0
3562 1150.0 1015.0
3574 1120.0 1018.0
3586 1090.0 1020.0
3597 1061.0 1021.0
3609 1031.0 1021.0
3621 1001.0 1019.0
3633 970.0 1017.0
3645 939.0 1014.0
3657 909.0 1011.0
3669 878.0 1006.0
3681 847.0 1001.0
3693 817.0 995.0
3705 787.0 989.0
3716 757.0 983.0
3728 729.0 975.0
3740 701.0 966.0
3752 673.0 957.0
3764 645.0 949.0
3776 617.0 941.0
3788 588.0 932.0
3799 560.0 922.0
3812 531.0 913.0
3824 503.0 903.0
3835 474.0 892.0
3847 445.0 879.0
3859 416.0 866.0
3871 390.0 852.0
3883 364.0 837.0
3895 340.0 822.0
3906 318.0 807.0
3918 298.0 792.0
3930 279.0 777.0
3942 261.0 762.0
3954 243.0 745.0
3966 229.0 729.0
3978 216.0 712.0
3989 205.0 695.0
4002 197.0 677.0
4013 189.0 659.0
4025 182.0 643.0
4037 176.0 627.0
4049 171.0 610.0
4061 167.0 594.0
4073 167.0 577.0
4085 169.0 560.0
4096 172.0 544.0
4108 177.0 528.0
4120 183.0 514.0
4132 191.0 499.0
4144 200.0 485.0
4155 210.0 472.0
4167 221.0 459.0
4179 236.0 445.0
4191 253.0 431.0
4203 270.0 418.0
4214 289.0 405.0
4226 309.0 393.0
4238 332.0 382.0
4250 356.0 370.0
4261 382.0 358.0
4273 410.0 347.0
4285 440.0 336.0
4297 470.0 326.0
4309 500.0 317.0
4320 531.0 307.0
4332 563.0 298.0
4344 594.0 291.0
4356 626.0 284.0
4368 659.0 277.0
4379 695.0 269.0
4391 730.0 262.0
4403 766.0 256.0
4415 802.0 252.0
4426 839.0 248.0
4438 876.0 247.0
4450 913.0 247.0
4462 949.0 247.0
4473 986.0 248.0
4485 1022.0 250.0
4497 1060.0 252.0
4509 1098.0 255.0
4520 1136.0 258.0
4533 1173.0 264.0
4544 1209.0 272.0
4556 1245.0 280.0
4568 1280.0 288.0
4579 1315.0 296.0
4592 1349.0 306.0
4603 1382.0 316.0
4615 1414.0 328.0
4627 1446.0 339.0
4638 1477.0 352.0
4650 1506.0 365.0
4662 1534.0 379.0
4674 1562.0 393.0
4686 1588.0 408.0
4697 1613.0 423.0
4709 1637.0 439.0
4721 1658.0 456.0
4733 1676.0 474.0
4745 1694.0 491.0
4757 1708.0 510.0
4768 1719.0 528.0
4780 1730.0 546.0
4792 1739.0 566.0
4804 1746.0 586.0
4816 1750.0 606.0
4828 1754.0 627.0
4839 1755.0 648.0
4852 1755.0 669.0
4863 1753.0 690.0
4875 1750.0 710.0
4887 1747.0 730.0
4899 1743.0 750.0
4911 1737.0 769.0
4923 1730.0 787.0
4935 1721.0 805.0
4946 1711.0 823.0
4958 1701.0 840.0
4970 1687.0 856.0
4982 1673.0 870.0
4994 1656.0 884.0
5006 1639.0 898.0
5018 1620.0 910.0
5030 1600.0 921.0
5042 1580.0 933.0
5054 1558.0 944.0
5065 1536.0 955.0
5077 1514.0 965.0
5089 1490.0 975.0
5101 1466.0 984.0
5113 1441.0 993.0
5125 1415.0 1002.0
5137 1388.0 1010.0
5149 1361.0 1018.0
5160 1333.0 1024.0
5173 1304.0 1030.0
5184 1275.0 1035.0
5196 1246.0 1039.0
5208 1216.0 1042.0
5220 1185.0 1044.0
5232 1154.0 1047.0
5244 1123.0 1049.0
5256 1092.0 1049.0
5267 1059.0 1048.0
5279 1026.0 1047.0
5292 992.0 1044.0
5303 958.0 1041.0
5315 922.0 1038.0
5327 886.0 1035.0
5339 849.0 1030.0
5351 812.0 1024.0
5363 776.0 1018.0
5375 740.0 1011.0
5387 704.0 1004.0
5399 669.0 997.0
5410 634.0 990.0
5422 599.0 982.0
5434 564.0 973.0
5447 529.0 963.0
5458 494.0 952.0
5470 460.0 941.0
5482 427.0 928.0
5494 395.0 914.0
5506 364.0 899.0
5517 336.0 883.0
5529 310.0 867.0
5541 285.0 850.0
5553 262.0 834.0
5565 240.0 818.0
5577 220.0 802.0
5589 202.0 785.0
5600 184.0 768.0
5613 167.0 751.0
5624 154.0 733.0
5636 142.0 715.0
5648 132.0 697.0
5660 124.0 678.0
5672 119.0 660.0
5683 115.0 643.0
5695 112.0 626.0
5707 110.0 610.0
5719 109.0 593.0
5731 110.0 576.0
5743 113.0 558.0
5754 117.0 539.0
5766 124.0 521.0
5778 134.0 503.0
5790 144.0 485.0
5802 157.0 468.0
5814 171.0 451.0
5825 186.0 434.0
5837 203.0 418.0
5849 221.0 402.0
5860 241.0 387.0
5873 261.0 373.0
5884 282.0 359.0
5896 305.0 347.0
5908 329.0 334.0
5919 354.0 321.0
5931 383.0 307.0
5943 414.0 294.0
5955 445.0 281.0
5967 478.0 269.0
5978 512.0 257.0
5990 547.0 246.0
6002 583.0 235.0
6014 621.0 226.0
6025 659.0 218.0
6037 699.0 211.0
6049 739.0 205.0
6061 778.0 200.0
6073 818.0 195.0
6084 858.0 191.0
6096 898.0 188.0
6108 938.0 187.0
6120 979.0 187.0
6131 1020.0 187.0
6143 1061.0 188.0
6155 1103.0 189.0
6167 1145.0 192.0
6178 1186.0 195.0
6190 1227.0 200.0
6202 1267.0 205.0
6214 1307.0 211.0
6226 1346.0 218.0
6237 1383.0 226.0
6249 1420.0 236.0
6261 1456.0 246.0
6273 1491.0 256.0
6285 1526.0 266.0
6296 1558.0 277.0
6308 1590.0 289.0
6320 1621.0 302.0
6332 1651.0 317.0
6344 1679.0 333.0
6355 1705.0 350.0
6367 1730.0 367.0
6379 1752.0 387.0
6391 1771.0 409.0
6403 1787.0 432.0
6415 1800.0 456.0
6426 1809.0 481.0
6438 1815.0 507.0
6450 1819.0 533.0
6462 1819.0 558.0
6474 1817.0 583.0
6485 1813.0 607.0
6497 1807.0 629.0
6509 1799.0 651.0
6521 1791.0 672.0
6533 1781.0 692.0
6545 1771.0 712.0
6557 1760.0 731.0
6569 1751.0 750.0
6580 1741.0 769.0
6592 1730.0 787.0
6604 1718.0 804.0
6616 1704.0 820.0
6628 1689.0 836.0
6640 1674.0 850.0
6652 1658.0 863.0
6664 1641.0 874.0
6676 1624.0 885.0
6687 1606.0 895.0
6699 1587.0 904.0
6711 1566.0 912.0
6723 1544.0 919.0
6735 1522.0 927.0
6747 1499.0 934.0
6759 1475.0 941.0
6771 1451.0 947.0
6783 1427.0 953.0
6795 1401.0 959.0
6807 1374.0 965.0
6818 1343.0 971.0
6830 1312.0 978.0
6843 1277.0 985.0
6854 1240.0 991.0
6866 1202.0 997.0
6878 1161.0 1004.0
6890 1120.0 1011.0
6902 1079.0 1017.0
6914 1037.0 1021.0
6926 995.0 1024.0
6938 952.0 1024.0
6950 907.0 1023.0
6962 860.0 1020.0
6974 810.0 1015.0
6985 759.0 1009.0
6997 709.0 1001.0
7009 660.0 993.0
7021 613.0 984.0
7033 567.0 974.0
7045 525.0 960.0
7057 484.0 945.0
7069 445.0 928.0
7081 407.0 911.0
7092 373.0 891.0
7104 341.0 869.0
7116 311.0 846.0
7128 285.0 822.0
7140 261.0 798.0
7152 241.0 773.0
7164 223.0 747.0
7176 209.0 722.0
7188 197.0 698.0
7199 186.0 673.0
7211 178.0 649.0
7223 171.0 627.0
7235 165.0 607.0
7247 161.0 588.0
7258 158.0 570.0
7270 157.0 552.0
7282 157.0 538.0
7294 158.0 524.0
7306 159.0 511.0
7317 161.0 499.0
7329 163.0 488.0
7341 166.0 479.0
7353 169.0 471.0
7365 174.0 463.0
7376 181.0 455.0
7388 188.0 446.0
7400 197.0 437.0
7412 207.0 429.0
7424 218.0 422.0
7436 233.0 414.0
7447 249.0 406.0
7459 266.0 398.0
7471 286.0 389.0
7483 307.0 380.0
7494 329.0 371.0
7506 352.0 361.0
7518 376.0 350.0
7530 402.0 340.0
7541 430.0 329.0
7553 460.0 317.0
7565 491.0 305.0
7577 526.0 292.0
7588 564.0 280.0
7600 604.0 268.0
7612 648.0 257.0
7624 693.0 247.0
7636 739.0 240.0
7647 786.0 234.0
7659 833.0 229.0
7671 880.0 225.0
7683 927.0 224.0
7694 974.0 224.0
7706 1020.0 225.0
7718 1066.0 227.0
7730 1113.0 231.0
7742 1159.0 238.0
7754 1205.0 245.0
7765 1251.0 253.0
7777 1296.0 263.0
7789 1339.0 274.0
7801 1381.0 287.0
7813 1423.0 300.0
7824 1462.0 314.0
7836 1501.0 329.0
7848 1537.0 344.0
7860 1571.0 361.0
7872 1604.0 378.0
7883 1636.0 396.0
7895 1664.0 415.0
7907 1690.0 435.0
7919 1713.0 456.0
7930 1733.0 476.0
7942 1751.0 496.0
7954 1765.0 516.0
7966 1778.0 535.0
7978 1789.0 554.0
7989 1799.0 573.0
8001 1805.0 591.0
8013 1809.0 607.0
8025 1813.0 622.0
8037 1817.0 636.0
8049 1819.0 649.0
8061 1821.0 662.0
8073 1822.0 673.0
8084 1823.0 684.0
8096 1823.0 695.0
8108 1823.0 705.0
8120 1822.0 715.0
8132 1821.0 723.0
8144 1820.0 729.0
8155 1818.0 736.0
8167 1815.0 742.0
8179 1812.0 749.0
8191 1809.0 756.0
8203 1805.0 763.0
8215 1799.0 769.0
8227 1793.0 775.0
8238 1784.0 781.0
8250 1774.0 788.0
8262 1764.0 796.0
8274 1752.0 805.0
8286 1738.0 813.0
8298 1721.0 822.0
8310 1704.0 832.0
8322 1685.0 842.0
8334 1664.0 852.0
8345 1641.0 862.0
8357 1617.0 872.0
8369 1590.0 884.0
8381 1560.0 897.0
8393 1528.0 909.0
8405 1493.0 921.0
8417 1454.0 933.0
8429 1414.0 945.0
8440 1370.0 957.0
8453 1324.0 969.0
8464 1275.0 980.0
8476 1224.0 991.0
8488 1172.0 999.0
8500 1118.0 1007.0
8512 1061.0 1014.0
8524 1003.0 1019.0
8536 943.0 1024.0
8548 880.0 1028.0
8560 818.0 1029.0
8571 757.0 1026.0
8584 701.0 1020.0
8595 648.0 1010.0
8607 599.0 998.0
8619 554.0 982.0
8631 513.0 965.0
8643 476.0 944.0
8655 445.0 923.0
8667 417.0 901.0
8679 392.0 878.0
8690 368.0 854.0
8702 346.0 830.0
8714 325.0 805.0
8726 306.0 779.0
8738 288.0 753.0
8750 270.0 727.0
8761 254.0 702.0
8773 240.0 678.0
8785 228.0 655.0
8797 216.0 634.0
8809 204.0 614.0
8820 193.0 596.0
8832 182.0 578.0
8844 171.0 562.0
8856 163.0 548.0
8868 157.0 536.0
8879 152.0 525.0
8892 146.0 515.0
8903 140.0 506.0
8915 134.0 496.0
8927 128.0 487.0
8938 124.0 480.0
8950 121.0 474.0
8962 119.0 469.0
8974 119.0 464.0
8986 120.0 459.0
8997 122.0 454.0
9009 125.0 449.0
9021 130.0 444.0
9033 137.0 438.0
9045 146.0 432.0
9056 156.0 426.0
9068 169.0 418.0
9080 184.0 408.0
9092 201.0 398.0
9104 219.0 387.0
9115 241.0 377.0
9127 265.0 365.0
9139 291.0 353.0
9151 320.0 341.0
9163 352.0 328.0
9174 388.0 314.0
9186 427.0 300.0
9198 470.0 285.0
9210 515.0 269.0
9222 561.0 254.0
9233 610.0 239.0
9245 660.0 225.0
9257 711.0 212.0
9268 763.0 201.0
9280 816.0 192.0
9292 869.0 185.0
9304 922.0 179.0
9316 974.0 176.0
9327 1025.0 175.0
9339 1076.0 177.0
9351 1127.0 180.0
9363 1177.0 187.0
9375 1225.0 194.0
9386 1272.0 202.0
9398 1318.0 210.0
9410 1360.0 220.0
9422 1401.0 231.0
9433 1440.0 243.0
9445 1477.0 257.0
9457 1512.0 272.0
9469 1546.0 288.0
9480 1578.0 305.0
9493 1610.0 322.0
9504 1639.0 340.0
9516 1666.0 359.0
9528 1691.0 378.0
9540 1714.0 397.0
9552 1734.0 416.0
9563 1752.0 435.0
9575 1767.0 454.0
9587 1780.0 472.0
9599 1792.0 490.0
9610 1801.0 507.0
9623 1807.0 522.0
9634 1812.0 536.0
9646 1816.0 550.0
9658 1820.0 563.0
9670 1824.0 577.0
9682 1827.0 589.0
9694 1829.0 601.0
9705 1830.0 612.0
9717 1831.0 625.0
9729 1830.0 638.0
9741 1828.0 650.0
9753 1825.0 662.0
9765 1821.0 673.0
9777 1817.0 685.0
9788 1811.0 696.0
9800 1805.0 707.0
9812 1798.0 718.0
9824 1790.0 728.0
9836 1781.0 736.0
9848 1772.0 745.0
9860 1762.0 754.0
9872 1753.0 763.0
9883 1743.0 772.0
9895 1730.0 780.0
9907 1716.0 789.0
9919 1699.0 799.0
9931 1682.0 810.0
9943 1663.0 823.0
9955 1641.0 837.0
9967 1617.0 851.0
9979 1592.0 866.0
9990 1564.0 881.0
10002 1535.0 897.0
10014 1505.0 914.0
10026 1474.0 929.0
10038 1439.0 944.0
10050 1404.0 958.0
10062 1366.0 973.0
10074 1327.0 986.0
10086 1284.0 999.0
10098 1239.0 1012.0
10109 1190.0 1024.0
10122 1140.0 1034.0
10133 1089.0 1043.0
10145 1038.0 1050.0
10157 989.0 1056.0
10169 940.0 1060.0
10181 892.0 1061.0
10193 844.0 1058.0
10205 798.0 1054.0
10217 752.0 1047.0
10228 706.0 1040.0
10240 661.0 1032.0
10253 615.0 1023.0
10265 571.0 1013.0
10276 528.0 1002.0
10288 486.0 990.0
10300 445.0 977.0
10312 406.0 962.0
10324 370.0 947.0
10336 337.0 930.0
10347 306.0 913.0
10359 279.0 895.0
10371 254.0 878.0
10383 231.0 861.0
10395 209.0 844.0
10407 190.0 826.0
10419 172.0 809.0
10431 158.0 790.0
10443 146.0 771.0
10454 136.0 752.0
10466 129.0 733.0
10478 124.0 715.0
10490 120.0 698.0
10502 119.0 681.0
10514 119.0 664.0
10525 119.0 647.0
10537 119.0 631.0
10549 120.0 615.0
10561 121.0 600.0
10573 123.0 585.0
10585 126.0 570.0
10596 131.0 556.0
10608 137.0 543.0
10620 144.0 531.0
10632 151.0 520.0
10644 158.0 509.0
10655 166.0 499.0
10667 175.0 488.0
10679 185.0 478.0
10691 197.0 468.0
10702 209.0 457.0
10714 224.0 447.0
10726 240.0 435.0
10738 256.0 424.0
10750 273.0 414.0
10762 293.0 404.0
10773 315.0 394.0
10785 339.0 384.0
10797 364.0 373.0
10809 392.0 363.0
10820 421.0 352.0
10832 452.0 341.0
10844 483.0 332.0
10856 516.0 322.0
10868 550.0 312.0
10879 586.0 303.0
10891 624.0 295.0
10903 665.0 288.0
10915 708.0 283.0
10926 752.0 278.0
10938 797.0 273.0
10950 843.0 269.0
10962 889.0 265.0
10974 935.0 263.0
10986 980.0 263.0
10997 1024.0 265.0
11009 1068.0 268.0
11021 1111.0 272.0
11033 1154.0 278.0
11045 1196.0 285.0
11056 1237.0 293.0
11068 1276.0 302.0
11080 1315.0 312.0
11092 1351.0 323.0
11103 1385.0 335.0
11115 1417.0 348.0
11127 1449.0 361.0
11139 1480.0 375.0
11151 1510.0 389.0
11163 1538.0 404.0
11174 1564.0 418.0
11186 1589.0 433.0
11198 1613.0 448.0
11210 1634.0 463.0
11222 1654.0 478.0
11234 1672.0 492.0
11245 1687.0 507.0
11257 1702.0 521.0
11269 1716.0 535.0
11281 1729.0 549.0
11293 1740.0 563.0
11304 1751.0 577.0
11317 1758.0 590.0
11328 1764.0 603.0
11340 1769.0 616.0
11352 1773.0 630.0
11364 1777.0 644.0
11376 1780.0 657.0
11388 1783.0 670.0
11399 1784.0 684.0
11412 1784.0 697.0
11423 1782.0 710.0
11435 1779.0 722.0
11447 1776.0 735.0
11459 1773.0 749.0
11471 1769.0 763.0
11482 1765.0 776.0
11494 1760.0 790.0
11506 1755.0 804.0
11518 1749.0 817.0
11530 1741.0 830.0
11542 1732.0 843.0
11554 1722.0 854.0
11566 1713.0 865.0
11577 1703.0 876.0
11589 1691.0 887.0
11601 1677.0 898.0
11613 1662.0 908.0
11625 1645.0 919.0
11637 1625.0 931.0
11649 1601.0 944.0
11661 1575.0 957.0
11673 1544.0 970.0
11685 1511.0 983.0
11696 1474.0 995.0
11708 1434.0 1007.0
11720 1391.0 1019.0
11732 1346.0 1029.0
11744 1301.0 1037.0
11756 1253.0 1043.0
11768 1201.0 1049.0
11780 1149.0 1054.0
11792 1093.0 1059.0
11804 1036.0 1064.0
11816 978.0 1067.0
11828 923.0 1068.0
11840 870.0 1066.0
11852 820.0 1063.0
11864 773.0 1056.0
11875 727.0 1048.0
11887 683.0 1040.0
11899 640.0 1031.0
11911 599.0 1021.0
11923 559.0 1009.0
11935 520.0 997.0
11947 481.0 984.0
11959 444.0 970.0
11971 409.0 956.0
11983 377.0 941.0
11994 346.0 925.0
12006 319.0 909.0
12018 293.0 893.0
12030 269.0 876.0
12042 247.0 859.0
12054 227.0 842.0
12066 209.0 825.0
12077 194.0 805.0
12089 180.0 785.0
12101 168.0 764.0
12113 157.0 743.0
12125 149.0 721.0
12137 142.0 699.0
12148 135.0 679.0
12160 131.0 660.0
12172 127.0 642.0
12184 124.0 624.0
12196 124.0 608.0
12208 125.0 592.0
12219 127.0 576.0
12231 130.0 560.0
12243 136.0 545.0
12255 143.0 530.0
12267 152.0 517.0
12278 162.0 505.0
12290 173.0 492.0
12302 186.0 481.0
12314 202.0 469.0
12326 219.0 458.0
12337 236.0 445.0
12349 257.0 432.0
12361 279.0 420.0
12373 303.0 409.0
12385 327.0 397.0
12396 354.0 385.0
12408 383.0 373.0
12420 413.0 360.0
12432 443.0 349.0
12443 474.0 338.0
12455 506.0 327.0
12467 538.0 315.0
12479 571.0 304.0
12490 606.0 293.0
12502 642.0 283.0
12514 678.0 275.0
12526 714.0 268.0
12538 751.0 262.0
12549 789.0 257.0
12561 827.0 253.0
12573 865.0 249.0
12585 903.0 247.0
12596 942.0 245.0
12608 980.0 243.0
12620 1018.0 241.0
12632 1055.0 241.0
12643 1093.0 241.0
12655 1131.0 243.0
12667 1168.0 244.0
12679 1203.0 247.0
12690 1237.0 249.0
12703 1271.0 252.0
12714 1304.0 256.0
12726 1336.0 261.0
12738 1366.0 267.0
12749 1396.0 274.0
12761 1424.0 281.0
12773 1452.0 288.0
12785 1479.0 295.0
12797 1505.0 303.0
12808 1530.0 311.0
12820 1552.0 321.0
12832 1572.0 331.0
12844 1591.0 341.0
12855 1610.0 351.0
12867 1628.0 361.0
12879 1645.0 373.0
12891 1661.0 386.0
12903 1676.0 399.0
12914 1691.0 412.0
12926 1706.0 426.0
12938 1720.0 441.0
12950 1733.0 456.0
12962 1746.0 472.0
12974 1758.0 488.0
12985 1769.0 505.0
12997 1779.0 522.0
13009 1789.0 540.0
13021 1797.0 559.0
13033 1802.0 579.0
13045 1806.0 600.0
13057 1808.0 620.0
13068 1807.0 641.0
13080 1805.0 661.0
13092 1802.0 681.0
13104 1798.0 700.0
13116 1792.0 718.0
13128 1784.0 736.0
13139 1775.0 753.0
13151 1765.0 771.0
13163 1755.0 790.0
13175 1742.0 808.0
13187 1728.0 826.0
13199 1712.0 844.0
13211 1695.0 861.0
13223 1678.0 877.0
13235 1659.0 892.0
13247 1638.0 906.0
13258 1616.0 918.0
13270 1593.0 930.0
13282 1569.0 941.0
13294 1544.0 951.0
13306 1517.0 961.0
13318 1490.0 970.0
13330 1461.0 979.0
13342 1430.0 988.0
13354 1399.0 995.0
13366 1366.0 1002.0
13378 1332.0 1007.0
13389 1296.0 1011.0
13402 1259.0 1015.0
13413 1220.0 1019.0
13425 1179.0 1021.0
13437 1137.0 1022.0
13449 1095.0 1023.0
13461 1051.0 1023.0
13473 1006.0 1023.0
13485 961.0 1022.0
13497 915.0 1019.0
13509 869.0 1016.0
13521 824.0 1013.0
13533 778.0 1008.0
13545 732.0 1003.0
13557 685.0 999.0
13569 637.0 994.0
13580 589.0 988.0
13593 541.0 980.0
13604 494.0 972.0
13616 449.0 962.0
13628 407.0 951.0
13640 368.0 938.0
13652 333.0 922.0
13664 301.0 906.0
13676 271.0 888.0
13688 245.0 869.0
13699 221.0 849.0
13711 199.0 828.0
13723 179.0 806.0
13735 160.0 785.0
13747 142.0 762.0
13759 126.0 739.0
13770 114.0 716.0
13782 103.0 694.0
13794 93.0 672.0
13806 85.0 651.0
13818 78.0 630.0
13830 73.0 609.0
13841 69.0 589.0
13853 67.0 569.0
13865 67.0 550.0
13877 70.0 531.0
13889 73.0 513.0
13900 79.0 496.0
13912 88.0 478.0
13924 98.0 462.0
13936 110.0 445.0
13948 124.0 430.0
13959 140.0 415.0
13971 157.0 401.0
13983 174.0 386.0
13995 195.0 372.0
14006 217.0 358.0
14018 242.0 344.0
14030 269.0 331.0
14042 298.0 319.0
14054 327.0 306.0
14065 358.0 295.0
14077 389.0 284.0
14089 420.0 274.0
14100 452.0 264.0
14112 484.0 254.0
14124 517.0 245.0
14136 550.0 237.0
14148 585.0 229.0
14159 620.0 221.0
14171 657.0 214.0
14183 695.0 208.0
14195 732.0 203.0
14206 768.0 199.0
14218 804.0 195.0
14230 840.0 191.0
14242 877.0 188.0
14253 912.0 186.0
14265 947.0 184.0
14277 982.0 183.0
14289 1016.0 183.0
14301 1052.0 183.0
14313 1088.0 183.0
14324 1125.0 184.0
14336 1160.0 186.0
14348 1196.0 189.0
14359 1232.0 192.0
14371 1268.0 197.0
14383 1303.0 201.0
14395 1337.0 206.0
14407 1369.0 212.0
14418 1401.0 220.0
14430 1432.0 228.0
14442 1462.0 237.0
14454 1491.0 246.0
14466 1518.0 256.0
14477 1545.0 267.0
14489 1570.0 280.0
14501 1594.0 292.0
14513 1616.0 305.0
14525 1636.0 319.0
14536 1655.0 334.0
14548 1673.0 349.0
14560 1689.0 365.0
14572 1704.0 381.0
14584 1717.0 398.0
14595 1730.0 415.0
14607 1742.0 434.0
14619 1753.0 452.0
14631 1763.0 471.0
14643 1772.0 490.0
14655 1779.0 509.0
14666 1786.0 527.0
14678 1792.0 547.0
14690 1796.0 567.0
14702 1798.0 587.0
14714 1798.0 607.0
14725 1796.0 628.0
14737 1793.0 650.0
14749 1787.0 671.0
14761 1779.0 692.0
14773 1770.0 712.0
14785 1761.0 731.0
14797 1751.0 749.0
14808 1740.0 767.0
14820 1726.0 782.0
14832 1710.0 797.0
14844 1693.0 811.0
14856 1673.0 825.0
14868 1652.0 838.0
14880 1629.0 851.0
14892 1605.0 864.0
14903 1581.0 876.0
14916 1553.0 888.0
14927 1524.0 899.0
14939 1495.0 908.0
14951 1464.0 915.0
14963 1432.0 922.0
14975 1397.0 929.0
14987 1359.0 935.0
14999 1321.0 940.0
15011 1280.0 945.0
15023 1238.0 949.0
15035 1195.0 953.0
15046 1151.0 956.0
15058 1108.0 958.0
15070 1064.0 959.0
15083 1019.0 961.0
15094 974.0 962.0
15106 929.0 962.0
15118 884.0 963.0
15130 836.0 962.0
15142 790.0 961.0
15154 744.0 959.0
15166 700.0 957.0
15177 657.0 954.0
15189 615.0 950.0
15201 573.0 945.0
15213 532.0 939.0
15225 492.0 932.0
15237 453.0 924.0
15249 415.0 916.0
15261 381.0 906.0
15273 348.0 895.0
15285 317.0 881.0
15296 290.0 865.0
15308 265.0 848.0
15320 244.0 831.0
15332 225.0 812.0
15344 209.0 793.0
15356 195.0 772.0
15368 183.0 751.0
15379 172.0 729.0
15391 164.0 707.0
15403 158.0 685.0
15415 154.0 663.0
15427 151.0 641.0
15438 150.0 621.0
15450 150.0 601.0
15462 151.0 582.0
15474 153.0 564.0
15486 156.0 546.0
15498 159.0 528.0
15509 164.0 511.0
15521 171.0 494.0
15533 181.0 479.0
15545 191.0 465.0
15557 202.0 451.0
15568 216.0 436.0
15580 231.0 422.0
15592 248.0 407.0
15604 265.0 392.0
15616 285.0 378.0
15627 305.0 364.0
15639 327.0 352.0
15651 349.0 341.0
15663 373.0 330.0
15675 397.0 320.0
15687 424.0 311.0
15698 453.0 303.0
15710 484.0 295.0
15722 515.0 288.0
15734 549.0 281.0
15745 583.0 273.0
15757 618.0 265.0
15769 654.0 258.0
15780 691.0 253.0
15792 728.0 248.0
15804 766.0 244.0
15816 806.0 240.0
15828 847.0 236.0
15839 888.0 234.0
15851 929.0 233.0
15863 969.0 234.0
15875 1010.0 236.0
15886 1051.0 239.0
15898 1092.0 243.0
15910 1132.0 248.0
15922 1172.0 253.0
15933 1211.0 260.0
15945 1250.0 268.0
15957 1288.0 277.0
15969 1325.0 286.0
15981 1362.0 294.0
15993 1398.0 304.0
16005 1432.0 314.0
16016 1465.0 326.0
16028 1497.0 338.0
16040 1528.0 351.0
16052 1557.0 365.0
16064 1585.0 380.0
16075 1610.0 395.0
16087 1635.0 410.0
16099 1657.0 426.0
16111 1677.0 443.0
16123 1696.0 460.0
16135 1714.0 478.0
16146 1730.0 497.0
16158 1745.0 517.0
16170 1759.0 538.0
16182 1771.0 559.0
16193 1783.0 579.0
16205 1794.0 599.0
16217 1801.0 619.0
16229 1807.0 638.0
16241 1811.0 657.0
16253 1815.0 675.0
16265 1818.0 694.0
16277 1819.0 714.0
16288 1818.0 733.0
16300 1815.0 753.0
16312 1809.0 773.0
16324 1802.0 793.0
16336 1793.0 812.0
16348 1783.0 830.0
16359 1771.0 847.0
16372 1759.0 862.0
16383 1745.0 876.0
16395 1729.0 890.0
16407 1712.0 902.0
16419 1692.0 914.0
16431 1669.0 925.0
16443 1645.0 936.0
16455 1618.0 946.0
16467 1591.0 954.0
16479 1564.0 962.0
16491 1538.0 969.0
16503 1510.0 974.0
16515 1483.0 979.0
16526 1454.0 983.0
16538 1424.0 987.0
16550 1393.0 991.0
16562 1360.0 995.0
16574 1326.0 997.0
16586 1293.0 999.0
16598 1258.0 1001.0
16610 1223.0 1002.0
16622 1187.0 1003.0
16634 1150.0 1005.0
16645 1113.0 1006.0
16657 1075.0 1007.0
16669 1036.0 1007.0
16681 997.0 1007.0
16693 958.0 1007.0
16705 919.0 1005.0
16717 881.0 1003.0
16729 842.0 1001.0
16741 804.0 999.0
16753 767.0 996.0
16765 731.0 993.0
16776 695.0 989.0
16788 659.0 984.0
16800 625.0 979.0
16812 592.0 972.0
16824 560.0 964.0
16836 528.0 956.0
16848 499.0 947.0
16860 470.0 937.0
16872 440.0 927.0
16884 411.0 916.0
16895 382.0 904.0
16907 354.0 892.0
16919 327.0 879.0
16931 301.0 864.0
16943 276.0 850.0
16955 251.0 833.0
16967 230.0 816.0
16978 212.0 799.0
16990 194.0 782.0
17002 178.0 762.0
17014 164.0 741.0
17026 152.0 719.0
17038 141.0 697.0
17049 132.0 673.0
17061 126.0 650.0
17073 122.0 627.0
17085 121.0 606.0
17097 123.0 584.0
17109 125.0 562.0
17120 129.0 539.0
17133 137.0 516.0
17144 146.0 493.0
17156 156.0 471.0
17168 168.0 449.0
17179 182.0 428.0
17192 198.0 410.0
17203 214.0 392.0
17215 232.0 374.0
17227 252.0 357.0
17238 275.0 341.0
17250 299.0 327.0
17262 323.0 313.0
17274 348.0 300.0
17285 373.0 288.0
17297 399.0 277.0
17309 426.0 266.0
17321 453.0 255.0
17333 479.0 246.0
17344 506.0 238.0
17356 533.0 230.0
17368 562.0 222.0
17379 591.0 215.0
17391 621.0 209.0
17403 652.0 204.0
17415 682.0 200.0
17427 713.0 196.0
17438 744.0 191.0
17450 776.0 186.0
17462 807.0 182.0
17474 839.0 178.0
17485 871.0 176.0
17497 903.0 175.0
17509 935.0 174.0
17520 966.0 174.0
17532 998.0 174.0
17544 1029.0 175.0
17556 1060.0 177.0
17568 1092.0 180.0
17579 1126.0 183.0
17591 1158.0 187.0
17603 1190.0 190.0
17615 1222.0 195.0
17627 1254.0 200.0
17638 1284.0 206.0
17650 1314.0 213.0
17662 1343.0 221.0
17674 1372.0 230.0
17686 1400.0 240.0
17697 1427.0 250.0
17709 1454.0 262.0
17721 1481.0 275.0
17733 1507.0 288.0
17744 1532.0 300.0
17756 1557.0 313.0
17768 1580.0 327.0
17780 1603.0 342.0
17792 1625.0 357.0
17803 1647.0 373.0
17815 1668.0 389.0
17827 1687.0 406.0
17839 1706.0 423.0
17850 1724.0 442.0
17863 1740.0 461.0
17874 1754.0 480.0
17886 1767.0 499.0
17898 1778.0 519.0
17910 1789.0 540.0
17922 1798.0 560.0
17933 1805.0 581.0
17945 1809.0 601.0
17957 1813.0 620.0
17969 1814.0 640.0
17981 1813.0 659.0
17993 1812.0 678.0
18004 1809.0 696.0
18016 1803.0 714.0
18028 1796.0 731.0
18040 1786.0 748.0
18052 1776.0 764.0
18064 1765.0 780.0
18076 1752.0 795.0
18087 1737.0 809.0
18099 1720.0 824.0
18111 1701.0 838.0
18123 1680.0 853.0
18135 1656.0 868.0
18147 1631.0 883.0
18159 1602.0 897.0
18171 1572.0 910.0
18183 1541.0 921.0
18195 1510.0 932.0
18206 1478.0 942.0
18218 1445.0 950.0
18230 1412.0 958.0
18242 1378.0 966.0
18254 1343.0 973.0
18266 1307.0 981.0
18278 1269.0 987.0
18290 1231.0 992.0
18302 1193.0 997.0
18314 1155.0 1002.0
18326 1114.0 1007.0
18337 1072.0 1011.0
18349 1029.0 1015.0
18361 986.0 1016.0
18373 943.0 1017.0
18385 902.0 1017.0
18397 861.0 1016.0
18409 820.0 1013.0
18421 779.0 1010.0
18433 738.0 1005.0
18445 697.0 1000.0
18456 655.0 994.0
18468 613.0 988.0
18480 571.0 981.0
18492 529.0 973.0
18504 488.0 963.0
18516 448.0 953.0
18528 409.0 942.0
18539 373.0 929.0
18551 339.0 915.0
18563 307.0 901.0
18575 276.0 885.0
18587 250.0 868.0
18599 225.0 851.0
18611 202.0 834.0
18623 182.0 815.0
18634 163.0 795.0
18646 146.0 773.0
18658 132.0 751.0
18670 121.0 729.0
18682 113.0 707.0
18694 108.0 686.0
18705 105.0 665.0
18717 105.0 645.0
18729 106.0 624.0
18741 109.0 603.0
18753 113.0 580.0
18765 120.0 557.0
18776 131.0 534.0
18788 142.0 511.0
18800 157.0 490.0
18812 172.0 472.0
18824 189.0 454.0
18835 206.0 438.0
18847 225.0 423.0
18859 247.0 408.0
18871 270.0 393.0
18883 295.0 378.0
18894 322.0 363.0
18906 352.0 349.0
18918 382.0 336.0
18930 413.0 325.0
18942 444.0 316.0
18953 474.0 307.0
18965 503.0 301.0
18977 533.0 295.0
18988 563.0 290.0
19000 594.0 286.0
19012 625.0 281.0
19024 658.0 277.0
19036 691.0 273.0
19047 723.0 270.0
19059 755.0 266.0
19071 788.0 264.0
19083 822.0 262.0
19095 856.0 261.0
19106 890.0 260.0
19118 926.0 259.0
19130 961.0 260.0
19142 997.0 260.0
19153 1032.0 262.0
19166 1067.0 264.0
19177 1104.0 267.0
19189 1142.0 270.0
19201 1180.0 273.0
19213 1221.0 278.0
19224 1261.0 283.0
19236 1300.0 288.0
19248 1337.0 293.0
19260 1372.0 300.0
19272 1406.0 308.0
19283 1439.0 317.0
19295 1472.0 327.0
19307 1503.0 337.0
19319 1534.0 347.0
19331 1563.0 357.0
19342 1591.0 369.0
19354 1618.0 382.0
19366 1643.0 395.0
19378 1666.0 409.0
19390 1686.0 422.0
19402 1705.0 436.0
19413 1723.0 452.0
19425 1739.0 468.0
19437 1754.0 484.0
19449 1767.0 500.0
19461 1780.0 517.0
19472 1792.0 534.0
19484 1803.0 551.0
19496 1812.0 568.0
19508 1820.0 585.0
19520 1826.0 604.0
19532 1831.0 622.0
19544 1833.0 642.0
19555 1832.0 661.0
19567 1828.0 680.0
19579 1821.0 699.0
19591 1811.0 717.0
19603 1800.0 734.0
19615 1785.0 752.0
19626 1768.0 770.0
19638 1749.0 787.0
19650 1728.0 805.0
19662 1705.0 823.0
19674 1681.0 840.0
19686 1657.0 856.0
19698 1632.0 872.0
19710 1608.0 887.0
19721 1582.0 901.0
19734 1556.0 914.0
19745 1530.0 927.0
19757 1503.0 940.0
19769 1475.0 953.0
19781 1447.0 965.0
19793 1419.0 978.0
19805 1391.0 990.0
19817 1364.0 1000.0
19829 1337.0 1009.0
19841 1312.0 1018.0
19853 1286.0 1026.0
19864 1260.0 1032.0
19876 1234.0 1037.0
19888 1208.0 1041.0
19900 1182.0 1046.0
19912 1155.0 1050.0
19924 1128.0 1053.0
19936 1099.0 1056.0
19948 1071.0 1057.0
19960 1042.0 1057.0
19972 1013.0 1055.0
19984 983.0 1053.0
19996 954.0 1050.0
20008 923.0 1047.0
20019 893.0 1043.0
20032 861.0 1040.0
20043 827.0 1037.0
20055 792.0 1034.0
20067 757.0 1028.0
20079 722.0 1021.0
20091 688.0 1013.0
20103 653.0 1005.0
20115 618.0 997.0
20126 582.0 988.0
20138 547.0 978.0
20150 512.0 966.0
20162 478.0 954.0
20174 444.0 940.0
20186 411.0 925.0
20198 379.0 910.0
20210 350.0 894.0
20222 322.0 877.0
20234 296.0 860.0
20245 271.0 843.0
20257 247.0 825.0
20269 226.0 808.0
20281 206.0 789.0
20293 188.0 770.0
20304 170.0 748.0
20316 157.0 726.0
20328 145.0 703.0
20340 134.0 680.0
20352 127.0 656.0
20363 123.0 633.0
20375 120.0 612.0
20387 121.0 591.0
20399 123.0 570.0
20411 127.0 548.0
20423 135.0 526.0
20435 145.0 502.0
20446 155.0 478.0
20458 168.0 454.0
20470 183.0 434.0
20482 199.0 416.0
20493 216.0 398.0
20505 235.0 383.0
20517 257.0 369.0
20528 280.0 356.0
20540 305.0 343.0
20552 332.0 331.0
20564 361.0 319.0
20576 392.0 308.0
20587 422.0 297.0
20599 453.0 289.0
20611 484.0 281.0
20623 516.0 274.0
20635 547.0 267.0
20646 579.0 260.0
20658 613.0 254.0
20670 648.0 249.0
20682 683.0 245.0
20693 718.0 241.0
20705 753.0 237.0
20717 788.0 233.0
20729 822.0 231.0
20741 856.0 229.0
20753 890.0 227.0
20764 924.0 227.0
20776 958.0 228.0
20788 991.0 229.0
20799 1024.0 230.0
20811 1057.0 231.0
20823 1090.0 233.0
20835 1123.0 236.0
20847 1156.0 239.0
20858 1189.0 242.0
20870 1222.0 245.0
20882 1255.0 249.0
20894 1287.0 254.0
20906 1316.0 261.0
20917 1345.0 268.0
20929 1373.0 277.0
20941 1400.0 285.0
20953 1426.0 293.0
20965 1453.0 302.0
20976 1479.0 312.0
20988 1505.0 325.0
21000 1531.0 337.0
21012 1556.0 350.0
21024 1579.0 364.0
21035 1599.0 379.0
21047 1618.0 395.0
21059 1636.0 411.0
21071 1654.0 427.0
21083 1669.0 443.0
21094 1682.0 459.0
21106 1694.0 476.0
21118 1705.0 492.0
21130 1716.0 509.0
21142 1723.0 526.0
21154 1730.0 543.0
21165 1736.0 559.0
21177 1742.0 576.0
21189 1746.0 594.0
21201 1750.0 611.0
21213 1752.0 629.0
21225 1754.0 647.0
21236 1754.0 665.0
21248 1754.0 683.0
21260 1752.0 701.0
21272 1749.0 718.0
21284 1744.0 735.0
21295 1736.0 751.0
21307 1726.0 767.0
21319 1716.0 782.0
21332 1704.0 795.0
21343 1691.0 808.0
21355 1677.0 820.0
21367 1662.0 832.0
21379 1645.0 843.0
21390 1627.0 854.0
21402 1608.0 863.0
21414 1588.0 872.0
21426 1565.0 881.0
21438 1542.0 890.0
21450 1518.0 897.0
21462 1492.0 903.0
21474 1465.0 909.0
21486 1437.0 913.0
21498 1409.0 917.0
21510 1381.0 922.0
21522 1352.0 926.0
21534 1323.0 930.0
21545 1293.0 933.0
21557 1262.0 936.0
21569 1229.0 939.0
21581 1195.0 941.0
21593 1161.0 942.0
21605 1127.0 943.0
21617 1092.0 944.0
21629 1057.0 944.0
21641 1020.0 945.0
21653 983.0 945.0
21665 945.0 944.0
21676 906.0 944.0
21688 865.0 943.0
21700 823.0 942.0
21712 781.0 940.0
21724 739.0 938.0
21736 697.0 936.0
21748 656.0 933.0
21760 615.0 929.0
21772 574.0 924.0
21784 533.0 919.0
21796 493.0 913.0
21807 454.0 908.0
21819 415.0 901.0
21831 377.0 892.0
21843 342.0 882.0
21855 310.0 870.0
21867 279.0 856.0
21879 253.0 841.0
21890 229.0 824.0
21903 209.0 808.0
21914 191.0 791.0
21926 174.0 773.0
21938 160.0 755.0
21950 148.0 735.0
21962 137.0 713.0
21974 127.0 691.0
21985 122.0 668.0
21997 118.0 647.0
22009 118.0 626.0
22021 119.0 606.0
22032 122.0 588.0
22044 126.0 570.0
22056 133.0 553.0
22068 142.0 536.0
22080 152.0 519.0
22092 163.0 502.0
22103 177.0 483.0
22115 192.0 465.0
22127 208.0 447.0
22139 225.0 432.0
22150 242.0 419.0
22162 259.0 407.0
22174 279.0 396.0
22186 301.0 385.0
22197 325.0 374.0
22209 350.0 364.0
22221 378.0 352.0
22233 407.0 341.0
22245 438.0 331.0
22256 469.0 322.0
22268 501.0 313.0
22280 535.0 304.0
22292 570.0 296.0
22303 608.0 288.0
22315 646.0 282.0
22327 686.0 276.0
22339 727.0 270.0
22350 769.0 265.0
22362 811.0 261.0
22374 853.0 258.0
22386 895.0 257.0
22397 937.0 258.0
22409 978.0 260.0
22422 1019.0 263.0
22433 1060.0 269.0
22445 1101.0 275.0
22456 1142.0 282.0
22468 1184.0 290.0
22480 1225.0 299.0
22492 1265.0 309.0
22504 1304.0 320.0
22515 1342.0 332.0
22527 1377.0 344.0
22539 1412.0 358.0
22551 1446.0 371.0
22563 1479.0 386.0
22575 1511.0 403.0
22586 1542.0 420.0
22598 1569.0 438.0
22610 1595.0 458.0
22622 1620.0 477.0
22634 1644.0 495.0
22646 1666.0 513.0
22657 1686.0 531.0
22669 1704.0 548.0
22681 1722.0 565.0
22693 1737.0 582.0
22705 1750.0 597.0
22716 1761.0 613.0
22728 1772.0 629.0
22740 1782.0 645.0
22752 1791.0 661.0
22764 1799.0 677.0
22776 1805.0 692.0
22787 1809.0 708.0
22799 1813.0 723.0
22811 1814.0 738.0
22823 1813.0 753.0
22835 1811.0 768.0
22847 1808.0 782.0
22859 1803.0 796.0
22870 1797.0 811.0
22882 1788.0 825.0
22894 1778.0 839.0
22906 1766.0 853.0
22918 1751.0 866.0
22930 1734.0 879.0
22942 1716.0 891.0
22954 1696.0 902.0
22966 1677.0 910.0
22978 1658.0 919.0
22989 1637.0 927.0
23002 1617.0 936.0
23014 1595.0 943.0
23025 1573.0 950.0
23037 1549.0 956.0
23049 1523.0 963.0
23061 1497.0 970.0
23073 1469.0 977.0
23085 1440.0 983.0
23097 1411.0 988.0
23109 1382.0 993.0
23121 1351.0 998.0
23133 1320.0 1003.0
23145 1287.0 1007.0
23156 1252.0 1011.0
23168 1216.0 1015.0
23180 1178.0 1019.0
23192 1139.0 1023.0
23204 1098.0 1027.0
23216 1057.0 1031.0
23228 1016.0 1032.0
23240 976.0 1034.0
23252 934.0 1035.0
23264 891.0 1035.0
23276 848.0 1034.0
23288 804.0 1033.0
23300 762.0 1031.0
23312 721.0 1029.0
23324 680.0 1026.0
23335 640.0 1021.0
23347 601.0 1014.0
23359 562.0 1007.0
23371 526.0 998.0
23383 491.0 988.0
23395 459.0 978.0
23407 427.0 965.0
23419 395.0 951.0
23430 363.0 936.0
23442 334.0 921.0
23454 308.0 904.0
23466 283.0 887.0
23478 260.0 870.0
23490 239.0 852.0
23501 221.0 835.0
23514 204.0 818.0
23525 188.0 802.0
23537 174.0 786.0
23549 160.0 770.0
23561 148.0 754.0
23573 136.0 737.0
23584 125.0 721.0
23596 118.0 704.0
23608 113.0 687.0
23620 109.0 671.0
23632 108.0 655.0
23644 108.0 640.0
23655 109.0 625.0
23667 111.0 610.0
23679 114.0 595.0
23691 119.0 580.0
23702 126.0 565.0
23714 136.0 550.0
23726 147.0 535.0
23738 160.0 521.0
23750 174.0 507.0
23762 190.0 493.0
23773 207.0 478.0
23785 226.0 464.0
23797 248.0 449.0
23809 271.0 434.0
23821 295.0 420.0
23833 320.0 407.0
23844 348.0 394.0
23856 376.0 382.0
23868 405.0 371.0
23880 435.0 361.0
23891 466.0 352.0
23903 497.0 345.0
23915 528.0 339.0
23927 560.0 333.0
23938 593.0 328.0
23950 627.0 323.0
23962 660.0 318.0
23974 694.0 314.0
23985 727.0 310.0
23997 759.0 306.0
24009 793.0 302.0
24021 828.0 300.0
24033 863.0 299.0
24045 897.0 298.0
24056 931.0 298.0
24068 966.0 300.0
24080 1000.0 302.0
24092 1035.0 305.0
24103 1069.0 308.0
24115 1103.0 312.0
24127 1137.0 317.0
24139 1171.0 322.0
24151 1205.0 328.0
24162 1239.0 333.0
24174 1273.0 339.0
24186 1307.0 345.0
24198 1339.0 353.0
24209 1371.0 361.0
24221 1402.0 370.0
24233 1432.0 378.0
24245 1462.0 387.0
24257 1491.0 396.0
24269 1518.0 406.0
24280 1545.0 416.0
24292 1570.0 425.0
24304 1594.0 435.0
24316 1617.0 447.0
24328 1639.0 459.0
24340 1659.0 471.0
24352 1677.0 483.0
24363 1695.0 495.0
24375 1711.0 508.0
24387 1725.0 522.0
24399 1739.0 535.0
24411 1750.0 549.0
24423 1760.0 562.0
24435 1768.0 576.0
24446 1776.0 589.0
24458 1784.0 602.0
24470 1791.0 616.0
24482 1797.0 630.0
24494 1801.0 644.0
24505 1805.0 659.0
24517 1808.0 673.0
24529 1808.0 688.0
24541 1808.0 703.0
24553 1805.0 718.0
24565 1802.0 733.0
24577 1798.0 748.0
24588 1791.0 763.0
24600 1781.0 777.0
24612 1771.0 791.0
24624 1759.0 804.0
24636 1746.0 817.0
24648 1731.0 830.0
24660 1714.0 843.0
24672 1696.0 854.0
24684 1676.0 865.0
24695 1656.0 876.0
24708 1634.0 887.0
24719 1611.0 898.0
24731 1587.0 906.0
24743 1562.0 915.0
24755 1535.0 924.0
24767 1507.0 933.0
24779 1477.0 941.0
24791 1446.0 950.0
24803 1415.0 959.0
24815 1381.0 968.0
24826 1347.0 977.0
24838 1310.0 985.0
24850 1274.0 992.0
24863 1237.0 999.0
24874 1199.0 1004.0
24886 1161.0 1009.0
24898 1122.0 1013.0
24910 1083.0 1016.0
24922 1044.0 1016.0
24934 1005.0 1016.0
24946 965.0 1015.0
24958 924.0 1013.0
24970 884.0 1010.0
24982 843.0 1007.0
24994 803.0 1002.0
25006 763.0 997.0
25018 723.0 992.0
25030 683.0 986.0
25042 644.0 978.0
25053 603.0 970.0
25065 562.0 962.0
25077 521.0 953.0
25089 481.0 944.0
25101 442.0 934.0
25113 404.0 924.0
25125 368.0 914.0
25137 335.0 902.0
25149 303.0 890.0
25160 273.0 876.0
25172 247.0 862.0
25185 223.0 847.0
25196 202.0 832.0
25208 182.0 815.0
25220 164.0 798.0
25232 147.0 781.0
25244 133.0 762.0
25255 120.0 741.0
25268 110.0 720.0
25279 103.0 700.0
25291 99.0 679.0
25303 95.0 659.0
25315 95.0 640.0
25327 96.0 622.0
25338 99.0 604.0
25350 102.0 587.0
25362 107.0 568.0
25374 114.0 550.0
25386 124.0 532.0
25397 134.0 515.0
25409 147.0 498.0
25421 161.0 482.0
25433 177.0 467.0
25445 194.0 454.0
25456 212.0 439.0
25468 234.0 425.0
25480 257.0 411.0
25492 281.0 398.0
25504 307.0 386.0
25516 335.0 374.0
25527 364.0 363.0
25539 395.0 352.0
25551 426.0 342.0
25563 459.0 332.0
25575 493.0 323.0
25586 528.0 313.0
25598 565.0 303.0
25610 602.0 296.0
25622 640.0 290.0
25634 678.0 286.0
25645 717.0 282.0
25657 757.0 278.0
25669 797.0 277.0
25681 838.0 276.0
25693 879.0 276.0
25705 920.0 277.0
25716 961.0 279.0
25728 1001.0 281.0
25740 1040.0 284.0
25752 1079.0 287.0
25763 1117.0 291.0
25775 1156.0 297.0
25787 1193.0 304.0
25799 1230.0 312.0
25811 1267.0 321.0
25823 1302.0 330.0
25834 1335.0 339.0
25846 1367.0 347.0
25858 1398.0 356.0
25870 1430.0 366.0
25882 1461.0 376.0
25893 1491.0 386.0
25905 1520.0 397.0
25917 1548.0 409.0
25929 1575.0 421.0
25941 1600.0 433.0
25953 1625.0 445.0
25964 1648.0 457.0
25976 1670.0 469.0
25988 1690.0 480.0
26000 1710.0 493.0
26012 1728.0 505.0
26023 1746.0 518.0
26035 1761.0 531.0
26047 1776.0 544.0
26059 1788.0 557.0
26071 1799.0 571.0
26083 1807.0 585.0
26094 1814.0 597.0
26106 1819.0 610.0
26118 1824.0 623.0
26130 1828.0 636.0
26142 1829.0 650.0
26154 1828.0 664.0
26166 1825.0 679.0
26177 1819.0 694.0
26189 1811.0 709.0
26201 1801.0 724.0
26213 1789.0 739.0
26225 1775.0 754.0
26237 1759.0 769.0
26248 1742.0 784.0
26260 1725.0 798.0
26272 1706.0 812.0
26284 1687.0 825.0
26296 1667.0 837.0
26308 1646.0 850.0
26320 1623.0 862.0
26332 1599.0 873.0
26344 1573.0 885.0
26355 1545.0 897.0
26367 1516.0 908.0
26379 1485.0 918.0
26391 1454.0 928.0
26403 1421.0 938.0
26415 1386.0 947.0
26427 1348.0 956.0
26439 1309.0 965.0
26451 1267.0 973.0
26463 1223.0 982.0
26474 1180.0 989.0
26486 1135.0 995.0
26498 1091.0 999.0
26510 1046.0 1003.0
26522 1001.0 1006.0
26534 955.0 1009.0
26546 909.0 1010.0
26558 861.0 1010.0
26570 814.0 1010.0
26582 768.0 1008.0
26594 723.0 1005.0
26606 680.0 999.0
26617 639.0 993.0
26629 598.0 987.0
26641 559.0 978.0
26653 520.0 968.0
26665 481.0 958.0
26677 442.0 946.0
26689 404.0 932.0
26701 369.0 917.0
26712 338.0 902.0
26725 308.0 886.0
26736 282.0 869.0
26748 257.0 852.0
26760 237.0 835.0
26772 219.0 817.0
26784 202.0 798.0
26796 189.0 779.0
26807 177.0 760.0
26819 166.0 740.0
26831 157.0 720.0
26843 150.0 701.0
26855 144.0 681.0
26867 139.0 663.0
26879 135.0 645.0
26890 133.0 627.0
26902 134.0 610.0
26914 136.0 596.0
26926 139.0 582.0
26938 144.0 568.0
26949 150.0 555.0
26962 157.0 541.0
26973 164.0 527.0
26985 174.0 513.0
26997 186.0 498.0
27008 199.0 483.0
27020 215.0 468.0
27032 232.0 453.0
27044 249.0 439.0
27056 270.0 424.0
27067 292.0 410.0
27079 316.0 396.0
27091 342.0 382.0
27103 371.0 369.0
27115 400.0 356.0
27126 431.0 345.0
27138 462.0 334.0
27150 493.0 323.0
27162 526.0 313.0
27174 560.0 303.0
27185 594.0 293.0
27197 630.0 285.0
27209 667.0 278.0
27221 705.0 270.0
27232 746.0 264.0
27244 788.0 258.0
27256 832.0 254.0
27268 876.0 250.0
27279 920.0 246.0
27291 963.0 244.0
27303 1005.0 242.0
27315 1047.0 241.0
27326 1089.0 242.0
27338 1131.0 244.0
27350 1174.0 247.0
27362 1216.0 250.0
27373 1258.0 254.0
27385 1300.0 261.0
27397 1340.0 269.0
27409 1379.0 277.0
27420 1418.0 286.0
27433 1455.0 294.0
27444 1491.0 302.0
27456 1526.0 312.0
27468 1559.0 323.0
27479 1591.0 334.0
27492 1622.0 346.0
27503 1651.0 357.0
27515 1679.0 371.0
27527 1706.0 386.0
27539 1732.0 401.0
27550 1756.0 416.0
27562 1778.0 431.0
27574 1796.0 446.0
27586 1813.0 461.0
27598 1827.0 477.0
27609 1839.0 494.0
27621 1850.0 512.0
27633 1857.0 532.0
27645 1861.0 553.0
27657 1865.0 575.0
27669 1865.0 597.0
27680 1863.0 619.0
27693 1859.0 639.0
27704 1853.0 659.0
27716 1846.0 679.0
27728 1837.0 698.0
27740 1827.0 716.0
27752 1816.0 734.0
27764 1804.0 752.0
27775 1792.0 770.0
27787 1779.0 785.0
27799 1766.0 800.0
27811 1752.0 814.0
27823 1737.0 829.0
27835 1720.0 842.0
27847 1703.0 856.0
27859 1686.0 869.0
27871 1667.0 883.0
27883 1648.0 896.0
27894 1627.0 907.0
27906 1607.0 918.0
27918 1586.0 928.0
27930 1564.0 939.0
27942 1541.0 947.0
27954 1517.0 955.0
27966 1491.0 962.0
27978 1463.0 968.0
27990 1432.0 974.0
28002 1400.0 979.0
28014 1366.0 983.0
28026 1332.0 987.0
28037 1296.0 991.0
28049 1259.0 994.0
28062 1221.0 995.0
28073 1182.0 995.0
28085 1143.0 995.0
28097 1102.0 994.0
28109 1060.0 993.0
28121 1017.0 992.0
28133 973.0 991.0
28145 928.0 988.0
28157 883.0 985.0
28169 836.0 982.0
28181 790.0 979.0
28193 744.0 975.0
28204 698.0 971.0
28217 652.0 968.0
28228 606.0 963.0
28240 560.0 959.0
28252 516.0 954.0
28264 474.0 948.0
28276 434.0 940.0
28288 396.0 930.0
28300 362.0 919.0
28312 330.0 907.0
28324 300.0 895.0
28336 271.0 882.0
28347 243.0 869.0
28359 216.0 856.0
28371 189.0 843.0
28383 164.0 828.0
28395 140.0 812.0
28407 118.0 795.0
28419 99.0 778.0
28430 82.0 762.0
28442 68.0 746.0
28454 56.0 730.0
28466 45.0 716.0
28478 36.0 700.0
28490 30.0 685.0
28502 25.0 670.0
28513 22.0 654.0
28525 22.0 638.0
28537 23.0 622.0
28549 25.0 606.0
28560 29.0 590.0
28573 36.0 574.0
28584 46.0 558.0
28596 58.0 542.0
28608 74.0 526.0
28620 91.0 510.0
28632 111.0 494.0
28643 132.0 478.0
28655 154.0 464.0
28667 177.0 450.0
28679 201.0 437.0
28690 225.0 424.0
28703 250.0 412.0
28714 277.0 399.0
28726 304.0 388.0
28738 331.0 376.0
28749 360.0 365.0
28761 390.0 354.0
28773 420.0 344.0
28785 451.0 335.0
28797 483.0 327.0
28808 514.0 320.0
28820 546.0 313.0
28832 577.0 305.0
28844 609.0 299.0
28856 642.0 294.0
28867 675.0 290.0
28879 708.0 286.0
28891 742.0 282.0
28903 775.0 278.0
28914 808.0 274.0
28926 842.0 272.0
28938 877.0 271.0
28950 911.0 271.0
28962 945.0 273.0
28974 977.0 275.0
28986 1011.0 277.0
28997 1045.0 280.0
29009 1079.0 283.0
29021 1113.0 287.0
29033 1146.0 290.0
29044 1180.0 294.0
29056 1214.0 300.0
29068 1248.0 307.0
29080 1281.0 315.0
29092 1314.0 323.0
29104 1347.0 331.0
29115 1379.0 338.0
29127 1411.0 346.0
29139 1442.0 354.0
29151 1472.0 363.0
29163 1502.0 373.0
29174 1530.0 383.0
29186 1558.0 393.0
29198 1584.0 404.0
29210 1610.0 415.0
29222 1635.0 426.0
29234 1658.0 439.0
29245 1680.0 452.0
29257 1700.0 465.0
29269 1718.0 479.0
29281 1735.0 493.0
29292 1749.0 508.0
29305 1760.0 524.0
29316 1771.0 540.0
29328 1782.0 557.0
29340 1791.0 574.0
29352 1797.0 591.0
29364 1802.0 608.0
29375 1805.0 625.0
29387 1806.0 642.0
29399 1805.0 659.0
29411 1803.0 676.0
29423 1800.0 692.0
29435 1797.0 707.0
29446 1791.0 722.0
29458 1784.0 736.0
29470 1776.0 750.0
29482 1766.0 765.0
29494 1756.0 779.0
29506 1746.0 793.0
29517 1732.0 807.0
29529 1716.0 821.0
29541 1699.0 835.0
29553 1681.0 849.0
29565 1661.0 862.0
29577 1640.0 875.0
29589 1618.0 887.0
29601 1595.0 899.0
29613 1571.0 910.0
29625 1547.0 921.0
29637 1521.0 931.0
29648 1494.0 942.0
29660 1466.0 952.0
29673 1436.0 962.0
29684 1406.0 972.0
29696 1375.0 981.0
29708 1343.0 990.0
29720 1309.0 998.0
29732 1275.0 1005.0
29744 1241.0 1011.0
29756 1206.0 1016.0
29768 1170.0 1022.0
29780 1132.0 1027.0
29792 1094.0 1031.0
29804 1054.0 1034.0
29815 1013.0 1036.0
29827 971.0 1037.0
29839 928.0 1038.0
29851 885.0 1038.0
29863 841.0 1037.0
29875 798.0 1035.0
29887 756.0 1032.0
29899 713.0 1026.0
29911 671.0 1017.0
29923 630.0 1007.0
29935 590.0 996.0
29947 551.0 983.0
29959 513.0 970.0
29970 476.0 956.0
29982 440.0 940.0
29994 404.0 923.0
