875 1316.0 1063.0
887 1304.0 1063.0
899 1286.0 1063.0
910 1266.0 1063.0
922 1245.0 1063.0
934 1225.0 1063.0
946 1204.0 1063.0
958 1182.0 1062.0
970 1160.0 1061.0
982 1137.0 1060.0
994 1113.0 1058.0
1006 1088.0 1055.0
1018 1063.0 1050.0
1030 1038.0 1043.0
1042 1013.0 1037.0
1054 989.0 1030.0
1065 964.0 1021.0
1077 939.0 1012.0
1089 914.0 1002.0
1101 889.0 992.0
1113 864.0 983.0
1125 839.0 974.0
1137 814.0 965.0
1149 789.0 956.0
1160 765.0 947.0
1172 740.0 937.0
1184 716.0 927.0
1196 692.0 918.0
1208 669.0 908.0
1220 646.0 899.0
1232 625.0 889.0
1244 604.0 879.0
1255 585.0 868.0
1268 566.0 857.0
1279 547.0 845.0
1291 528.0 832.0
1303 509.0 820.0
1315 491.0 806.0
1327 473.0 793.0
1339 455.0 779.0
1350 437.0 765.0
1362 419.0 751.0
1374 402.0 737.0
1386 387.0 723.0
1398 373.0 709.0
1410 361.0 695.0
1421 350.0 681.0
1433 342.0 667.0
1445 335.0 653.0
1457 331.0 639.0
1469 327.0 625.0
1481 325.0 611.0
1492 326.0 597.0
1504 328.0 582.0
1516 333.0 565.0
1528 341.0 547.0
1540 351.0 527.0
1552 362.0 506.0
1563 374.0 486.0
1575 386.0 467.0
1587 400.0 448.0
1599 415.0 429.0
1610 431.0 411.0
1622 449.0 393.0
1634 469.0 376.0
1646 491.0 358.0
1658 514.0 341.0
1669 538.0 324.0
1681 562.0 308.0
1693 587.0 293.0
1704 613.0 279.0
1717 639.0 266.0
1728 666.0 255.0
1740 694.0 245.0
1751 722.0 237.0
1763 752.0 228.0
1775 782.0 220.0
1787 814.0 212.0
1798 847.0 205.0
1810 879.0 198.0
1822 911.0 192.0
1834 943.0 186.0
1845 972.0 182.0
1857 1000.0 179.0
1869 1028.0 178.0
1881 1057.0 178.0
1892 1086.0 178.0
1904 1115.0 179.0
1916 1144.0 179.0
1928 1173.0 181.0
1940 1202.0 183.0
1951 1230.0 186.0
1963 1256.0 189.0
1975 1281.0 193.0
1987 1306.0 197.0
1998 1330.0 201.0
2010 1355.0 205.0
2022 1380.0 209.0
2033 1404.0 215.0
2045 1429.0 220.0
2057 1454.0 227.0
2069 1477.0 235.0
2080 1499.0 243.0
2092 1521.0 251.0
2104 1542.0 259.0
2116 1563.0 268.0
2128 1584.0 278.0
2139 1602.0 289.0
2151 1620.0 299.0
2163 1638.0 309.0
2175 1654.0 319.0
2187 1668.0 331.0
2198 1682.0 344.0
2210 1696.0 359.0
2222 1709.0 375.0
2233 1721.0 392.0
2245 1733.0 409.0
2257 1744.0 426.0
2269 1755.0 443.0
2281 1762.0 461.0
2292 1769.0 481.0
2304 1776.0 501.0
2316 1782.0 521.0
2328 1787.0 542.0
2340 1791.0 564.0
2351 1793.0 586.0
2363 1792.0 608.0
2375 1790.0 629.0
2387 1787.0 650.0
2399 1781.0 671.0
2411 1773.0 691.0
2422 1764.0 710.0
2434 1754.0 729.0
2446 1741.0 748.0
2458 1727.0 766.0
2470 1712.0 784.0
2481 1696.0 801.0
2493 1679.0 819.0
2505 1662.0 836.0
2517 1645.0 853.0
2529 1627.0 868.0
2541 1609.0 883.0
2552 1591.0 898.0
2564 1572.0 912.0
2576 1552.0 927.0
2588 1531.0 944.0
2600 1509.0 961.0
2612 1486.0 979.0
2624 1463.0 996.0
2635 1439.0 1010.0
2647 1416.0 1023.0
2659 1392.0 1034.0
2672 1368.0 1044.0
2683 1344.0 1053.0
2695 1321.0 1062.0
2707 1297.0 1071.0
2719 1273.0 1078.0
2731 1249.0 1084.0
2742 1224.0 1090.0
2754 1198.0 1095.0
2767 1173.0 1099.0
2778 1147.0 1102.0
2790 1122.0 1105.0
2802 1098.0 1106.0
2814 1074.0 1108.0
2826 1051.0 1108.0
2838 1027.0 1108.0
2850 1003.0 1107.0
2862 979.0 1105.0
2874 955.0 1102.0
2885 930.0 1099.0
2898 905.0 1096.0
2909 880.0 1092.0
2921 855.0 1088.0
2933 830.0 1084.0
2945 806.0 1080.0
2957 782.0 1077.0
2969 759.0 1072.0
2981 736.0 1067.0
2993 713.0 1061.0
3004 690.0 1055.0
3016 666.0 1049.0
3028 641.0 1043.0
3040 618.0 1038.0
3052 596.0 1033.0
3064 574.0 1027.0
3076 553.0 1020.0
3088 532.0 1012.0
3100 513.0 1003.0
3112 493.0 995.0
3123 474.0 985.0
3135 455.0 976.0
3147 437.0 966.0
3159 419.0 956.0
3171 401.0 947.0
3183 384.0 937.0
3195 368.0 927.0
3207 353.0 916.0
3218 338.0 906.0
3231 324.0 896.0
3242 310.0 886.0
3254 297.0 874.0
3266 285.0 863.0
3278 273.0 853.0
3290 260.0 842.0
3302 249.0 830.0
3313 237.0 819.0
3325 226.0 807.0
3337 215.0 794.0
3349 206.0 782.0
3361 200.0 769.0
3373 194.0 754.0
3384 189.0 739.0
3397 184.0 723.0
3408 180.0 707.0
3420 176.0 690.0
3432 173.0 672.0
3443 171.0 653.0
3455 171.0 633.0
3467 172.0 612.0
3479 175.0 591.0
3491 179.0 569.0
3503 185.0 546.0
3514 194.0 523.0
3527 204.0 500.0
3538 216.0 477.0
3550 230.0 455.0
3562 245.0 433.0
3573 262.0 412.0
3585 279.0 391.0
3597 296.0 371.0
3609 314.0 352.0
3620 333.0 334.0
3632 354.0 317.0
3644 375.0 299.0
3656 397.0 284.0
3667 419.0 268.0
3679 442.0 253.0
3691 465.0 239.0
3703 488.0 226.0
3714 511.0 213.0
3726 534.0 201.0
3738 557.0 190.0
3750 580.0 179.0
3761 604.0 168.0
3773 627.0 161.0
3785 651.0 154.0
3797 674.0 147.0
3808 697.0 141.0
3820 721.0 136.0
3832 744.0 131.0
3843 768.0 127.0
3855 792.0 124.0
3867 816.0 122.0
3879 840.0 120.0
3890 864.0 118.0
3902 888.0 116.0
3914 911.0 114.0
3925 935.0 113.0
3937 959.0 113.0
3949 983.0 114.0
3961 1008.0 115.0
3972 1033.0 116.0
3984 1058.0 119.0
3996 1084.0 122.0
4007 1109.0 125.0
4019 1134.0 128.0
4031 1159.0 134.0
4042 1184.0 139.0
4054 1208.0 144.0
4066 1231.0 149.0
4078 1253.0 154.0
4089 1276.0 159.0
4101 1298.0 164.0
4113 1320.0 169.0
4125 1342.0 174.0
4136 1363.0 181.0
4148 1385.0 188.0
4160 1405.0 195.0
4171 1425.0 202.0
4183 1445.0 208.0
4195 1464.0 215.0
4207 1483.0 222.0
4219 1501.0 229.0
4230 1518.0 237.0
4242 1535.0 244.0
4254 1552.0 251.0
4265 1569.0 258.0
4277 1586.0 266.0
4289 1601.0 275.0
4301 1616.0 284.0
4312 1630.0 293.0
4324 1644.0 301.0
4336 1657.0 310.0
4348 1668.0 320.0
4360 1679.0 330.0
4371 1690.0 340.0
4383 1701.0 350.0
4395 1712.0 361.0
4407 1721.0 374.0
4419 1730.0 386.0
4430 1738.0 400.0
4442 1746.0 413.0
4454 1753.0 427.0
4465 1759.0 442.0
4477 1764.0 458.0
4489 1769.0 474.0
4501 1775.0 491.0
4513 1780.0 508.0
4524 1784.0 526.0
4537 1787.0 544.0
4548 1787.0 563.0
4560 1786.0 582.0
4572 1784.0 602.0
4583 1781.0 621.0
4595 1778.0 639.0
4607 1773.0 655.0
4619 1767.0 672.0
4631 1761.0 688.0
4643 1753.0 705.0
4654 1744.0 722.0
4666 1734.0 739.0
4678 1722.0 756.0
4690 1710.0 772.0
4702 1696.0 787.0
4714 1683.0 801.0
4725 1669.0 815.0
4738 1655.0 828.0
4749 1639.0 840.0
4761 1624.0 852.0
4773 1608.0 863.0
4785 1592.0 873.0
4797 1576.0 884.0
4809 1560.0 895.0
4821 1544.0 906.0
4832 1527.0 917.0
4844 1510.0 929.0
4856 1492.0 941.0
4868 1472.0 952.0
4880 1452.0 964.0
4892 1431.0 975.0
4904 1409.0 985.0
4915 1386.0 993.0
4928 1362.0 1002.0
4939 1338.0 1011.0
4951 1313.0 1019.0
4963 1287.0 1028.0
4975 1260.0 1035.0
4987 1233.0 1042.0
4999 1206.0 1048.0
5010 1180.0 1053.0
5023 1154.0 1058.0
5034 1128.0 1062.0
5046 1103.0 1064.0
5058 1078.0 1065.0
5070 1053.0 1065.0
5082 1028.0 1064.0
5094 1005.0 1061.0
5106 982.0 1058.0
5118 960.0 1055.0
5130 937.0 1052.0
5141 914.0 1048.0
5153 891.0 1045.0
5165 869.0 1041.0
5177 846.0 1037.0
5189 823.0 1034.0
5201 800.0 1031.0
5213 776.0 1028.0
5225 753.0 1024.0
5237 729.0 1020.0
5249 705.0 1015.0
5260 681.0 1010.0
5272 658.0 1004.0
5284 635.0 998.0
5296 612.0 992.0
5308 589.0 985.0
5320 566.0 978.0
5332 543.0 971.0
5344 521.0 962.0
5355 499.0 953.0
5368 478.0 944.0
5379 457.0 934.0
5391 437.0 924.0
5403 417.0 913.0
5415 398.0 902.0
5427 380.0 890.0
5438 362.0 878.0
5450 344.0 866.0
5462 328.0 854.0
5474 313.0 842.0
5486 299.0 830.0
5498 285.0 818.0
5510 271.0 805.0
5521 258.0 792.0
5533 245.0 779.0
5545 234.0 766.0
5557 223.0 751.0
5569 213.0 736.0
5581 206.0 720.0
5592 200.0 704.0
5604 195.0 687.0
5616 190.0 670.0
5628 185.0 652.0
5640 181.0 634.0
5651 177.0 616.0
5663 176.0 597.0
5675 177.0 578.0
5687 180.0 559.0
5699 183.0 540.0
5710 189.0 522.0
5722 196.0 504.0
5734 204.0 486.0
5746 213.0 467.0
5758 224.0 448.0
5769 236.0 428.0
5781 250.0 409.0
5793 265.0 390.0
5804 281.0 371.0
5816 298.0 353.0
5828 315.0 335.0
5840 333.0 319.0
5851 351.0 303.0
5863 371.0 287.0
5875 393.0 272.0
5887 415.0 257.0
5899 437.0 243.0
5910 460.0 231.0
5922 484.0 218.0
5934 508.0 207.0
5945 532.0 198.0
5957 556.0 190.0
5969 580.0 182.0
5980 605.0 175.0
5992 631.0 169.0
6004 656.0 164.0
6016 681.0 160.0
6028 706.0 156.0
6039 731.0 152.0
6051 755.0 150.0
6063 779.0 148.0
6074 803.0 146.0
6086 828.0 145.0
6098 852.0 145.0
6110 876.0 145.0
6121 900.0 144.0
6133 925.0 144.0
6145 948.0 144.0
6156 971.0 143.0
6168 994.0 143.0
6180 1017.0 144.0
6192 1039.0 144.0
6203 1062.0 146.0
6215 1084.0 147.0
6227 1106.0 149.0
6239 1128.0 151.0
6250 1149.0 154.0
6262 1170.0 157.0
6274 1191.0 159.0
6285 1212.0 162.0
6297 1232.0 165.0
6309 1252.0 168.0
6320 1272.0 172.0
6332 1292.0 177.0
6344 1311.0 183.0
6356 1330.0 189.0
6368 1348.0 195.0
6379 1366.0 201.0
6391 1384.0 206.0
6403 1402.0 212.0
6414 1419.0 217.0
6427 1437.0 223.0
6438 1454.0 230.0
6450 1470.0 237.0
6461 1486.0 244.0
6473 1502.0 251.0
6485 1517.0 259.0
6497 1531.0 268.0
6509 1545.0 277.0
6520 1558.0 286.0
6532 1571.0 295.0
6544 1584.0 305.0
6555 1596.0 315.0
6567 1608.0 326.0
6579 1620.0 337.0
6591 1631.0 348.0
6602 1642.0 360.0
6614 1653.0 373.0
6626 1663.0 385.0
6638 1673.0 399.0
6649 1681.0 414.0
6662 1689.0 429.0
6673 1696.0 445.0
6685 1703.0 462.0
6697 1709.0 479.0
6708 1714.0 495.0
6721 1718.0 511.0
6732 1722.0 526.0
6744 1725.0 541.0
6756 1728.0 556.0
6768 1730.0 571.0
6779 1732.0 587.0
6791 1731.0 603.0
6803 1730.0 619.0
6815 1727.0 636.0
6827 1724.0 654.0
6838 1719.0 672.0
6850 1713.0 689.0
6862 1706.0 707.0
6874 1697.0 724.0
6886 1687.0 742.0
6898 1678.0 759.0
6910 1668.0 776.0
6921 1657.0 792.0
6933 1644.0 806.0
6945 1631.0 819.0
6957 1617.0 831.0
6969 1603.0 843.0
6980 1588.0 855.0
6992 1571.0 867.0
7004 1554.0 880.0
7016 1534.0 892.0
7028 1513.0 903.0
7040 1492.0 913.0
7052 1471.0 920.0
7063 1450.0 927.0
7075 1429.0 934.0
7087 1408.0 940.0
7099 1388.0 945.0
7111 1368.0 949.0
7123 1346.0 952.0
7135 1324.0 955.0
7147 1302.0 957.0
7159 1280.0 958.0
7171 1257.0 958.0
7182 1234.0 957.0
7194 1212.0 955.0
7206 1189.0 954.0
7218 1167.0 953.0
7230 1144.0 952.0
7242 1121.0 951.0
7253 1097.0 950.0
7265 1072.0 949.0
7277 1046.0 948.0
7289 1021.0 946.0
7301 996.0 943.0
7313 970.0 940.0
7325 945.0 937.0
7337 920.0 933.0
7348 895.0 928.0
7360 870.0 923.0
7372 845.0 918.0
7384 820.0 913.0
7396 796.0 908.0
7408 771.0 903.0
7420 748.0 897.0
7432 725.0 889.0
7443 704.0 882.0
7455 683.0 873.0
7467 662.0 865.0
7479 642.0 857.0
7491 621.0 848.0
7503 601.0 838.0
7514 582.0 828.0
7527 562.0 817.0
7538 544.0 807.0
7550 526.0 795.0
7562 508.0 783.0
7574 491.0 771.0
7585 475.0 758.0
7598 460.0 744.0
7609 445.0 732.0
7621 431.0 719.0
7633 419.0 706.0
7645 408.0 692.0
7656 399.0 677.0
7668 391.0 662.0
7680 385.0 647.0
7692 380.0 632.0
7704 376.0 618.0
7715 373.0 604.0
7727 372.0 591.0
7739 372.0 578.0
7751 372.0 563.0
7763 374.0 549.0
7774 375.0 535.0
7786 378.0 522.0
7798 381.0 509.0
7810 385.0 498.0
7821 390.0 486.0
7833 396.0 475.0
7845 404.0 465.0
7857 413.0 455.0
7868 423.0 443.0
7880 433.0 431.0
7892 445.0 420.0
7904 457.0 409.0
7915 470.0 399.0
7927 483.0 390.0
7939 496.0 383.0
7951 510.0 377.0
7962 523.0 370.0
7974 537.0 364.0
7986 551.0 358.0
7998 566.0 352.0
8010 580.0 347.0
8021 595.0 342.0
8033 610.0 338.0
8045 625.0 334.0
8057 639.0 331.0
8068 654.0 328.0
8080 670.0 325.0
8092 685.0 321.0
8104 700.0 319.0
8115 715.0 316.0
8127 730.0 314.0
8139 744.0 312.0
8151 758.0 310.0
8162 772.0 308.0
8174 787.0 306.0
8186 801.0 305.0
8198 815.0 304.0
8209 830.0 303.0
8221 845.0 302.0
8233 861.0 302.0
8245 877.0 301.0
8256 892.0 301.0
8268 907.0 300.0
8280 923.0 299.0
8291 938.0 299.0
8303 953.0 299.0
8315 969.0 299.0
8327 985.0 299.0
8338 1001.0 299.0
8350 1018.0 299.0
8362 1035.0 299.0
8374 1052.0 299.0
8385 1069.0 299.0
8397 1087.0 298.0
8409 1106.0 298.0
8421 1124.0 297.0
8433 1142.0 297.0
8444 1159.0 297.0
8456 1176.0 297.0
8468 1193.0 298.0
8479 1209.0 298.0
8491 1226.0 298.0
8503 1243.0 299.0
8515 1260.0 300.0
8526 1277.0 301.0
8538 1295.0 302.0
8550 1313.0 304.0
8561 1329.0 306.0
8573 1345.0 308.0
8585 1361.0 309.0
8597 1376.0 311.0
8609 1391.0 314.0
8621 1406.0 317.0
8632 1422.0 320.0
8644 1437.0 323.0
8656 1451.0 327.0
8668 1464.0 330.0
8679 1477.0 334.0
8691 1490.0 338.0
8703 1502.0 342.0
8714 1514.0 347.0
8726 1526.0 353.0
8738 1538.0 359.0
8750 1550.0 366.0
8761 1563.0 374.0
8773 1576.0 382.0
8785 1589.0 391.0
8797 1601.0 401.0
8809 1613.0 412.0
8820 1625.0 424.0
8832 1636.0 438.0
8844 1647.0 452.0
8856 1657.0 467.0
8868 1666.0 483.0
8879 1673.0 499.0
8891 1677.0 515.0
8903 1681.0 531.0
8915 1684.0 548.0
8926 1685.0 565.0
8938 1684.0 582.0
8950 1681.0 599.0
8962 1678.0 615.0
8974 1673.0 631.0
8986 1667.0 647.0
8998 1659.0 662.0
9009 1650.0 676.0
9021 1641.0 690.0
9033 1631.0 704.0
9045 1621.0 717.0
9057 1610.0 730.0
9069 1598.0 744.0
9080 1586.0 759.0
9092 1573.0 773.0
9104 1558.0 787.0
9116 1542.0 801.0
9128 1525.0 815.0
9140 1508.0 828.0
9152 1491.0 841.0
9163 1472.0 853.0
9175 1453.0 864.0
9188 1434.0 873.0
9199 1414.0 882.0
9211 1395.0 891.0
9223 1376.0 899.0
9235 1356.0 905.0
9247 1337.0 911.0
9259 1317.0 916.0
9270 1298.0 921.0
9282 1278.0 926.0
9294 1258.0 932.0
9306 1238.0 937.0
9318 1217.0 942.0
9330 1197.0 946.0
9342 1175.0 950.0
9354 1154.0 954.0
9365 1132.0 958.0
9378 1109.0 962.0
9389 1086.0 965.0
9401 1064.0 967.0
9413 1041.0 968.0
9425 1018.0 969.0
9437 995.0 969.0
9449 972.0 969.0
9461 949.0 969.0
9473 926.0 969.0
9484 902.0 969.0
9497 878.0 969.0
9508 854.0 968.0
9520 830.0 967.0
9532 806.0 966.0
9544 783.0 963.0
9556 759.0 961.0
9568 737.0 958.0
9579 714.0 954.0
9591 692.0 951.0
9603 669.0 948.0
9615 646.0 944.0
9627 623.0 938.0
9639 602.0 931.0
9651 580.0 923.0
9662 560.0 915.0
9674 539.0 909.0
9686 519.0 901.0
9698 499.0 893.0
9710 479.0 883.0
9722 459.0 873.0
9734 441.0 863.0
9745 422.0 852.0
9757 404.0 841.0
9769 387.0 831.0
9781 371.0 820.0
9793 355.0 809.0
9805 340.0 797.0
9817 326.0 786.0
9828 312.0 775.0
9840 299.0 762.0
9852 286.0 748.0
9864 273.0 733.0
9876 260.0 717.0
9888 249.0 700.0
9899 238.0 683.0
9911 229.0 666.0
9923 220.0 648.0
9935 212.0 629.0
9947 205.0 610.0
9959 201.0 590.0
9970 197.0 570.0
9982 195.0 550.0
9994 195.0 529.0
10006 195.0 509.0
10018 197.0 489.0
10029 200.0 468.0
10041 204.0 447.0
10053 211.0 426.0
10064 221.0 405.0
10077 231.0 385.0
10088 244.0 365.0
10100 258.0 346.0
10112 274.0 328.0
10123 289.0 311.0
10135 305.0 296.0
10147 322.0 283.0
10159 339.0 270.0
10170 357.0 257.0
10182 377.0 245.0
10194 397.0 233.0
10206 419.0 222.0
10217 441.0 211.0
10229 464.0 202.0
10241 488.0 194.0
10252 511.0 185.0
10264 534.0 176.0
10276 558.0 169.0
10288 581.0 162.0
10299 605.0 157.0
10311 629.0 152.0
10323 653.0 146.0
10335 676.0 140.0
10346 700.0 135.0
10358 724.0 131.0
10370 747.0 127.0
10382 770.0 125.0
10393 792.0 123.0
10405 814.0 121.0
10417 835.0 120.0
10429 856.0 119.0
10440 877.0 119.0
10452 897.0 119.0
10464 917.0 119.0
10475 937.0 120.0
10487 956.0 121.0
10499 974.0 122.0
10510 993.0 124.0
10522 1011.0 126.0
10534 1030.0 129.0
10546 1048.0 132.0
10557 1067.0 135.0
10569 1085.0 138.0
10581 1103.0 141.0
10592 1121.0 144.0
10604 1139.0 148.0
10616 1157.0 152.0
10628 1175.0 156.0
10639 1192.0 160.0
10651 1210.0 163.0
10663 1228.0 167.0
10674 1246.0 171.0
10686 1264.0 176.0
10698 1282.0 182.0
10710 1299.0 188.0
10721 1315.0 194.0
10733 1331.0 200.0
10745 1347.0 205.0
10757 1363.0 210.0
10768 1378.0 215.0
10780 1393.0 221.0
10792 1408.0 227.0
10803 1423.0 234.0
10815 1438.0 241.0
10827 1453.0 247.0
10839 1468.0 253.0
10850 1483.0 260.0
10862 1497.0 268.0
10874 1512.0 277.0
10886 1526.0 287.0
10897 1541.0 297.0
10909 1556.0 307.0
10921 1570.0 320.0
10933 1583.0 333.0
10944 1595.0 347.0
10956 1606.0 362.0
10968 1617.0 377.0
10980 1627.0 392.0
10992 1636.0 407.0
11003 1645.0 421.0
11015 1654.0 435.0
11027 1662.0 449.0
11039 1669.0 463.0
11050 1675.0 477.0
11062 1681.0 491.0
11074 1688.0 504.0
11086 1694.0 518.0
11098 1700.0 532.0
11109 1705.0 546.0
11121 1709.0 560.0
11133 1713.0 575.0
11145 1715.0 589.0
11157 1717.0 603.0
11169 1718.0 618.0
11180 1717.0 633.0
11192 1716.0 649.0
11204 1715.0 664.0
11216 1712.0 681.0
11228 1709.0 697.0
11240 1705.0 714.0
11251 1699.0 729.0
11263 1692.0 745.0
11275 1685.0 760.0
11287 1678.0 776.0
11299 1672.0 791.0
11311 1664.0 806.0
11322 1655.0 820.0
11334 1645.0 835.0
11346 1634.0 848.0
11358 1622.0 862.0
11370 1610.0 875.0
11382 1596.0 888.0
11394 1583.0 900.0
11406 1569.0 911.0
11417 1554.0 921.0
11430 1538.0 932.0
11441 1521.0 943.0
11453 1504.0 954.0
11465 1484.0 964.0
11477 1464.0 975.0
11489 1444.0 984.0
11501 1423.0 992.0
11513 1402.0 1000.0
11524 1381.0 1006.0
11537 1359.0 1013.0
11548 1337.0 1018.0
11560 1315.0 1023.0
11572 1292.0 1027.0
11584 1269.0 1030.0
11596 1246.0 1032.0
11608 1222.0 1033.0
11620 1198.0 1034.0
11632 1173.0 1035.0
11643 1148.0 1035.0
11655 1123.0 1034.0
11667 1098.0 1033.0
11679 1073.0 1031.0
11691 1048.0 1030.0
11703 1023.0 1027.0
11715 998.0 1025.0
11727 973.0 1022.0
11739 947.0 1018.0
11751 921.0 1013.0
11762 895.0 1008.0
11774 868.0 1003.0
11786 841.0 999.0
11798 814.0 995.0
11810 787.0 991.0
11822 761.0 987.0
11834 734.0 982.0
11846 708.0 976.0
11858 683.0 970.0
11870 658.0 964.0
11881 635.0 958.0
11893 613.0 952.0
11905 591.0 945.0
11917 570.0 938.0
11929 550.0 931.0
11941 531.0 923.0
11953 512.0 915.0
11964 494.0 907.0
11977 476.0 900.0
11988 459.0 891.0
12000 443.0 882.0
12012 428.0 873.0
12024 414.0 864.0
12036 400.0 855.0
12048 387.0 846.0
12059 375.0 836.0
12071 363.0 826.0
12083 351.0 816.0
12095 339.0 805.0
12107 328.0 793.0
12119 319.0 780.0
12131 310.0 767.0
12142 302.0 753.0
12154 296.0 738.0
12166 291.0 725.0
12178 287.0 711.0
12190 283.0 697.0
12201 279.0 684.0
12213 275.0 669.0
12225 273.0 653.0
12237 272.0 636.0
12249 273.0 619.0
12261 275.0 600.0
12272 278.0 582.0
12284 281.0 564.0
12296 285.0 546.0
12308 289.0 530.0
12319 293.0 516.0
12331 298.0 502.0
12343 304.0 489.0
12355 310.0 476.0
12367 318.0 463.0
12378 325.0 450.0
12390 333.0 437.0
12402 342.0 424.0
12413 352.0 411.0
12425 363.0 399.0
12437 374.0 387.0
12449 385.0 376.0
12460 398.0 364.0
12472 411.0 353.0
12484 426.0 342.0
12496 441.0 331.0
12508 457.0 321.0
12519 473.0 310.0
12531 490.0 299.0
12543 508.0 289.0
12554 526.0 280.0
12566 544.0 271.0
12578 562.0 263.0
12590 581.0 256.0
12601 601.0 249.0
12613 622.0 243.0
12625 644.0 237.0
12637 667.0 232.0
12649 690.0 227.0
12660 714.0 223.0
12672 739.0 219.0
12684 763.0 216.0
12695 789.0 215.0
12707 814.0 215.0
12719 839.0 215.0
12731 864.0 216.0
12742 889.0 217.0
12754 913.0 218.0
12766 938.0 219.0
12778 962.0 221.0
12789 986.0 223.0
12801 1010.0 225.0
12813 1034.0 227.0
12825 1058.0 229.0
12836 1082.0 231.0
12848 1105.0 234.0
12860 1128.0 237.0
12872 1149.0 240.0
12883 1170.0 243.0
12895 1191.0 246.0
12907 1212.0 249.0
12919 1232.0 253.0
12930 1251.0 256.0
12942 1271.0 259.0
12954 1290.0 263.0
12966 1308.0 267.0
12978 1327.0 271.0
12989 1345.0 276.0
13001 1362.0 280.0
13013 1380.0 284.0
13024 1397.0 288.0
13037 1412.0 293.0
13048 1428.0 298.0
13060 1443.0 305.0
13072 1457.0 314.0
13083 1471.0 323.0
13095 1485.0 332.0
13107 1499.0 341.0
13119 1512.0 351.0
13131 1526.0 362.0
13142 1539.0 375.0
13154 1553.0 388.0
13166 1568.0 402.0
13178 1582.0 416.0
13189 1595.0 430.0
13201 1608.0 446.0
13213 1621.0 463.0
13225 1632.0 479.0
13237 1644.0 496.0
13249 1655.0 512.0
13260 1665.0 528.0
13272 1673.0 543.0
13284 1681.0 560.0
13295 1688.0 577.0
13308 1695.0 593.0
13319 1701.0 610.0
13331 1707.0 627.0
13343 1711.0 644.0
13355 1715.0 661.0
13367 1717.0 677.0
13378 1719.0 693.0
13390 1720.0 709.0
13402 1720.0 724.0
13414 1719.0 740.0
13426 1716.0 755.0
13438 1713.0 770.0
13450 1710.0 784.0
13461 1704.0 798.0
13473 1698.0 811.0
13485 1691.0 824.0
13497 1683.0 837.0
13509 1675.0 849.0
13521 1666.0 862.0
13533 1656.0 875.0
13544 1644.0 888.0
13556 1630.0 901.0
13568 1615.0 913.0
13580 1599.0 924.0
13592 1582.0 935.0
13604 1564.0 946.0
13616 1546.0 956.0
13628 1527.0 966.0
13640 1507.0 975.0
13652 1487.0 983.0
13663 1467.0 991.0
13675 1447.0 998.0
13687 1426.0 1005.0
13699 1406.0 1012.0
13711 1385.0 1019.0
13723 1365.0 1024.0
13735 1344.0 1029.0
13747 1324.0 1033.0
13759 1304.0 1036.0
13770 1283.0 1037.0
13782 1263.0 1038.0
13794 1243.0 1039.0
13806 1223.0 1040.0
13818 1203.0 1040.0
13830 1183.0 1041.0
13842 1163.0 1041.0
13854 1142.0 1041.0
13866 1121.0 1041.0
13878 1100.0 1040.0
13889 1078.0 1039.0
13901 1056.0 1038.0
13913 1034.0 1037.0
13925 1012.0 1036.0
13937 989.0 1035.0
13949 966.0 1034.0
13961 942.0 1033.0
13973 917.0 1032.0
13985 892.0 1031.0
13997 866.0 1029.0
14009 839.0 1026.0
14020 813.0 1024.0
14032 786.0 1021.0
14044 760.0 1018.0
14056 733.0 1013.0
14068 707.0 1009.0
14080 680.0 1003.0
14092 654.0 998.0
14103 628.0 993.0
14115 602.0 987.0
14128 577.0 981.0
14139 552.0 974.0
14151 527.0 966.0
14163 505.0 958.0
14175 483.0 950.0
14187 461.0 941.0
14199 441.0 931.0
14211 421.0 921.0
14222 403.0 911.0
14234 385.0 901.0
14246 369.0 890.0
14258 355.0 878.0
14270 342.0 867.0
14282 330.0 856.0
14293 319.0 845.0
14305 308.0 834.0
14317 298.0 823.0
14329 290.0 811.0
14341 283.0 799.0
14353 276.0 787.0
14364 270.0 776.0
14376 265.0 765.0
14388 260.0 755.0
14400 256.0 744.0
14412 254.0 734.0
14424 252.0 724.0
14435 250.0 713.0
14447 248.0 700.0
14459 248.0 687.0
14471 248.0 673.0
14483 249.0 659.0
14494 252.0 645.0
14507 257.0 630.0
14518 265.0 613.0
14530 274.0 596.0
14542 284.0 578.0
14553 294.0 559.0
14565 308.0 540.0
14577 322.0 521.0
14589 338.0 502.0
14601 356.0 483.0
14612 376.0 463.0
14624 399.0 442.0
14636 423.0 420.0
14648 451.0 397.0
14659 480.0 374.0
14671 510.0 352.0
14683 541.0 331.0
14695 574.0 312.0
14706 610.0 294.0
14718 647.0 277.0
14730 685.0 260.0
14741 727.0 243.0
14753 771.0 226.0
14765 816.0 210.0
14777 863.0 197.0
14789 910.0 187.0
14800 958.0 181.0
14812 1006.0 177.0
14824 1055.0 179.0
14835 1104.0 183.0
14847 1155.0 192.0
14859 1206.0 202.0
14871 1257.0 215.0
14882 1305.0 231.0
14894 1351.0 249.0
14906 1395.0 269.0
14918 1434.0 291.0
14929 1472.0 315.0
14941 1506.0 341.0
14953 1538.0 368.0
14965 1567.0 397.0
14977 1593.0 426.0
14989 1615.0 455.0
15000 1634.0 485.0
15012 1650.0 515.0
15024 1663.0 544.0
15036 1674.0 573.0
15048 1682.0 601.0
15059 1689.0 629.0
15071 1695.0 655.0
15083 1701.0 680.0
15095 1705.0 704.0
15107 1709.0 726.0
15119 1711.0 749.0
15130 1711.0 771.0
15142 1710.0 793.0
15154 1707.0 815.0
15166 1703.0 836.0
15178 1697.0 857.0
15190 1688.0 876.0
15202 1680.0 894.0
15214 1671.0 911.0
15225 1661.0 927.0
15238 1651.0 943.0
15249 1640.0 958.0
15261 1626.0 973.0
15273 1613.0 987.0
15285 1598.0 1000.0
15297 1583.0 1013.0
15309 1568.0 1025.0
15321 1553.0 1036.0
15333 1537.0 1046.0
15345 1520.0 1056.0
15357 1503.0 1066.0
15369 1485.0 1076.0
15380 1467.0 1085.0
15392 1448.0 1093.0
15404 1429.0 1100.0
15416 1410.0 1108.0
15428 1390.0 1115.0
15440 1369.0 1121.0
15452 1347.0 1126.0
15464 1324.0 1130.0
15475 1300.0 1134.0
15488 1276.0 1137.0
15499 1251.0 1139.0
15511 1225.0 1141.0
15523 1199.0 1142.0
15535 1173.0 1143.0
15547 1146.0 1142.0
15559 1118.0 1140.0
15571 1090.0 1138.0
15583 1061.0 1136.0
15594 1031.0 1133.0
15607 1002.0 1130.0
15618 971.0 1127.0
15630 941.0 1121.0
15642 910.0 1115.0
15654 878.0 1108.0
15666 844.0 1100.0
15678 810.0 1092.0
15690 775.0 1084.0
15702 740.0 1074.0
15714 705.0 1064.0
15726 671.0 1053.0
15738 638.0 1042.0
15749 606.0 1030.0
15761 576.0 1017.0
15773 548.0 1003.0
15785 520.0 989.0
15797 493.0 974.0
15809 466.0 959.0
15821 439.0 945.0
15833 413.0 932.0
15844 388.0 919.0
15857 365.0 906.0
15868 343.0 893.0
15880 323.0 879.0
15892 305.0 864.0
15904 288.0 850.0
15916 272.0 835.0
15928 257.0 820.0
15939 242.0 804.0
15951 228.0 788.0
15963 214.0 771.0
15975 203.0 754.0
15987 192.0 736.0
15999 183.0 718.0
16011 175.0 701.0
16022 170.0 684.0
16034 166.0 668.0
16046 162.0 653.0
16058 160.0 637.0
16070 159.0 621.0
16081 158.0 604.0
16093 160.0 586.0
16105 162.0 567.0
16117 165.0 548.0
16129 169.0 530.0
16140 175.0 512.0
16152 182.0 495.0
16164 191.0 477.0
16176 200.0 460.0
16188 211.0 441.0
16199 224.0 421.0
16211 239.0 402.0
16223 256.0 384.0
16234 273.0 365.0
16246 293.0 347.0
16258 314.0 329.0
16270 336.0 312.0
16281 360.0 297.0
16293 384.0 282.0
16305 410.0 268.0
16317 436.0 256.0
16329 461.0 245.0
16340 488.0 234.0
16352 514.0 225.0
16364 540.0 217.0
16375 566.0 211.0
16387 593.0 207.0
16399 620.0 203.0
16411 648.0 199.0
16422 676.0 195.0
16434 703.0 193.0
16446 730.0 191.0
16458 756.0 189.0
16469 781.0 189.0
16481 806.0 189.0
16493 830.0 190.0
16504 855.0 191.0
16517 880.0 192.0
16528 905.0 193.0
16540 929.0 195.0
16551 952.0 197.0
16563 975.0 199.0
16575 998.0 201.0
16587 1021.0 204.0
16598 1043.0 206.0
16610 1065.0 208.0
16622 1088.0 211.0
16633 1110.0 213.0
16645 1133.0 216.0
16657 1155.0 219.0
16669 1178.0 224.0
16681 1200.0 230.0
16692 1224.0 237.0
16704 1246.0 243.0
16716 1268.0 249.0
16728 1289.0 256.0
16739 1310.0 264.0
16751 1331.0 271.0
16763 1352.0 279.0
16775 1372.0 286.0
16787 1392.0 293.0
16798 1411.0 301.0
16810 1430.0 310.0
16822 1448.0 320.0
16834 1466.0 330.0
16845 1483.0 340.0
16857 1499.0 350.0
16869 1515.0 361.0
16881 1531.0 372.0
16892 1547.0 383.0
16904 1562.0 394.0
16916 1576.0 404.0
16928 1589.0 414.0
16940 1603.0 425.0
16951 1616.0 436.0
16963 1629.0 449.0
16975 1642.0 461.0
16987 1654.0 473.0
16999 1666.0 485.0
17010 1677.0 497.0
17022 1687.0 509.0
17034 1698.0 521.0
17046 1708.0 533.0
17058 1717.0 545.0
17069 1726.0 557.0
17081 1734.0 571.0
17093 1742.0 585.0
17105 1749.0 600.0
17117 1755.0 614.0
17129 1759.0 629.0
17140 1763.0 644.0
17152 1767.0 660.0
17164 1769.0 675.0
17176 1770.0 690.0
17188 1770.0 705.0
17200 1769.0 720.0
17212 1767.0 733.0
17223 1764.0 747.0
17235 1761.0 760.0
17247 1757.0 772.0
17259 1753.0 783.0
17271 1748.0 794.0
17283 1742.0 805.0
17295 1736.0 815.0
17307 1728.0 825.0
17318 1720.0 836.0
17331 1712.0 847.0
17342 1702.0 857.0
17354 1692.0 867.0
17366 1682.0 877.0
17378 1672.0 887.0
17390 1661.0 898.0
17402 1648.0 908.0
17414 1635.0 917.0
17425 1620.0 927.0
17437 1605.0 936.0
17449 1589.0 945.0
17461 1573.0 954.0
17473 1556.0 963.0
17485 1539.0 973.0
17497 1521.0 982.0
17509 1501.0 992.0
17521 1480.0 1002.0
17533 1459.0 1012.0
17545 1438.0 1022.0
17557 1416.0 1030.0
17568 1395.0 1036.0
17580 1374.0 1042.0
17592 1352.0 1048.0
17604 1330.0 1054.0
17616 1309.0 1061.0
17628 1287.0 1068.0
17640 1265.0 1074.0
17652 1243.0 1079.0
17664 1221.0 1084.0
17676 1198.0 1088.0
17688 1176.0 1092.0
17700 1155.0 1096.0
17711 1134.0 1100.0
17723 1114.0 1103.0
17735 1094.0 1107.0
17748 1074.0 1110.0
17759 1054.0 1113.0
17771 1033.0 1115.0
17783 1011.0 1117.0
17795 987.0 1119.0
17807 963.0 1121.0
17819 939.0 1122.0
17831 915.0 1122.0
17843 891.0 1123.0
17854 868.0 1123.0
17867 845.0 1123.0
17878 822.0 1122.0
17890 800.0 1121.0
17902 776.0 1120.0
17914 752.0 1117.0
17926 727.0 1114.0
17938 702.0 1110.0
17950 677.0 1106.0
17962 654.0 1101.0
17974 631.0 1095.0
17985 609.0 1089.0
17998 587.0 1082.0
18009 565.0 1075.0
18021 543.0 1067.0
18033 521.0 1058.0
18045 500.0 1048.0
18057 477.0 1038.0
18069 455.0 1027.0
18081 433.0 1014.0
18093 412.0 1001.0
18104 394.0 986.0
18116 376.0 972.0
18128 359.0 956.0
18140 344.0 939.0
18152 330.0 921.0
18164 316.0 903.0
18176 302.0 883.0
18188 290.0 862.0
18199 278.0 842.0
18211 267.0 820.0
18223 256.0 799.0
18235 248.0 777.0
18247 242.0 756.0
18259 236.0 734.0
18270 230.0 713.0
18282 224.0 690.0
18294 220.0 667.0
18306 216.0 643.0
18318 212.0 619.0
18329 210.0 595.0
18341 209.0 573.0
18353 207.0 553.0
18365 207.0 533.0
18377 207.0 514.0
18388 208.0 495.0
18400 211.0 475.0
18412 214.0 455.0
18424 218.0 436.0
18435 224.0 417.0
18447 230.0 400.0
18459 237.0 384.0
18471 244.0 370.0
18482 253.0 357.0
18494 263.0 343.0
18506 274.0 330.0
18518 288.0 316.0
18530 303.0 303.0
18541 319.0 289.0
18553 336.0 276.0
18565 355.0 263.0
18577 375.0 250.0
18588 395.0 238.0
18600 417.0 226.0
18612 440.0 215.0
18624 464.0 205.0
18635 490.0 194.0
18647 517.0 184.0
18659 543.0 173.0
18671 569.0 164.0
18682 596.0 158.0
18694 622.0 151.0
18706 648.0 145.0
18718 673.0 140.0
18729 698.0 136.0
18741 724.0 132.0
18753 749.0 129.0
18764 773.0 126.0
18776 798.0 125.0
18788 823.0 123.0
18800 847.0 122.0
18811 872.0 121.0
18823 897.0 120.0
18835 921.0 120.0
18847 944.0 120.0
18859 967.0 120.0
18870 990.0 121.0
18882 1012.0 122.0
18893 1035.0 122.0
18905 1058.0 123.0
18917 1082.0 125.0
18929 1105.0 126.0
18941 1127.0 128.0
18952 1150.0 130.0
18964 1171.0 132.0
18976 1193.0 135.0
18988 1214.0 138.0
18999 1235.0 143.0
19011 1256.0 147.0
19023 1276.0 151.0
19034 1296.0 155.0
19046 1316.0 159.0
19058 1336.0 163.0
19070 1356.0 166.0
19081 1376.0 171.0
19093 1395.0 176.0
19105 1415.0 183.0
19117 1434.0 190.0
19128 1453.0 198.0
19140 1472.0 205.0
19152 1491.0 212.0
19164 1510.0 219.0
19175 1528.0 228.0
19187 1546.0 237.0
19199 1564.0 247.0
19211 1582.0 257.0
19222 1598.0 267.0
19234 1614.0 278.0
19246 1630.0 289.0
19258 1645.0 302.0
19270 1660.0 316.0
19281 1674.0 331.0
19293 1687.0 346.0
19305 1699.0 362.0
19317 1711.0 379.0
19329 1723.0 396.0
19340 1734.0 414.0
19352 1744.0 432.0
19364 1754.0 450.0
19376 1762.0 470.0
19388 1770.0 489.0
19399 1778.0 508.0
19411 1786.0 527.0
19423 1793.0 546.0
19435 1799.0 565.0
19447 1805.0 584.0
19458 1810.0 602.0
19470 1815.0 622.0
19482 1820.0 641.0
19494 1825.0 660.0
19506 1829.0 680.0
19518 1831.0 700.0
19529 1833.0 720.0
19541 1833.0 739.0
19553 1832.0 758.0
19565 1830.0 776.0
19577 1827.0 794.0
19589 1824.0 811.0
19600 1821.0 827.0
19612 1817.0 843.0
19624 1813.0 858.0
19636 1808.0 874.0
19648 1802.0 889.0
19660 1795.0 905.0
19672 1787.0 919.0
19684 1778.0 933.0
19696 1768.0 946.0
19708 1759.0 958.0
19720 1749.0 970.0
19731 1739.0 982.0
19743 1726.0 993.0
19755 1711.0 1005.0
19767 1695.0 1017.0
19779 1678.0 1028.0
19791 1661.0 1038.0
19803 1641.0 1047.0
19815 1620.0 1055.0
19827 1598.0 1064.0
19839 1577.0 1071.0
19850 1554.0 1077.0
19862 1530.0 1083.0
19874 1504.0 1088.0
19886 1477.0 1094.0
19898 1447.0 1099.0
19910 1416.0 1104.0
19922 1384.0 1109.0
19934 1349.0 1113.0
19946 1314.0 1115.0
19958 1277.0 1116.0
19969 1238.0 1115.0
19981 1196.0 1112.0
19993 1151.0 1109.0
20005 1106.0 1102.0
20017 1060.0 1095.0
20029 1014.0 1087.0
20041 971.0 1078.0
20053 929.0 1068.0
20065 889.0 1056.0
20077 849.0 1043.0
20089 809.0 1027.0
20100 769.0 1010.0
20112 728.0 991.0
20124 689.0 971.0
20136 654.0 952.0
20148 622.0 932.0
20160 592.0 913.0
20172 566.0 895.0
20184 542.0 876.0
20195 520.0 857.0
20207 499.0 837.0
20219 478.0 819.0
20231 458.0 800.0
20243 438.0 782.0
20254 419.0 765.0
20266 401.0 748.0
20278 383.0 733.0
20290 368.0 718.0
20302 353.0 703.0
20314 339.0 689.0
20325 327.0 674.0
20337 315.0 659.0
20349 303.0 645.0
20361 292.0 630.0
20373 282.0 614.0
20385 273.0 598.0
20397 265.0 582.0
20408 258.0 565.0
20420 252.0 547.0
20432 248.0 528.0
20444 247.0 508.0
20455 247.0 488.0
20467 248.0 468.0
20479 251.0 448.0
20491 254.0 428.0
20502 260.0 407.0
20514 268.0 387.0
20526 278.0 367.0
20538 290.0 347.0
20549 304.0 328.0
20561 318.0 309.0
20573 333.0 292.0
20585 349.0 277.0
20597 365.0 263.0
20608 382.0 250.0
20620 401.0 239.0
20632 422.0 228.0
20643 443.0 217.0
20655 465.0 208.0
20667 488.0 200.0
20679 511.0 194.0
20690 533.0 188.0
20702 555.0 182.0
20714 578.0 177.0
20725 602.0 173.0
20737 625.0 169.0
20749 649.0 166.0
20761 674.0 164.0
20773 699.0 162.0
20784 725.0 162.0
20796 751.0 161.0
20808 777.0 160.0
20819 804.0 160.0
20831 831.0 159.0
20843 859.0 159.0
20855 887.0 159.0
20867 915.0 159.0
20878 943.0 159.0
20890 971.0 159.0
20902 998.0 160.0
20913 1026.0 161.0
20925 1053.0 163.0
20937 1081.0 164.0
20949 1109.0 166.0
20960 1137.0 168.0
20972 1164.0 170.0
20984 1192.0 173.0
20995 1220.0 177.0
21008 1247.0 182.0
21019 1274.0 187.0
21031 1300.0 193.0
21043 1327.0 199.0
21054 1353.0 204.0
21066 1378.0 210.0
21078 1403.0 217.0
21090 1428.0 224.0
21101 1453.0 232.0
21113 1477.0 240.0
21125 1500.0 249.0
21137 1522.0 258.0
21149 1543.0 267.0
21160 1564.0 277.0
21172 1583.0 289.0
21184 1601.0 301.0
21195 1619.0 316.0
21208 1636.0 331.0
21219 1652.0 347.0
21231 1667.0 363.0
21243 1681.0 380.0
21254 1693.0 397.0
21267 1705.0 415.0
21278 1716.0 433.0
21290 1725.0 451.0
21302 1734.0 470.0
21314 1742.0 488.0
21325 1748.0 506.0
21337 1754.0 525.0
21349 1758.0 543.0
21361 1762.0 561.0
21373 1766.0 578.0
21384 1769.0 595.0
21396 1771.0 611.0
21408 1773.0 627.0
21420 1775.0 642.0
21432 1777.0 656.0
21444 1780.0 671.0
21456 1781.0 685.0
21468 1782.0 701.0
21479 1782.0 715.0
21491 1782.0 730.0
21503 1781.0 744.0
21515 1779.0 758.0
21527 1777.0 771.0
21539 1774.0 784.0
21551 1771.0 797.0
21562 1767.0 810.0
21574 1764.0 823.0
21586 1759.0 837.0
21598 1752.0 851.0
21610 1744.0 865.0
21622 1734.0 880.0
21634 1720.0 896.0
21645 1705.0 910.0
21658 1688.0 924.0
21669 1671.0 936.0
21681 1654.0 947.0
21693 1635.0 958.0
21705 1615.0 969.0
21717 1595.0 978.0
21729 1575.0 986.0
21741 1555.0 993.0
21753 1534.0 1000.0
21765 1512.0 1007.0
21777 1489.0 1014.0
21788 1465.0 1020.0
21800 1439.0 1025.0
21812 1412.0 1029.0
21824 1385.0 1033.0
21836 1358.0 1035.0
21848 1330.0 1037.0
21860 1302.0 1038.0
21872 1275.0 1039.0
21884 1247.0 1040.0
21896 1217.0 1041.0
21907 1187.0 1042.0
21919 1156.0 1042.0
21931 1124.0 1042.0
21943 1090.0 1041.0
21955 1056.0 1041.0
21967 1021.0 1040.0
21979 986.0 1039.0
21991 950.0 1038.0
22003 914.0 1036.0
22015 877.0 1035.0
22027 839.0 1033.0
22039 802.0 1030.0
22050 765.0 1027.0
22062 730.0 1023.0
22074 695.0 1018.0
22086 661.0 1012.0
22098 627.0 1006.0
22110 595.0 1000.0
22122 563.0 993.0
22134 531.0 986.0
22145 501.0 977.0
22157 472.0 967.0
22169 444.0 957.0
22181 417.0 944.0
22193 391.0 931.0
22205 366.0 918.0
22217 344.0 905.0
22228 322.0 891.0
22240 302.0 878.0
22252 282.0 864.0
22264 263.0 851.0
22276 245.0 839.0
22288 227.0 825.0
22300 211.0 812.0
22311 197.0 798.0
22323 184.0 785.0
22335 171.0 771.0
22347 160.0 756.0
22359 150.0 741.0
22371 141.0 725.0
22382 132.0 709.0
22394 125.0 693.0
22406 119.0 676.0
22418 113.0 660.0
22430 109.0 644.0
22441 104.0 627.0
22453 100.0 611.0
22465 97.0 595.0
22477 95.0 579.0
22489 93.0 563.0
22501 93.0 547.0
22512 93.0 531.0
22524 94.0 516.0
22536 96.0 500.0
22548 99.0 485.0
22559 102.0 470.0
22571 106.0 456.0
22583 110.0 441.0
22595 114.0 426.0
22607 119.0 411.0
22618 126.0 398.0
22630 134.0 384.0
22642 142.0 371.0
22654 151.0 358.0
22665 160.0 346.0
22677 169.0 334.0
22689 179.0 323.0
22701 189.0 312.0
22712 199.0 301.0
22724 209.0 291.0
22736 220.0 282.0
22748 231.0 273.0
22759 243.0 265.0
22771 255.0 256.0
22783 268.0 248.0
22795 281.0 240.0
22807 294.0 232.0
22818 307.0 224.0
22830 319.0 217.0
22842 332.0 211.0
22853 346.0 205.0
22865 360.0 200.0
22877 375.0 195.0
22889 390.0 190.0
22901 405.0 184.0
22912 420.0 178.0
22924 436.0 173.0
22935 452.0 169.0
22947 468.0 165.0
22959 485.0 160.0
22971 503.0 156.0
22982 520.0 151.0
22994 538.0 146.0
23006 556.0 140.0
23018 574.0 135.0
23029 593.0 131.0
23041 613.0 127.0
23053 632.0 124.0
23064 652.0 121.0
23076 672.0 118.0
23088 692.0 116.0
23100 713.0 114.0
23111 733.0 111.0
23123 754.0 109.0
23135 775.0 107.0
23147 796.0 106.0
23158 817.0 104.0
23170 838.0 103.0
23182 860.0 102.0
23193 881.0 103.0
23205 903.0 103.0
23217 926.0 104.0
23229 947.0 105.0
23240 969.0 107.0
23252 991.0 109.0
23264 1013.0 111.0
23275 1035.0 113.0
23288 1058.0 116.0
23299 1080.0 119.0
23311 1103.0 122.0
23322 1125.0 125.0
23334 1148.0 129.0
23346 1169.0 134.0
23358 1191.0 140.0
23369 1213.0 147.0
23381 1235.0 153.0
23393 1257.0 159.0
23404 1278.0 165.0
23417 1298.0 171.0
23428 1319.0 178.0
23440 1339.0 186.0
23451 1360.0 194.0
23463 1380.0 202.0
23475 1399.0 210.0
23487 1418.0 217.0
23498 1437.0 225.0
23510 1455.0 234.0
23522 1473.0 243.0
23534 1491.0 251.0
23545 1509.0 260.0
23557 1526.0 269.0
23569 1542.0 278.0
23581 1558.0 288.0
23593 1574.0 297.0
23604 1590.0 306.0
23616 1605.0 316.0
23628 1619.0 326.0
23640 1633.0 336.0
23651 1647.0 345.0
23663 1660.0 355.0
23675 1672.0 365.0
23687 1684.0 375.0
23699 1697.0 386.0
23710 1709.0 397.0
23722 1720.0 408.0
23734 1731.0 420.0
23746 1741.0 431.0
23758 1752.0 443.0
23770 1761.0 455.0
23781 1769.0 468.0
23793 1777.0 480.0
23805 1785.0 493.0
23817 1792.0 506.0
23828 1797.0 519.0
23840 1801.0 533.0
23852 1805.0 547.0
23864 1808.0 561.0
23876 1811.0 575.0
23888 1813.0 589.0
23899 1815.0 604.0
23911 1816.0 619.0
23923 1816.0 635.0
23935 1815.0 652.0
23947 1814.0 669.0
23959 1812.0 685.0
23970 1809.0 702.0
23982 1806.0 719.0
23994 1802.0 736.0
24006 1797.0 755.0
24018 1790.0 774.0
24030 1782.0 793.0
24042 1773.0 811.0
24054 1763.0 828.0
24065 1753.0 846.0
24078 1742.0 862.0
24089 1730.0 878.0
24101 1716.0 894.0
24113 1701.0 909.0
24125 1685.0 924.0
24137 1669.0 939.0
24149 1652.0 954.0
24161 1634.0 967.0
24172 1615.0 980.0
24184 1595.0 992.0
24196 1574.0 1003.0
24208 1552.0 1014.0
24220 1529.0 1023.0
24232 1505.0 1031.0
24244 1480.0 1038.0
24256 1453.0 1044.0
24268 1424.0 1050.0
24280 1395.0 1055.0
24292 1364.0 1060.0
24303 1333.0 1065.0
24315 1302.0 1069.0
24327 1269.0 1073.0
24339 1235.0 1076.0
24351 1201.0 1078.0
24363 1166.0 1080.0
24375 1130.0 1082.0
24387 1094.0 1083.0
24399 1058.0 1083.0
24411 1022.0 1083.0
24423 986.0 1082.0
24434 950.0 1081.0
24447 913.0 1078.0
24458 876.0 1075.0
24470 840.0 1072.0
24482 804.0 1068.0
24494 769.0 1062.0
24506 733.0 1056.0
24518 697.0 1048.0
24530 660.0 1041.0
24542 625.0 1032.0
24553 591.0 1023.0
24565 559.0 1013.0
24577 528.0 1002.0
24589 499.0 990.0
24601 472.0 976.0
24613 446.0 961.0
24625 420.0 945.0
24637 394.0 928.0
24648 369.0 910.0
24660 345.0 893.0
24672 324.0 875.0
24684 304.0 857.0
24696 285.0 839.0
24708 267.0 821.0
24720 250.0 802.0
24731 235.0 783.0
24743 221.0 764.0
24755 209.0 744.0
24767 198.0 725.0
24779 187.0 706.0
24791 177.0 688.0
24802 167.0 670.0
24814 159.0 653.0
24826 152.0 635.0
24838 146.0 615.0
24850 140.0 595.0
24862 134.0 574.0
24873 129.0 554.0
24885 125.0 536.0
24897 121.0 518.0
24909 119.0 499.0
24921 118.0 480.0
24932 118.0 461.0
24944 119.0 441.0
24956 121.0 422.0
24968 123.0 404.0
24979 126.0 387.0
24991 129.0 372.0
25003 135.0 359.0
25015 140.0 345.0
25026 147.0 332.0
25038 154.0 319.0
25050 162.0 306.0
25062 172.0 294.0
25073 182.0 283.0
25085 193.0 272.0
25097 204.0 262.0
25109 217.0 253.0
25120 230.0 246.0
25132 244.0 238.0
25144 259.0 230.0
25156 275.0 223.0
25168 292.0 215.0
25179 309.0 208.0
25191 327.0 201.0
25203 348.0 195.0
25214 369.0 187.0
25226 392.0 179.0
25238 415.0 172.0
25250 439.0 165.0
25262 464.0 159.0
25273 489.0 152.0
25285 515.0 147.0
25297 541.0 141.0
25309 567.0 136.0
25320 594.0 132.0
25332 621.0 128.0
25344 649.0 124.0
25355 677.0 122.0
25367 706.0 119.0
25379 735.0 117.0
25390 764.0 115.0
25402 793.0 113.0
25414 822.0 111.0
25426 852.0 110.0
25437 882.0 109.0
25449 912.0 108.0
25461 941.0 108.0
25472 971.0 109.0
25484 1000.0 110.0
25496 1029.0 111.0
25508 1058.0 113.0
25519 1087.0 114.0
25531 1115.0 116.0
25543 1142.0 119.0
25554 1169.0 122.0
25566 1195.0 125.0
25578 1222.0 128.0
25590 1248.0 131.0
25601 1273.0 136.0
25613 1298.0 141.0
25625 1321.0 147.0
25637 1344.0 153.0
25648 1367.0 158.0
25660 1389.0 164.0
25672 1411.0 169.0
25684 1432.0 176.0
25695 1452.0 183.0
25707 1471.0 190.0
25719 1489.0 198.0
25731 1507.0 205.0
25742 1525.0 212.0
25754 1543.0 220.0
25766 1560.0 228.0
25778 1577.0 236.0
25790 1593.0 245.0
25801 1609.0 253.0
25813 1624.0 263.0
25825 1638.0 273.0
25837 1653.0 283.0
25849 1667.0 293.0
25860 1680.0 302.0
25872 1693.0 313.0
25884 1706.0 325.0
25896 1719.0 337.0
25908 1732.0 350.0
25919 1744.0 364.0
25931 1755.0 379.0
25943 1766.0 394.0
25954 1778.0 410.0
25966 1789.0 427.0
25978 1800.0 444.0
25990 1809.0 463.0
26002 1819.0 481.0
26014 1828.0 500.0
26025 1836.0 520.0
26037 1844.0 540.0
26049 1850.0 561.0
26061 1857.0 583.0
26073 1862.0 606.0
26085 1868.0 628.0
26097 1872.0 650.0
26108 1876.0 672.0
26120 1878.0 693.0
26132 1878.0 713.0
26144 1876.0 733.0
26156 1873.0 752.0
26168 1869.0 770.0
26180 1863.0 789.0
26191 1855.0 807.0
26203 1846.0 825.0
26215 1836.0 843.0
26227 1823.0 861.0
26239 1808.0 878.0
26251 1792.0 895.0
26263 1775.0 911.0
26275 1758.0 927.0
26287 1740.0 942.0
26299 1718.0 957.0
26310 1694.0 971.0
26322 1668.0 985.0
26334 1640.0 998.0
26346 1609.0 1010.0
26358 1578.0 1022.0
26370 1544.0 1032.0
26382 1509.0 1040.0
26394 1473.0 1046.0
26406 1435.0 1053.0
26418 1397.0 1059.0
26430 1359.0 1064.0
26442 1320.0 1068.0
26453 1281.0 1072.0
26465 1242.0 1075.0
26478 1203.0 1076.0
26489 1165.0 1076.0
26501 1125.0 1075.0
26513 1085.0 1073.0
26525 1045.0 1070.0
26538 1006.0 1066.0
26549 967.0 1061.0
26561 930.0 1055.0
26573 893.0 1049.0
26585 858.0 1043.0
26597 823.0 1036.0
26609 788.0 1030.0
26620 755.0 1023.0
26632 723.0 1015.0
26644 691.0 1007.0
26656 661.0 999.0
26668 633.0 991.0
26680 604.0 982.0
26692 576.0 972.0
26704 549.0 963.0
26715 524.0 953.0
26728 499.0 944.0
26739 474.0 934.0
26751 450.0 924.0
26763 428.0 914.0
26775 406.0 905.0
26787 387.0 895.0
26798 368.0 885.0
26810 350.0 875.0
26822 333.0 864.0
26834 316.0 853.0
26846 300.0 842.0
26858 286.0 829.0
26870 272.0 815.0
26881 259.0 801.0
26893 247.0 787.0
26905 236.0 773.0
26917 226.0 759.0
26929 216.0 744.0
26940 206.0 730.0
26952 198.0 717.0
26964 190.0 702.0
26976 182.0 687.0
26988 175.0 671.0
27000 170.0 655.0
27011 166.0 638.0
27023 163.0 622.0
27035 161.0 607.0
27047 160.0 591.0
27059 158.0 576.0
27071 157.0 560.0
27082 156.0 543.0
27094 157.0 526.0
27106 159.0 509.0
27118 161.0 491.0
27129 164.0 473.0
27141 170.0 455.0
27153 176.0 437.0
27165 184.0 420.0
27176 191.0 403.0
27188 199.0 386.0
27200 208.0 368.0
27212 217.0 351.0
27223 227.0 336.0
27235 239.0 321.0
27247 251.0 307.0
27259 264.0 294.0
27271 277.0 283.0
27282 291.0 271.0
27294 306.0 260.0
27306 321.0 248.0
27318 337.0 236.0
27329 354.0 225.0
27341 372.0 214.0
27353 392.0 203.0
27365 412.0 194.0
27376 432.0 184.0
27388 453.0 175.0
27400 474.0 167.0
27411 496.0 160.0
27423 519.0 153.0
27435 542.0 146.0
27447 565.0 139.0
27459 588.0 133.0
27470 611.0 127.0
27482 634.0 123.0
27494 657.0 119.0
27505 679.0 116.0
27517 702.0 113.0
27529 724.0 111.0
27541 746.0 110.0
27552 767.0 109.0
27564 789.0 108.0
27576 811.0 107.0
27588 833.0 107.0
27599 855.0 107.0
27611 877.0 107.0
27623 898.0 108.0
27634 920.0 109.0
27646 941.0 111.0
27658 963.0 113.0
27670 985.0 115.0
27681 1007.0 118.0
27693 1030.0 120.0
27705 1052.0 122.0
27717 1075.0 125.0
27728 1098.0 128.0
27740 1120.0 131.0
27752 1142.0 134.0
27764 1164.0 138.0
27775 1186.0 143.0
27787 1209.0 149.0
27799 1230.0 154.0
27810 1252.0 160.0
27822 1272.0 165.0
27834 1292.0 172.0
27846 1312.0 179.0
27858 1332.0 187.0
27870 1351.0 195.0
27881 1371.0 203.0
27893 1390.0 211.0
27905 1408.0 219.0
27917 1427.0 229.0
27928 1446.0 239.0
27940 1464.0 249.0
27952 1482.0 259.0
27964 1500.0 270.0
27975 1518.0 282.0
27987 1536.0 294.0
27999 1554.0 307.0
28011 1571.0 320.0
28022 1587.0 334.0
28034 1603.0 347.0
28046 1619.0 362.0
28058 1634.0 376.0
28070 1650.0 391.0
28081 1665.0 406.0
28093 1679.0 422.0
28105 1694.0 438.0
28117 1707.0 454.0
28129 1721.0 471.0
28140 1734.0 488.0
28152 1746.0 505.0
28164 1757.0 524.0
28176 1768.0 543.0
28188 1778.0 564.0
28200 1788.0 585.0
28211 1796.0 607.0
28223 1802.0 629.0
28235 1806.0 651.0
28247 1809.0 673.0
28259 1811.0 696.0
28271 1810.0 719.0
28282 1809.0 742.0
28294 1806.0 765.0
28306 1800.0 787.0
28318 1792.0 808.0
28330 1782.0 828.0
28342 1770.0 846.0
28354 1757.0 864.0
28366 1743.0 883.0
28378 1728.0 901.0
28390 1711.0 919.0
28401 1693.0 938.0
28413 1672.0 956.0
28425 1647.0 975.0
28437 1622.0 993.0
28449 1593.0 1009.0
28461 1562.0 1024.0
28473 1531.0 1037.0
28485 1499.0 1048.0
28497 1467.0 1058.0
28509 1436.0 1066.0
28520 1405.0 1073.0
28532 1373.0 1080.0
28544 1339.0 1086.0
28556 1303.0 1092.0
28568 1265.0 1097.0
28580 1225.0 1101.0
28592 1182.0 1104.0
28604 1139.0 1106.0
28616 1096.0 1106.0
28628 1053.0 1106.0
28640 1011.0 1104.0
28652 969.0 1103.0
28664 926.0 1100.0
28676 884.0 1098.0
28688 842.0 1095.0
28700 801.0 1091.0
28712 762.0 1087.0
28724 723.0 1083.0
28735 684.0 1078.0
28747 647.0 1072.0
28760 610.0 1066.0
28771 573.0 1058.0
28783 539.0 1050.0
28795 506.0 1042.0
28807 474.0 1033.0
28819 444.0 1025.0
28831 415.0 1015.0
28843 389.0 1004.0
28854 364.0 994.0
28866 342.0 983.0
28878 321.0 972.0
28890 302.0 960.0
28902 283.0 946.0
28914 265.0 932.0
28926 249.0 918.0
28938 235.0 904.0
28949 223.0 889.0
28961 211.0 874.0
28973 201.0 860.0
28985 192.0 845.0
28997 183.0 830.0
29009 174.0 816.0
29020 166.0 800.0
29032 160.0 783.0
29044 155.0 766.0
29056 151.0 748.0
29068 147.0 730.0
29080 145.0 714.0
29091 144.0 699.0
29103 143.0 684.0
29115 142.0 669.0
29127 142.0 654.0
29139 143.0 638.0
29150 144.0 622.0
29162 146.0 606.0
29174 148.0 590.0
29186 151.0 575.0
29198 154.0 560.0
29210 159.0 546.0
29221 163.0 532.0
29233 169.0 517.0
29245 176.0 503.0
29257 185.0 488.0
29269 194.0 473.0
29280 204.0 459.0
29292 214.0 444.0
29304 225.0 430.0
29316 237.0 417.0
29328 250.0 406.0
29339 264.0 394.0
29351 279.0 383.0
29363 294.0 373.0
29374 310.0 362.0
29387 327.0 351.0
29398 344.0 340.0
29410 363.0 331.0
29422 383.0 321.0
29433 404.0 311.0
29445 425.0 300.0
29457 446.0 292.0
29469 467.0 284.0
29481 489.0 277.0
29492 511.0 268.0
29504 533.0 261.0
29516 555.0 254.0
29528 578.0 249.0
29539 602.0 243.0
29551 626.0 238.0
29563 650.0 233.0
29575 674.0 229.0
29586 699.0 224.0
29598 725.0 220.0
29610 750.0 217.0
29622 775.0 215.0
29633 799.0 213.0
29645 823.0 213.0
29657 848.0 213.0
29669 872.0 213.0
29680 897.0 214.0
29692 920.0 215.0
29704 943.0 217.0
29716 966.0 219.0
29728 988.0 222.0
29739 1009.0 225.0
29751 1031.0 228.0
29763 1052.0 233.0
29775 1074.0 238.0
29787 1095.0 243.0
29798 1116.0 248.0
29810 1137.0 254.0
29822 1158.0 260.0
29834 1179.0 268.0
29845 1200.0 275.0
29857 1220.0 282.0
29869 1240.0 289.0
29881 1261.0 296.0
29892 1282.0 304.0
29904 1303.0 313.0
29916 1324.0 322.0
29928 1346.0 331.0
29940 1366.0 339.0
29951 1386.0 348.0
29963 1405.0 358.0
29975 1423.0 368.0
29987 1441.0 379.0
