1379 1189.0 220.0
1391 1195.0 215.0
1402 1205.0 209.0
1414 1218.0 203.0
1425 1235.0 198.0
1437 1250.0 196.0
1449 1267.0 195.0
1461 1283.0 194.0
1472 1300.0 195.0
1484 1316.0 196.0
1496 1331.0 198.0
1508 1345.0 201.0
1519 1360.0 204.0
1531 1374.0 207.0
1543 1387.0 210.0
1555 1400.0 215.0
1566 1414.0 221.0
1578 1428.0 228.0
1590 1443.0 235.0
1602 1457.0 242.0
1613 1471.0 248.0
1625 1484.0 254.0
1637 1496.0 261.0
1648 1507.0 269.0
1661 1518.0 278.0
1672 1529.0 287.0
1684 1540.0 295.0
1696 1550.0 304.0
1707 1560.0 314.0
1719 1572.0 327.0
1731 1583.0 341.0
1743 1595.0 355.0
1754 1606.0 369.0
1766 1617.0 382.0
1778 1628.0 395.0
1790 1638.0 408.0
1802 1649.0 420.0
1813 1659.0 432.0
1825 1670.0 445.0
1837 1679.0 459.0
1849 1687.0 473.0
1860 1694.0 489.0
1872 1698.0 506.0
1884 1700.0 525.0
1896 1696.0 545.0
1907 1690.0 565.0
1919 1680.0 586.0
1931 1667.0 605.0
1943 1651.0 624.0
1955 1633.0 641.0
1966 1612.0 657.0
1978 1589.0 671.0
1990 1563.0 684.0
2002 1534.0 697.0
2014 1503.0 709.0
2025 1470.0 721.0
2037 1434.0 732.0
2049 1397.0 741.0
2061 1359.0 751.0
2073 1322.0 760.0
2085 1285.0 768.0
2097 1247.0 776.0
2108 1209.0 782.0
2120 1169.0 786.0
2132 1129.0 790.0
2144 1088.0 793.0
2156 1048.0 794.0
2168 1008.0 794.0
2179 967.0 793.0
2192 927.0 792.0
2203 888.0 791.0
2215 849.0 790.0
2227 810.0 789.0
2239 773.0 788.0
2251 738.0 788.0
2263 703.0 786.0
2274 669.0 784.0
2286 637.0 782.0
2298 605.0 780.0
2310 573.0 778.0
2322 543.0 776.0
2333 515.0 773.0
2345 489.0 770.0
2357 464.0 766.0
2369 441.0 761.0
2381 420.0 755.0
2393 399.0 749.0
2404 380.0 742.0
2416 362.0 735.0
2428 344.0 728.0
2440 327.0 722.0
2452 312.0 715.0
2464 299.0 708.0
2475 287.0 701.0
2487 276.0 694.0
2499 266.0 688.0
2511 255.0 680.0
2523 245.0 672.0
2535 237.0 663.0
2547 229.0 655.0
2558 222.0 646.0
2570 217.0 638.0
2582 213.0 628.0
2594 210.0 618.0
2605 209.0 605.0
2617 210.0 591.0
2629 212.0 574.0
2641 215.0 556.0
2653 223.0 533.0
2665 233.0 509.0
2676 243.0 485.0
2688 258.0 458.0
2700 275.0 431.0
2712 293.0 404.0
2724 313.0 379.0
2735 334.0 354.0
2747 357.0 331.0
2759 381.0 309.0
2771 405.0 288.0
2783 430.0 267.0
2794 457.0 247.0
2806 486.0 228.0
2818 516.0 210.0
2829 546.0 193.0
2841 577.0 178.0
2853 610.0 165.0
2864 644.0 151.0
2876 678.0 138.0
2888 713.0 126.0
2900 747.0 116.0
2911 782.0 108.0
2923 817.0 101.0
2935 851.0 95.0
2946 886.0 91.0
2958 920.0 89.0
2970 954.0 88.0
2982 986.0 90.0
2993 1017.0 93.0
3005 1048.0 96.0
3017 1079.0 102.0
3028 1110.0 110.0
3040 1140.0 119.0
3052 1169.0 129.0
3063 1198.0 139.0
3075 1225.0 151.0
3087 1252.0 164.0
3099 1279.0 177.0
3111 1304.0 190.0
3122 1329.0 203.0
3134 1354.0 215.0
3145 1379.0 229.0
3157 1403.0 244.0
3169 1426.0 260.0
3181 1447.0 277.0
3193 1467.0 294.0
3204 1485.0 312.0
3216 1503.0 331.0
3227 1521.0 349.0
3239 1538.0 367.0
3251 1555.0 384.0
3263 1572.0 402.0
3275 1590.0 419.0
3286 1606.0 437.0
3298 1621.0 455.0
3310 1635.0 473.0
3322 1648.0 491.0
3334 1660.0 509.0
3345 1671.0 527.0
3357 1680.0 544.0
3369 1688.0 560.0
3381 1695.0 576.0
3393 1702.0 592.0
3404 1708.0 607.0
3416 1712.0 623.0
3428 1713.0 639.0
3440 1712.0 656.0
3452 1709.0 672.0
3464 1704.0 688.0
3475 1696.0 703.0
3487 1686.0 718.0
3499 1673.0 731.0
3511 1657.0 746.0
3523 1639.0 761.0
3535 1617.0 777.0
3546 1593.0 793.0
3558 1568.0 810.0
3570 1541.0 827.0
3582 1512.0 844.0
3594 1481.0 860.0
3605 1450.0 875.0
3617 1417.0 890.0
3629 1382.0 903.0
3642 1345.0 915.0
3653 1307.0 926.0
3665 1269.0 935.0
3677 1231.0 942.0
3689 1192.0 947.0
3701 1154.0 951.0
3713 1116.0 954.0
3724 1077.0 957.0
3736 1037.0 960.0
3748 996.0 962.0
3760 956.0 964.0
3772 916.0 964.0
3784 877.0 962.0
3796 838.0 959.0
3807 803.0 955.0
3819 769.0 949.0
3832 735.0 941.0
3843 703.0 932.0
3855 671.0 922.0
3867 639.0 911.0
3879 609.0 900.0
3891 578.0 888.0
3903 549.0 875.0
3915 520.0 863.0
3926 491.0 850.0
3938 464.0 836.0
3950 437.0 821.0
3962 412.0 804.0
3974 388.0 787.0
3985 366.0 769.0
3997 346.0 750.0
4009 327.0 732.0
4021 309.0 714.0
4033 293.0 696.0
4044 279.0 680.0
4056 265.0 663.0
4068 254.0 648.0
4080 244.0 633.0
4092 236.0 617.0
4104 230.0 602.0
4115 225.0 587.0
4127 221.0 572.0
4139 217.0 557.0
4151 216.0 543.0
4163 216.0 530.0
4174 217.0 517.0
4186 220.0 504.0
4198 224.0 490.0
4210 229.0 477.0
4222 236.0 465.0
4233 242.0 453.0
4245 249.0 441.0
4257 258.0 428.0
4269 268.0 415.0
4281 281.0 401.0
4292 294.0 386.0
4304 308.0 370.0
4316 324.0 355.0
4328 341.0 339.0
4339 359.0 322.0
4351 380.0 305.0
4363 403.0 288.0
4375 428.0 270.0
4386 455.0 252.0
4398 484.0 234.0
4410 515.0 216.0
4422 547.0 200.0
4433 581.0 184.0
4445 617.0 170.0
4457 653.0 158.0
4468 691.0 147.0
4480 728.0 137.0
4492 765.0 129.0
4504 803.0 123.0
4515 841.0 119.0
4527 880.0 116.0
4539 919.0 115.0
4551 958.0 115.0
4562 997.0 116.0
4574 1035.0 118.0
4586 1071.0 121.0
4597 1107.0 124.0
4609 1143.0 130.0
4621 1177.0 138.0
4633 1210.0 148.0
4644 1242.0 158.0
4656 1273.0 168.0
4668 1304.0 180.0
4679 1334.0 192.0
4691 1363.0 203.0
4703 1393.0 215.0
4714 1420.0 227.0
4726 1447.0 239.0
4738 1472.0 251.0
4750 1496.0 265.0
4762 1518.0 280.0
4773 1540.0 295.0
4785 1560.0 311.0
4797 1580.0 327.0
4808 1598.0 343.0
4820 1616.0 360.0
4832 1632.0 377.0
4844 1646.0 394.0
4856 1659.0 410.0
4867 1671.0 426.0
4879 1682.0 442.0
4891 1692.0 457.0
4903 1701.0 473.0
4914 1710.0 489.0
4926 1716.0 506.0
4938 1722.0 523.0
4950 1726.0 541.0
4962 1730.0 561.0
4974 1731.0 581.0
4985 1731.0 600.0
4997 1729.0 619.0
5009 1727.0 637.0
5021 1724.0 655.0
5033 1721.0 671.0
5044 1717.0 687.0
5056 1712.0 703.0
5068 1706.0 718.0
5080 1697.0 733.0
5092 1687.0 749.0
5104 1676.0 764.0
5115 1663.0 779.0
5127 1648.0 794.0
5139 1631.0 809.0
5151 1611.0 824.0
5163 1589.0 840.0
5175 1565.0 855.0
5186 1537.0 872.0
5198 1508.0 888.0
5210 1477.0 903.0
5222 1442.0 917.0
5234 1406.0 930.0
5246 1369.0 943.0
5258 1331.0 954.0
5269 1290.0 963.0
5281 1248.0 970.0
5293 1204.0 977.0
5305 1160.0 982.0
5317 1116.0 986.0
5329 1072.0 990.0
5341 1028.0 991.0
5353 986.0 991.0
5365 944.0 989.0
5377 902.0 986.0
5388 860.0 983.0
5401 820.0 978.0
5412 780.0 972.0
5424 741.0 966.0
5436 702.0 960.0
5448 664.0 952.0
5460 626.0 944.0
5472 590.0 934.0
5483 554.0 924.0
5495 519.0 914.0
5507 486.0 904.0
5519 454.0 893.0
5531 425.0 880.0
5543 398.0 867.0
5555 373.0 852.0
5566 350.0 836.0
5578 330.0 820.0
5590 312.0 803.0
5602 295.0 788.0
5614 281.0 773.0
5626 268.0 758.0
5637 256.0 744.0
5649 245.0 730.0
5661 236.0 717.0
5673 228.0 703.0
5685 220.0 690.0
5696 214.0 677.0
5708 209.0 665.0
5720 205.0 653.0
5732 201.0 642.0
5744 197.0 631.0
5756 194.0 620.0
5767 191.0 609.0
5779 189.0 599.0
5791 188.0 589.0
5803 188.0 579.0
5815 189.0 569.0
5826 190.0 558.0
5838 192.0 546.0
5850 195.0 534.0
5862 198.0 520.0
5874 201.0 505.0
5885 206.0 489.0
5897 214.0 472.0
5909 224.0 454.0
5921 237.0 433.0
5933 252.0 412.0
5945 269.0 388.0
5956 289.0 364.0
5968 312.0 340.0
5980 336.0 316.0
5992 362.0 292.0
6003 391.0 268.0
6015 422.0 246.0
6027 454.0 224.0
6038 489.0 204.0
6050 526.0 185.0
6062 564.0 167.0
6073 602.0 152.0
6085 643.0 138.0
6097 685.0 127.0
6109 727.0 118.0
6120 769.0 112.0
6132 812.0 107.0
6144 856.0 103.0
6155 900.0 102.0
6167 943.0 102.0
6179 984.0 104.0
6191 1025.0 107.0
6202 1065.0 112.0
6214 1104.0 118.0
6226 1143.0 125.0
6237 1180.0 134.0
6249 1217.0 143.0
6261 1253.0 153.0
6273 1288.0 162.0
6284 1322.0 171.0
6296 1355.0 181.0
6308 1387.0 193.0
6320 1419.0 204.0
6331 1449.0 216.0
6343 1477.0 229.0
6355 1503.0 242.0
6366 1528.0 255.0
6378 1552.0 269.0
6390 1574.0 282.0
6402 1594.0 296.0
6414 1612.0 310.0
6425 1630.0 325.0
6437 1646.0 340.0
6449 1661.0 354.0
6461 1674.0 369.0
6473 1686.0 383.0
6484 1698.0 397.0
6496 1709.0 411.0
6508 1719.0 425.0
6519 1727.0 441.0
6531 1735.0 457.0
6543 1743.0 473.0
6555 1749.0 490.0
6567 1754.0 506.0
6578 1758.0 523.0
6590 1761.0 539.0
6602 1763.0 555.0
6614 1764.0 570.0
6625 1764.0 586.0
6637 1763.0 601.0
6649 1761.0 616.0
6661 1758.0 630.0
6673 1755.0 645.0
6685 1749.0 660.0
6697 1740.0 675.0
6708 1730.0 690.0
6720 1720.0 706.0
6732 1707.0 722.0
6744 1693.0 738.0
6756 1678.0 755.0
6768 1662.0 772.0
6779 1645.0 789.0
6792 1625.0 804.0
6803 1604.0 819.0
6815 1581.0 834.0
6827 1556.0 848.0
6839 1526.0 862.0
6851 1494.0 877.0
6863 1459.0 891.0
6875 1423.0 905.0
6886 1385.0 917.0
6898 1347.0 928.0
6910 1309.0 939.0
6922 1271.0 950.0
6934 1233.0 960.0
6946 1195.0 969.0
6958 1156.0 979.0
6969 1117.0 988.0
6982 1077.0 996.0
6993 1037.0 1002.0
7005 997.0 1007.0
7017 956.0 1010.0
7029 917.0 1010.0
7041 878.0 1007.0
7053 840.0 1004.0
7065 804.0 1000.0
7077 769.0 995.0
7088 735.0 989.0
7101 700.0 981.0
7113 664.0 973.0
7124 629.0 965.0
7136 594.0 957.0
7148 559.0 948.0
7160 525.0 940.0
7172 492.0 930.0
7184 459.0 920.0
7196 427.0 910.0
7207 397.0 900.0
7219 369.0 887.0
7231 343.0 874.0
7243 318.0 860.0
7255 296.0 846.0
7267 276.0 832.0
7278 258.0 817.0
7291 241.0 802.0
7302 227.0 787.0
7314 215.0 772.0
7326 204.0 757.0
7338 196.0 741.0
7350 188.0 725.0
7362 181.0 710.0
7373 176.0 695.0
7385 171.0 681.0
7397 167.0 667.0
7409 165.0 654.0
7421 164.0 640.0
7433 163.0 627.0
7444 163.0 614.0
7456 162.0 601.0
7468 163.0 589.0
7480 164.0 575.0
7492 167.0 561.0
7503 170.0 545.0
7515 175.0 528.0
7527 180.0 510.0
7539 187.0 491.0
7551 195.0 470.0
7562 204.0 448.0
7574 215.0 424.0
7586 231.0 399.0
7598 250.0 371.0
7609 274.0 342.0
7621 299.0 312.0
7633 329.0 282.0
7645 361.0 254.0
7656 397.0 226.0
7668 435.0 199.0
7680 475.0 174.0
7692 516.0 152.0
7703 560.0 133.0
7715 605.0 115.0
7727 650.0 102.0
7738 696.0 90.0
7750 743.0 80.0
7762 791.0 74.0
7773 839.0 70.0
7785 887.0 68.0
7797 935.0 67.0
7809 982.0 69.0
7820 1028.0 72.0
7832 1074.0 76.0
7844 1121.0 83.0
7855 1167.0 93.0
7867 1214.0 104.0
7879 1261.0 117.0
7891 1308.0 132.0
7903 1354.0 148.0
7914 1399.0 164.0
7926 1441.0 181.0
7938 1481.0 197.0
7949 1520.0 214.0
7961 1556.0 231.0
7973 1589.0 248.0
7985 1621.0 265.0
7996 1650.0 284.0
8008 1676.0 304.0
8020 1700.0 324.0
8032 1721.0 344.0
8043 1738.0 365.0
8055 1754.0 386.0
8067 1766.0 406.0
8079 1777.0 426.0
8091 1786.0 445.0
8103 1793.0 465.0
8114 1797.0 484.0
8126 1800.0 504.0
8138 1800.0 524.0
8149 1799.0 544.0
8162 1797.0 565.0
8173 1794.0 584.0
8185 1789.0 602.0
8197 1783.0 620.0
8209 1776.0 636.0
8221 1769.0 650.0
8232 1763.0 663.0
8244 1758.0 675.0
8256 1753.0 686.0
8268 1748.0 698.0
8279 1743.0 710.0
8292 1737.0 721.0
8303 1731.0 732.0
8315 1725.0 744.0
8327 1718.0 756.0
8339 1710.0 769.0
8351 1700.0 783.0
8363 1691.0 797.0
8374 1681.0 812.0
8386 1672.0 827.0
8398 1662.0 843.0
8410 1651.0 859.0
8422 1638.0 876.0
8434 1622.0 894.0
8445 1604.0 913.0
8457 1582.0 933.0
8469 1556.0 952.0
8481 1524.0 972.0
8493 1489.0 992.0
8505 1450.0 1012.0
8517 1406.0 1030.0
8529 1360.0 1046.0
8541 1310.0 1060.0
8553 1259.0 1072.0
8564 1206.0 1081.0
8576 1150.0 1088.0
8588 1095.0 1092.0
8600 1039.0 1096.0
8612 985.0 1097.0
8624 932.0 1095.0
8636 882.0 1091.0
8648 834.0 1084.0
8660 788.0 1073.0
8672 743.0 1061.0
8684 700.0 1046.0
8695 659.0 1030.0
8707 619.0 1014.0
8719 580.0 997.0
8731 544.0 981.0
8743 512.0 966.0
8755 482.0 950.0
8767 457.0 936.0
8778 435.0 922.0
8790 417.0 911.0
8802 400.0 901.0
8814 386.0 893.0
8826 373.0 886.0
8838 361.0 880.0
8849 350.0 875.0
8861 339.0 871.0
8873 331.0 867.0
8885 324.0 865.0
8897 317.0 863.0
8909 309.0 860.0
8921 302.0 857.0
8933 296.0 853.0
8944 291.0 848.0
8956 287.0 843.0
8968 283.0 837.0
8980 279.0 829.0
8992 275.0 822.0
9004 270.0 813.0
9016 266.0 803.0
9027 261.0 791.0
9039 256.0 780.0
9052 252.0 768.0
9063 248.0 757.0
9075 244.0 745.0
9087 241.0 732.0
9099 237.0 718.0
9111 234.0 702.0
9122 230.0 683.0
9134 228.0 661.0
9146 226.0 637.0
9158 225.0 613.0
9169 225.0 588.0
9182 226.0 563.0
9193 227.0 537.0
9205 229.0 509.0
9217 232.0 481.0
9228 235.0 451.0
9240 242.0 420.0
9252 251.0 387.0
9264 264.0 351.0
9275 282.0 313.0
9287 303.0 275.0
9299 328.0 240.0
9311 359.0 207.0
9323 395.0 176.0
9334 434.0 151.0
9346 479.0 128.0
9358 526.0 110.0
9369 577.0 93.0
9381 629.0 80.0
9393 684.0 70.0
9405 740.0 65.0
9416 794.0 63.0
9428 849.0 65.0
9439 903.0 68.0
9451 956.0 73.0
9463 1009.0 80.0
9475 1062.0 88.0
9486 1114.0 96.0
9498 1163.0 105.0
9510 1210.0 114.0
9522 1253.0 124.0
9533 1291.0 135.0
9545 1325.0 148.0
9557 1357.0 164.0
9568 1386.0 181.0
9580 1411.0 198.0
9592 1436.0 218.0
9604 1458.0 237.0
9615 1478.0 257.0
9627 1496.0 278.0
9639 1512.0 299.0
9651 1526.0 322.0
9662 1538.0 346.0
9674 1549.0 370.0
9686 1559.0 395.0
9698 1571.0 419.0
9709 1582.0 443.0
9722 1593.0 466.0
9733 1604.0 490.0
9745 1614.0 514.0
9757 1623.0 540.0
9768 1630.0 567.0
9780 1635.0 595.0
9792 1638.0 626.0
9804 1636.0 658.0
9816 1632.0 693.0
9827 1622.0 730.0
9839 1610.0 768.0
9851 1593.0 808.0
9863 1574.0 848.0
9875 1549.0 888.0
9887 1520.0 926.0
9898 1486.0 960.0
9911 1446.0 990.0
9922 1402.0 1018.0
9934 1357.0 1044.0
9946 1309.0 1069.0
9958 1261.0 1091.0
9970 1212.0 1109.0
9982 1161.0 1123.0
9994 1109.0 1131.0
10006 1058.0 1135.0
10018 1007.0 1136.0
10029 959.0 1134.0
10042 911.0 1131.0
10054 865.0 1124.0
10065 821.0 1116.0
10077 779.0 1106.0
10089 737.0 1094.0
10101 696.0 1081.0
10113 655.0 1068.0
10125 614.0 1054.0
10137 575.0 1041.0
10148 538.0 1028.0
10161 505.0 1014.0
10172 473.0 1000.0
10184 442.0 986.0
10196 414.0 973.0
10208 387.0 959.0
10219 362.0 944.0
10232 338.0 928.0
10243 316.0 911.0
10255 297.0 893.0
10267 279.0 873.0
10279 264.0 854.0
10291 250.0 835.0
10303 236.0 816.0
10314 223.0 798.0
10326 210.0 778.0
10338 199.0 758.0
10350 189.0 737.0
10362 180.0 716.0
10374 172.0 692.0
10385 166.0 668.0
10397 162.0 644.0
10409 158.0 620.0
10421 156.0 597.0
10433 156.0 574.0
10444 157.0 551.0
10456 158.0 527.0
10468 161.0 503.0
10480 165.0 477.0
10492 172.0 451.0
10504 181.0 425.0
10515 191.0 398.0
10527 204.0 371.0
10539 219.0 346.0
10551 236.0 321.0
10563 255.0 297.0
10574 277.0 276.0
10586 302.0 254.0
10597 329.0 234.0
10609 359.0 214.0
10621 390.0 196.0
10633 423.0 179.0
10644 456.0 167.0
10656 490.0 156.0
10668 524.0 149.0
10680 558.0 142.0
10692 594.0 137.0
10703 630.0 133.0
10715 668.0 130.0
10726 706.0 129.0
10738 746.0 128.0
10750 786.0 127.0
10762 826.0 127.0
10773 866.0 128.0
10785 906.0 130.0
10797 946.0 132.0
10808 986.0 135.0
10820 1027.0 138.0
10832 1068.0 141.0
10844 1109.0 145.0
10855 1149.0 150.0
10867 1190.0 156.0
10879 1230.0 164.0
10891 1269.0 173.0
10902 1308.0 183.0
10914 1346.0 193.0
10926 1382.0 204.0
10937 1417.0 215.0
10949 1451.0 227.0
10961 1484.0 241.0
10972 1517.0 256.0
10984 1548.0 273.0
10996 1577.0 290.0
11008 1603.0 308.0
11019 1628.0 327.0
11031 1651.0 347.0
11043 1671.0 367.0
11055 1689.0 387.0
11066 1705.0 408.0
11078 1718.0 431.0
11090 1729.0 455.0
11102 1740.0 479.0
11114 1747.0 506.0
11125 1752.0 533.0
11137 1756.0 559.0
11149 1757.0 586.0
11161 1756.0 613.0
11173 1754.0 641.0
11184 1750.0 668.0
11196 1744.0 696.0
11208 1737.0 723.0
11220 1729.0 750.0
11232 1720.0 777.0
11244 1710.0 804.0
11255 1698.0 829.0
11267 1683.0 854.0
11279 1666.0 877.0
11291 1647.0 898.0
11303 1626.0 918.0
11315 1604.0 936.0
11327 1580.0 954.0
11339 1556.0 969.0
11351 1530.0 983.0
11362 1503.0 995.0
11375 1474.0 1006.0
11386 1444.0 1017.0
11398 1413.0 1027.0
11410 1382.0 1034.0
11422 1350.0 1040.0
11434 1318.0 1045.0
11446 1286.0 1049.0
11457 1253.0 1054.0
11469 1220.0 1058.0
11482 1186.0 1062.0
11493 1152.0 1063.0
11505 1119.0 1063.0
11517 1085.0 1063.0
11529 1051.0 1063.0
11541 1017.0 1063.0
11553 982.0 1063.0
11565 947.0 1064.0
11577 912.0 1064.0
11589 877.0 1063.0
11601 841.0 1061.0
11613 807.0 1059.0
11624 774.0 1056.0
11636 741.0 1053.0
11648 709.0 1049.0
11660 677.0 1045.0
11672 646.0 1041.0
11684 616.0 1037.0
11696 585.0 1032.0
11708 555.0 1026.0
11719 526.0 1019.0
11732 498.0 1010.0
11743 471.0 1001.0
11755 444.0 991.0
11767 418.0 981.0
11779 392.0 968.0
11791 366.0 952.0
11803 341.0 935.0
11815 316.0 914.0
11826 292.0 890.0
11838 270.0 864.0
11850 250.0 838.0
11862 233.0 815.0
11874 220.0 797.0
11886 210.0 779.0
11897 203.0 763.0
11909 196.0 746.0
11921 190.0 729.0
11933 185.0 709.0
11945 181.0 686.0
11957 177.0 662.0
11968 174.0 638.0
11980 172.0 614.0
11992 172.0 592.0
12004 172.0 571.0
12016 173.0 552.0
12027 176.0 534.0
12039 179.0 518.0
12051 182.0 501.0
12063 185.0 484.0
12075 189.0 467.0
12086 193.0 449.0
12098 197.0 430.0
12110 201.0 410.0
12122 207.0 391.0
12133 213.0 373.0
12145 221.0 355.0
12157 229.0 339.0
12169 237.0 323.0
12181 245.0 308.0
12192 254.0 293.0
12204 264.0 278.0
12216 275.0 262.0
12227 287.0 246.0
12239 302.0 230.0
12251 318.0 214.0
12263 335.0 198.0
12274 353.0 183.0
12286 373.0 169.0
12298 395.0 155.0
12310 417.0 142.0
12321 441.0 129.0
12333 465.0 117.0
12345 490.0 106.0
12356 517.0 95.0
12368 544.0 84.0
12380 572.0 76.0
12392 601.0 69.0
12403 631.0 62.0
12415 661.0 57.0
12427 692.0 52.0
12438 722.0 48.0
12450 752.0 44.0
12462 783.0 40.0
12473 814.0 39.0
12485 845.0 38.0
12497 876.0 38.0
12508 907.0 39.0
12520 939.0 40.0
12532 970.0 41.0
12544 1002.0 44.0
12555 1034.0 47.0
12567 1065.0 51.0
12579 1097.0 55.0
12591 1130.0 60.0
12602 1162.0 66.0
12614 1194.0 71.0
12626 1227.0 78.0
12637 1260.0 85.0
12649 1294.0 94.0
12661 1327.0 104.0
12672 1362.0 114.0
12684 1396.0 125.0
12696 1430.0 136.0
12708 1464.0 149.0
12719 1496.0 163.0
12731 1528.0 178.0
12743 1560.0 194.0
12755 1589.0 211.0
12766 1617.0 229.0
12778 1643.0 249.0
12790 1668.0 270.0
12802 1692.0 290.0
12814 1714.0 312.0
12825 1734.0 333.0
12837 1752.0 356.0
12849 1769.0 379.0
12861 1784.0 403.0
12872 1797.0 430.0
12884 1808.0 457.0
12896 1818.0 484.0
12908 1826.0 510.0
12920 1831.0 537.0
12932 1835.0 564.0
12943 1838.0 592.0
12955 1837.0 622.0
12967 1834.0 653.0
12979 1829.0 683.0
12991 1822.0 711.0
13003 1813.0 737.0
13015 1804.0 763.0
13026 1794.0 788.0
13038 1782.0 812.0
13050 1767.0 836.0
13062 1750.0 860.0
13074 1730.0 884.0
13086 1707.0 908.0
13097 1683.0 929.0
13109 1659.0 949.0
13121 1635.0 967.0
13133 1610.0 984.0
13145 1585.0 998.0
13157 1559.0 1011.0
13169 1531.0 1023.0
13181 1501.0 1034.0
13193 1469.0 1045.0
13205 1434.0 1055.0
13216 1398.0 1065.0
13228 1362.0 1074.0
13240 1327.0 1080.0
13252 1292.0 1084.0
13264 1258.0 1088.0
13276 1224.0 1090.0
13288 1190.0 1091.0
13300 1156.0 1091.0
13312 1123.0 1090.0
13324 1088.0 1088.0
13335 1054.0 1086.0
13347 1020.0 1083.0
13359 987.0 1079.0
13371 953.0 1075.0
13383 920.0 1068.0
13395 886.0 1061.0
13407 852.0 1053.0
13419 818.0 1045.0
13431 783.0 1038.0
13443 748.0 1030.0
13454 712.0 1021.0
13466 675.0 1012.0
13478 638.0 1002.0
13490 601.0 991.0
13502 564.0 979.0
13514 527.0 965.0
13526 490.0 949.0
13537 453.0 932.0
13549 417.0 915.0
13561 381.0 897.0
13573 346.0 879.0
13585 311.0 860.0
13597 279.0 840.0
13609 248.0 820.0
13621 221.0 798.0
13632 196.0 775.0
13644 172.0 751.0
13656 151.0 725.0
13668 132.0 699.0
13679 114.0 672.0
13691 101.0 645.0
13703 90.0 617.0
13715 83.0 589.0
13727 80.0 560.0
13738 81.0 532.0
13750 84.0 503.0
13762 90.0 474.0
13774 100.0 444.0
13786 110.0 414.0
13797 122.0 386.0
13809 137.0 358.0
13821 153.0 333.0
13833 170.0 309.0
13844 190.0 287.0
13856 212.0 268.0
13868 236.0 250.0
13880 262.0 232.0
13892 291.0 218.0
13903 322.0 204.0
13915 353.0 191.0
13927 386.0 179.0
13938 420.0 169.0
13950 455.0 161.0
13962 491.0 155.0
13974 527.0 150.0
13985 564.0 145.0
13997 602.0 141.0
14008 639.0 137.0
14020 677.0 134.0
14032 715.0 131.0
14044 753.0 128.0
14055 791.0 126.0
14067 830.0 124.0
14079 869.0 124.0
14091 909.0 124.0
14103 948.0 124.0
14114 987.0 125.0
14126 1026.0 126.0
14137 1065.0 128.0
14149 1104.0 131.0
14161 1142.0 134.0
14173 1181.0 137.0
14185 1219.0 143.0
14196 1255.0 150.0
14208 1290.0 158.0
14220 1324.0 166.0
14231 1357.0 175.0
14243 1390.0 185.0
14255 1422.0 197.0
14267 1454.0 210.0
14278 1485.0 225.0
14290 1514.0 241.0
14302 1541.0 258.0
14314 1566.0 276.0
14325 1591.0 298.0
14337 1612.0 321.0
14349 1630.0 345.0
14361 1647.0 370.0
14373 1662.0 396.0
14384 1675.0 422.0
14396 1687.0 448.0
14408 1700.0 474.0
14420 1712.0 499.0
14432 1724.0 525.0
14443 1735.0 551.0
14455 1745.0 577.0
14467 1752.0 604.0
14479 1756.0 630.0
14491 1758.0 656.0
14503 1756.0 681.0
14514 1753.0 705.0
14526 1746.0 729.0
14538 1737.0 752.0
14550 1727.0 774.0
14562 1716.0 797.0
14574 1703.0 819.0
14585 1687.0 841.0
14597 1671.0 864.0
14609 1653.0 886.0
14621 1631.0 908.0
14633 1608.0 930.0
14645 1582.0 951.0
14657 1554.0 971.0
14669 1522.0 989.0
14681 1490.0 1006.0
14693 1457.0 1019.0
14704 1422.0 1031.0
14716 1387.0 1042.0
14728 1352.0 1051.0
14740 1316.0 1060.0
14752 1281.0 1068.0
14764 1244.0 1075.0
14776 1207.0 1080.0
14787 1169.0 1084.0
14799 1130.0 1085.0
14812 1092.0 1085.0
14823 1054.0 1084.0
14835 1018.0 1082.0
14847 983.0 1079.0
14859 950.0 1076.0
14871 917.0 1071.0
14883 883.0 1065.0
14895 851.0 1058.0
14906 819.0 1050.0
14918 787.0 1043.0
14931 756.0 1036.0
14942 727.0 1029.0
14954 699.0 1021.0
14966 671.0 1011.0
14978 644.0 1001.0
14990 618.0 991.0
15002 593.0 980.0
15014 568.0 967.0
15026 545.0 954.0
15037 522.0 941.0
15049 499.0 927.0
15061 477.0 913.0
15073 456.0 898.0
15085 436.0 882.0
15097 417.0 865.0
15108 399.0 848.0
15120 383.0 829.0
15132 368.0 809.0
15144 353.0 789.0
15156 338.0 767.0
15168 324.0 743.0
15179 310.0 719.0
15191 298.0 695.0
15203 287.0 672.0
15215 277.0 650.0
15227 268.0 628.0
15239 261.0 606.0
15250 256.0 583.0
15262 253.0 559.0
15274 252.0 534.0
15286 254.0 506.0
15298 258.0 478.0
15309 265.0 448.0
15321 275.0 418.0
15333 285.0 388.0
15345 298.0 359.0
15356 313.0 332.0
15368 330.0 306.0
15380 349.0 281.0
15392 371.0 259.0
15403 395.0 239.0
15415 420.0 219.0
15427 447.0 201.0
15438 477.0 183.0
15450 507.0 169.0
15462 537.0 158.0
15474 568.0 148.0
15485 600.0 139.0
15497 633.0 131.0
15509 666.0 126.0
15520 701.0 121.0
15532 736.0 117.0
15544 771.0 113.0
15556 806.0 110.0
15567 842.0 108.0
15579 877.0 106.0
15591 913.0 105.0
15602 948.0 105.0
15614 982.0 105.0
15626 1016.0 107.0
15637 1049.0 109.0
15649 1083.0 111.0
15661 1116.0 113.0
15673 1148.0 116.0
15684 1180.0 119.0
15696 1212.0 122.0
15708 1244.0 127.0
15720 1275.0 133.0
15731 1306.0 140.0
15743 1335.0 148.0
15755 1364.0 156.0
15766 1392.0 164.0
15778 1419.0 173.0
15790 1446.0 183.0
15802 1472.0 195.0
15814 1497.0 207.0
15825 1522.0 220.0
15837 1546.0 234.0
15849 1568.0 249.0
15861 1590.0 264.0
15872 1610.0 281.0
15884 1629.0 298.0
15896 1647.0 316.0
15908 1664.0 335.0
15919 1678.0 354.0
15931 1692.0 372.0
15943 1705.0 390.0
15955 1718.0 409.0
15966 1730.0 427.0
15978 1741.0 446.0
15990 1752.0 466.0
16002 1761.0 487.0
16014 1768.0 508.0
16025 1775.0 531.0
16037 1780.0 555.0
16049 1783.0 579.0
16061 1784.0 604.0
16073 1782.0 629.0
16085 1780.0 654.0
16096 1778.0 679.0
16108 1775.0 703.0
16120 1771.0 726.0
16132 1764.0 749.0
16144 1756.0 771.0
16156 1746.0 794.0
16167 1734.0 817.0
16179 1719.0 841.0
16191 1702.0 864.0
16203 1684.0 887.0
16215 1664.0 908.0
16227 1642.0 926.0
16239 1619.0 943.0
16251 1596.0 957.0
16263 1572.0 970.0
16274 1546.0 982.0
16286 1517.0 993.0
16298 1487.0 1006.0
16310 1456.0 1018.0
16322 1424.0 1030.0
16334 1390.0 1041.0
16346 1355.0 1051.0
16358 1322.0 1060.0
16369 1290.0 1068.0
16382 1257.0 1075.0
16394 1225.0 1081.0
16405 1192.0 1086.0
16417 1160.0 1091.0
16429 1129.0 1096.0
16441 1098.0 1100.0
16453 1069.0 1104.0
16465 1040.0 1107.0
16477 1012.0 1109.0
16489 985.0 1110.0
16501 958.0 1111.0
16513 932.0 1111.0
16525 907.0 1111.0
16536 882.0 1111.0
16548 858.0 1111.0
16561 834.0 1110.0
16572 811.0 1109.0
16584 788.0 1107.0
16596 764.0 1105.0
16608 741.0 1103.0
16620 718.0 1100.0
16632 695.0 1097.0
16644 671.0 1092.0
16656 647.0 1087.0
16668 623.0 1081.0
16679 598.0 1073.0
16691 572.0 1064.0
16703 547.0 1054.0
16715 522.0 1041.0
16727 497.0 1027.0
16739 472.0 1010.0
16751 447.0 993.0
16763 422.0 974.0
16774 398.0 954.0
16786 377.0 934.0
16798 357.0 912.0
16810 339.0 890.0
16822 322.0 866.0
16834 308.0 839.0
16846 294.0 809.0
16857 281.0 776.0
16869 268.0 741.0
16881 257.0 706.0
16893 249.0 674.0
16905 242.0 643.0
16917 237.0 616.0
16928 233.0 592.0
16940 229.0 570.0
16952 226.0 549.0
16964 227.0 527.0
16976 229.0 505.0
16988 234.0 481.0
16999 241.0 457.0
17011 251.0 432.0
17023 263.0 407.0
17035 278.0 382.0
17046 294.0 360.0
17058 311.0 339.0
17070 328.0 320.0
17082 348.0 301.0
17093 369.0 283.0
17105 392.0 267.0
17117 416.0 252.0
17129 443.0 238.0
17140 471.0 225.0
17152 500.0 214.0
17164 531.0 203.0
17176 562.0 193.0
17187 594.0 184.0
17199 628.0 175.0
17211 663.0 168.0
17223 699.0 162.0
17234 736.0 157.0
17246 773.0 152.0
17258 811.0 148.0
17269 849.0 144.0
17282 889.0 140.0
17293 930.0 138.0
17305 972.0 137.0
17316 1014.0 137.0
17328 1056.0 139.0
17340 1099.0 140.0
17352 1142.0 143.0
17364 1184.0 147.0
17375 1225.0 152.0
17387 1265.0 158.0
17398 1304.0 165.0
17410 1343.0 174.0
17422 1380.0 184.0
17434 1416.0 196.0
17445 1451.0 208.0
17457 1486.0 221.0
17469 1519.0 235.0
17481 1551.0 251.0
17493 1581.0 268.0
17504 1608.0 287.0
17516 1633.0 307.0
17528 1656.0 329.0
17540 1676.0 351.0
17552 1694.0 375.0
17563 1711.0 399.0
17575 1726.0 424.0
17587 1740.0 449.0
17599 1752.0 474.0
17611 1763.0 499.0
17622 1774.0 524.0
17634 1784.0 550.0
17646 1791.0 575.0
17658 1796.0 601.0
17669 1800.0 627.0
17681 1801.0 652.0
17693 1801.0 677.0
17705 1800.0 701.0
17717 1798.0 723.0
17729 1795.0 744.0
17741 1789.0 765.0
17753 1781.0 787.0
17764 1771.0 808.0
17776 1759.0 830.0
17788 1743.0 853.0
17800 1725.0 877.0
17812 1703.0 900.0
17824 1679.0 921.0
17836 1652.0 942.0
17848 1623.0 962.0
17860 1593.0 981.0
17872 1561.0 999.0
17884 1527.0 1014.0
17895 1492.0 1028.0
17907 1457.0 1039.0
17919 1422.0 1050.0
17931 1385.0 1060.0
17943 1348.0 1069.0
17955 1311.0 1077.0
17967 1274.0 1083.0
17979 1237.0 1088.0
17991 1201.0 1092.0
18003 1165.0 1093.0
18014 1129.0 1093.0
18026 1094.0 1091.0
18038 1060.0 1088.0
18050 1027.0 1085.0
18062 994.0 1082.0
18074 960.0 1078.0
18086 926.0 1075.0
18098 893.0 1071.0
18110 859.0 1066.0
18122 825.0 1062.0
18134 791.0 1058.0
18145 757.0 1056.0
18157 724.0 1054.0
18169 691.0 1052.0
18181 657.0 1049.0
18193 625.0 1046.0
18205 593.0 1042.0
18217 563.0 1037.0
18229 535.0 1031.0
18241 507.0 1023.0
18253 481.0 1013.0
18264 455.0 1002.0
18276 431.0 991.0
18288 408.0 977.0
18300 387.0 962.0
18312 367.0 945.0
18324 349.0 928.0
18336 331.0 911.0
18348 314.0 895.0
18359 299.0 878.0
18372 284.0 860.0
18383 269.0 842.0
18395 256.0 824.0
18407 245.0 804.0
18419 235.0 784.0
18431 227.0 763.0
18443 221.0 741.0
18455 217.0 720.0
18466 213.0 698.0
18478 211.0 677.0
18490 210.0 656.0
18502 209.0 634.0
18514 211.0 612.0
18525 213.0 589.0
18537 217.0 565.0
18549 224.0 539.0
18561 233.0 513.0
18573 243.0 486.0
18584 255.0 459.0
18596 270.0 432.0
18608 287.0 404.0
18619 304.0 376.0
18631 324.0 348.0
18643 346.0 322.0
18655 368.0 296.0
18666 392.0 272.0
18678 418.0 250.0
18690 446.0 231.0
18702 475.0 213.0
18713 504.0 199.0
18725 534.0 186.0
18737 565.0 175.0
18749 596.0 165.0
18761 628.0 159.0
18772 662.0 153.0
18784 695.0 148.0
18796 729.0 143.0
18807 761.0 139.0
18819 794.0 136.0
18831 827.0 135.0
18843 860.0 135.0
18854 893.0 135.0
18866 926.0 136.0
18878 959.0 138.0
18889 991.0 140.0
18902 1023.0 143.0
18913 1055.0 146.0
18925 1087.0 150.0
18936 1118.0 155.0
18948 1149.0 160.0
18960 1180.0 166.0
18972 1211.0 172.0
18984 1242.0 180.0
18995 1273.0 189.0
19007 1303.0 198.0
19019 1332.0 206.0
19030 1362.0 214.0
19042 1392.0 223.0
19054 1421.0 233.0
19066 1448.0 244.0
19077 1475.0 256.0
19089 1501.0 270.0
19101 1526.0 284.0
19113 1551.0 299.0
19124 1573.0 314.0
19136 1594.0 331.0
19148 1614.0 348.0
19160 1633.0 365.0
19172 1651.0 384.0
19183 1669.0 402.0
19195 1685.0 420.0
19207 1700.0 439.0
19219 1713.0 459.0
19231 1725.0 479.0
19242 1736.0 499.0
19254 1746.0 521.0
19266 1755.0 543.0
19278 1761.0 565.0
19290 1767.0 588.0
19302 1773.0 611.0
19313 1778.0 633.0
19325 1783.0 656.0
19337 1787.0 677.0
19349 1789.0 699.0
19361 1790.0 719.0
19372 1788.0 739.0
19384 1785.0 759.0
19396 1778.0 779.0
19408 1770.0 799.0
19420 1760.0 819.0
19432 1750.0 838.0
19444 1738.0 857.0
19456 1723.0 875.0
19468 1708.0 893.0
19480 1691.0 911.0
19492 1671.0 928.0
19503 1649.0 944.0
19515 1626.0 959.0
19527 1602.0 973.0
19539 1577.0 986.0
19551 1551.0 998.0
19563 1524.0 1009.0
19575 1496.0 1020.0
19587 1466.0 1031.0
19599 1435.0 1042.0
19611 1403.0 1051.0
19623 1370.0 1060.0
19634 1338.0 1068.0
19646 1306.0 1074.0
19658 1274.0 1078.0
19670 1243.0 1080.0
19682 1213.0 1080.0
19694 1184.0 1081.0
19706 1156.0 1081.0
19718 1127.0 1081.0
19730 1098.0 1081.0
19742 1069.0 1080.0
19754 1038.0 1078.0
19765 1007.0 1076.0
19777 976.0 1073.0
19789 946.0 1070.0
19801 915.0 1067.0
19813 884.0 1063.0
19825 852.0 1060.0
19837 820.0 1057.0
19849 789.0 1053.0
19861 757.0 1047.0
19873 726.0 1042.0
19885 695.0 1038.0
19896 664.0 1032.0
19908 634.0 1026.0
19921 604.0 1018.0
19932 575.0 1009.0
19944 547.0 999.0
19956 521.0 989.0
19968 496.0 977.0
19980 472.0 964.0
19992 450.0 950.0
20004 429.0 935.0
20015 409.0 921.0
20027 390.0 906.0
20039 370.0 891.0
20051 351.0 875.0
20063 332.0 858.0
20075 315.0 839.0
20086 300.0 819.0
20098 288.0 798.0
20110 276.0 777.0
20122 265.0 756.0
20134 257.0 736.0
20146 250.0 717.0
20158 244.0 699.0
20169 240.0 680.0
20181 236.0 661.0
20193 233.0 641.0
20205 231.0 621.0
20217 231.0 600.0
20229 232.0 581.0
20241 235.0 561.0
20252 238.0 542.0
20264 244.0 523.0
20276 252.0 505.0
20287 262.0 487.0
20299 273.0 469.0
20311 288.0 451.0
20323 304.0 432.0
20335 321.0 414.0
20347 341.0 395.0
20358 363.0 377.0
20370 387.0 359.0
20382 411.0 343.0
20394 437.0 329.0
20405 465.0 315.0
20417 494.0 302.0
20429 523.0 291.0
20441 554.0 280.0
20452 585.0 269.0
20464 618.0 259.0
20476 651.0 251.0
20487 685.0 244.0
20499 718.0 238.0
20511 750.0 232.0
20523 782.0 228.0
20534 815.0 223.0
20546 848.0 219.0
20558 881.0 216.0
20569 914.0 214.0
20581 948.0 213.0
20593 981.0 213.0
20605 1014.0 213.0
20616 1047.0 213.0
20628 1079.0 213.0
20640 1111.0 214.0
20652 1142.0 215.0
20664 1174.0 216.0
20675 1207.0 219.0
20687 1240.0 222.0
20699 1272.0 224.0
20711 1304.0 227.0
20722 1334.0 230.0
20734 1364.0 235.0
20746 1394.0 239.0
20757 1423.0 245.0
20769 1451.0 250.0
20781 1479.0 256.0
20793 1505.0 264.0
20804 1531.0 272.0
20816 1556.0 282.0
20828 1581.0 292.0
20839 1605.0 302.0
20852 1628.0 314.0
20863 1650.0 327.0
20875 1670.0 341.0
20886 1689.0 355.0
20898 1707.0 371.0
20910 1723.0 387.0
20922 1737.0 404.0
20934 1751.0 421.0
20945 1764.0 438.0
20957 1776.0 457.0
20969 1788.0 477.0
20981 1799.0 498.0
20993 1808.0 520.0
21004 1816.0 541.0
21016 1822.0 562.0
21028 1827.0 583.0
21040 1831.0 603.0
21052 1833.0 625.0
21064 1832.0 647.0
21075 1829.0 670.0
21087 1825.0 693.0
21099 1818.0 717.0
21111 1809.0 742.0
21123 1800.0 766.0
21135 1788.0 791.0
21146 1774.0 815.0
21158 1758.0 839.0
21170 1741.0 864.0
21182 1724.0 889.0
21194 1704.0 912.0
21206 1684.0 933.0
21218 1665.0 952.0
21230 1645.0 970.0
21242 1624.0 986.0
21254 1603.0 1001.0
21265 1582.0 1013.0
21277 1561.0 1025.0
21289 1539.0 1036.0
21301 1516.0 1045.0
21313 1493.0 1054.0
21325 1470.0 1062.0
21337 1447.0 1070.0
21349 1425.0 1076.0
21361 1403.0 1081.0
21373 1380.0 1085.0
21385 1358.0 1089.0
21396 1334.0 1094.0
21408 1311.0 1098.0
21421 1287.0 1102.0
21432 1262.0 1106.0
21444 1238.0 1109.0
21456 1213.0 1113.0
21468 1189.0 1118.0
21480 1165.0 1122.0
21492 1141.0 1125.0
21504 1116.0 1127.0
21516 1092.0 1128.0
21527 1068.0 1129.0
21539 1044.0 1129.0
21551 1020.0 1128.0
21563 997.0 1126.0
21575 974.0 1125.0
21587 951.0 1123.0
21599 927.0 1120.0
21611 903.0 1117.0
21623 876.0 1112.0
21635 848.0 1108.0
21647 819.0 1102.0
21659 789.0 1096.0
21671 759.0 1089.0
21682 729.0 1082.0
21694 699.0 1073.0
21706 669.0 1063.0
21718 639.0 1049.0
21730 611.0 1034.0
21742 583.0 1018.0
21754 556.0 1001.0
21766 528.0 984.0
21777 501.0 967.0
21789 472.0 949.0
21802 444.0 932.0
21813 416.0 914.0
21825 389.0 895.0
21837 364.0 875.0
21849 340.0 854.0
21861 318.0 833.0
21873 298.0 812.0
21885 279.0 792.0
21896 260.0 771.0
21908 242.0 750.0
21920 225.0 730.0
21932 208.0 710.0
21944 193.0 690.0
21956 179.0 671.0
21967 167.0 650.0
21979 156.0 629.0
21991 145.0 607.0
22003 135.0 585.0
22015 127.0 562.0
22026 121.0 540.0
22038 117.0 518.0
22050 113.0 495.0
22062 113.0 471.0
22074 113.0 447.0
22086 114.0 423.0
22097 117.0 399.0
22109 120.0 376.0
22121 123.0 354.0
22133 127.0 333.0
22144 133.0 314.0
22156 141.0 294.0
22168 150.0 275.0
22179 160.0 254.0
22191 172.0 232.0
22203 188.0 209.0
22215 205.0 185.0
22226 224.0 160.0
22238 246.0 135.0
22250 270.0 111.0
22262 295.0 87.0
22273 323.0 64.0
22285 355.0 43.0
22297 389.0 26.0
22308 428.0 13.0
22320 469.0 5.0
22332 515.0 2.0
22343 564.0 1.0
22355 618.0 1.0
22378 692.0 0.0
22389 770.0 0.0
22401 847.0 0.0
22413 916.0 0.0
22424 979.0 1.0
22436 1041.0 3.0
22448 1103.0 5.0
22459 1165.0 10.0
22471 1225.0 21.0
22483 1285.0 37.0
22495 1342.0 57.0
22506 1395.0 79.0
22518 1445.0 103.0
22530 1491.0 127.0
22542 1535.0 153.0
22553 1576.0 179.0
22565 1614.0 207.0
22577 1650.0 235.0
22588 1683.0 264.0
22600 1714.0 293.0
22612 1742.0 323.0
22624 1766.0 353.0
22635 1788.0 383.0
22647 1806.0 414.0
22659 1821.0 445.0
22671 1831.0 474.0
22682 1839.0 504.0
22694 1844.0 533.0
22706 1847.0 563.0
22718 1847.0 592.0
22730 1846.0 621.0
22742 1844.0 649.0
22754 1840.0 676.0
22765 1834.0 703.0
22777 1825.0 729.0
22789 1815.0 755.0
22801 1801.0 781.0
22813 1786.0 806.0
22825 1769.0 832.0
22837 1750.0 857.0
22848 1728.0 882.0
22861 1704.0 907.0
22872 1679.0 932.0
22884 1649.0 956.0
22896 1618.0 977.0
22908 1587.0 998.0
22920 1555.0 1018.0
22932 1521.0 1036.0
22944 1484.0 1054.0
22956 1446.0 1069.0
22968 1408.0 1082.0
22979 1367.0 1093.0
22992 1326.0 1101.0
23004 1286.0 1106.0
23015 1247.0 1107.0
23027 1208.0 1103.0
23039 1169.0 1097.0
23051 1129.0 1087.0
23063 1090.0 1077.0
23075 1052.0 1064.0
23087 1015.0 1050.0
23098 979.0 1036.0
23110 944.0 1021.0
23122 908.0 1006.0
23134 872.0 991.0
23146 837.0 975.0
23158 802.0 957.0
23170 769.0 938.0
23182 737.0 916.0
23194 707.0 893.0
23205 679.0 869.0
23217 653.0 845.0
23229 627.0 821.0
23241 602.0 798.0
23253 577.0 774.0
23264 553.0 751.0
23276 532.0 728.0
23288 511.0 705.0
23300 492.0 681.0
23312 475.0 656.0
23324 460.0 632.0
23335 448.0 606.0
23347 437.0 580.0
23359 428.0 553.0
23371 422.0 526.0
23382 418.0 499.0
23394 416.0 472.0
23406 416.0 446.0
23418 419.0 421.0
23429 422.0 397.0
23441 428.0 375.0
23453 436.0 354.0
23465 446.0 334.0
23476 459.0 314.0
23488 473.0 295.0
23500 489.0 277.0
23512 506.0 260.0
23524 524.0 244.0
23535 544.0 229.0
23547 566.0 215.0
23559 590.0 201.0
23571 616.0 188.0
23582 642.0 175.0
23594 670.0 164.0
23606 699.0 155.0
23617 728.0 147.0
23629 757.0 140.0
23641 787.0 135.0
23652 818.0 131.0
23664 849.0 128.0
23676 880.0 127.0
23688 913.0 127.0
23699 945.0 129.0
23711 977.0 130.0
23723 1009.0 132.0
23735 1042.0 133.0
23746 1074.0 135.0
23758 1107.0 137.0
23770 1140.0 139.0
23782 1174.0 142.0
23793 1208.0 146.0
23805 1242.0 151.0
23817 1275.0 157.0
23828 1308.0 163.0
23840 1341.0 171.0
23852 1373.0 180.0
23864 1405.0 190.0
23875 1436.0 200.0
23887 1467.0 210.0
23899 1496.0 221.0
23910 1525.0 234.0
23922 1553.0 248.0
23934 1581.0 263.0
23946 1606.0 279.0
23957 1631.0 295.0
23969 1654.0 312.0
23981 1674.0 328.0
23993 1693.0 345.0
24005 1712.0 362.0
24016 1730.0 379.0
24028 1747.0 397.0
24040 1762.0 416.0
24052 1776.0 436.0
24064 1789.0 456.0
24075 1800.0 477.0
24087 1808.0 498.0
24099 1815.0 518.0
24111 1822.0 538.0
24123 1827.0 558.0
24135 1832.0 579.0
24146 1835.0 601.0
24158 1836.0 624.0
24170 1835.0 647.0
24182 1831.0 671.0
24194 1824.0 696.0
24206 1814.0 720.0
24217 1804.0 743.0
24229 1791.0 766.0
24241 1777.0 789.0
24253 1760.0 813.0
24265 1743.0 836.0
24277 1722.0 860.0
24288 1700.0 884.0
24300 1676.0 908.0
24313 1652.0 930.0
24324 1628.0 951.0
24336 1603.0 969.0
24348 1577.0 987.0
24360 1551.0 1002.0
24372 1525.0 1016.0
24384 1499.0 1029.0
24396 1471.0 1041.0
24407 1443.0 1052.0
24419 1414.0 1062.0
24431 1386.0 1070.0
24443 1357.0 1076.0
24455 1329.0 1080.0
24467 1301.0 1083.0
24479 1273.0 1085.0
24491 1244.0 1087.0
24503 1215.0 1087.0
24515 1185.0 1087.0
24527 1154.0 1086.0
24538 1123.0 1084.0
24551 1090.0 1082.0
24563 1057.0 1080.0
24574 1023.0 1077.0
24586 990.0 1075.0
24598 955.0 1072.0
24610 920.0 1069.0
24622 885.0 1064.0
24634 852.0 1057.0
24646 819.0 1048.0
24657 787.0 1038.0
24669 756.0 1027.0
24681 725.0 1014.0
24693 694.0 1001.0
24705 663.0 987.0
24717 631.0 974.0
24728 599.0 962.0
24741 567.0 949.0
24752 535.0 936.0
24764 505.0 920.0
24776 477.0 903.0
24788 450.0 886.0
24800 425.0 865.0
24812 401.0 844.0
24823 380.0 824.0
24835 359.0 804.0
24847 340.0 786.0
24859 322.0 766.0
24871 305.0 745.0
24882 291.0 723.0
24894 279.0 700.0
24906 269.0 675.0
24918 261.0 647.0
24930 255.0 618.0
24942 251.0 589.0
24953 250.0 560.0
24965 250.0 531.0
24977 251.0 503.0
24989 254.0 474.0
25001 260.0 446.0
25012 269.0 418.0
25024 279.0 390.0
25036 291.0 364.0
25047 305.0 339.0
25059 320.0 314.0
25071 337.0 291.0
25083 355.0 270.0
25095 375.0 251.0
25106 397.0 233.0
25118 420.0 215.0
25130 444.0 199.0
25142 470.0 184.0
25153 497.0 170.0
25165 526.0 158.0
25176 554.0 147.0
25188 584.0 137.0
25200 614.0 128.0
25212 644.0 122.0
25223 674.0 116.0
25235 705.0 111.0
25247 736.0 107.0
25258 767.0 102.0
25270 798.0 98.0
25282 829.0 95.0
25294 861.0 93.0
25305 892.0 93.0
25317 922.0 93.0
25329 953.0 94.0
25341 983.0 97.0
25352 1012.0 99.0
25364 1041.0 102.0
25376 1070.0 105.0
25387 1099.0 108.0
25399 1128.0 111.0
25411 1156.0 114.0
25423 1184.0 118.0
25434 1212.0 124.0
25446 1239.0 131.0
25458 1266.0 139.0
25469 1292.0 147.0
25481 1317.0 155.0
25493 1342.0 163.0
25505 1367.0 172.0
25516 1392.0 182.0
25528 1415.0 192.0
25540 1439.0 203.0
25552 1462.0 214.0
25564 1484.0 225.0
25575 1506.0 237.0
25587 1528.0 250.0
25599 1548.0 264.0
25611 1567.0 278.0
25622 1586.0 293.0
25634 1604.0 308.0
25646 1621.0 323.0
25657 1638.0 339.0
25669 1654.0 355.0
25681 1669.0 372.0
25693 1683.0 389.0
25705 1695.0 407.0
25716 1706.0 426.0
25728 1717.0 446.0
25740 1727.0 466.0
25752 1737.0 486.0
25764 1746.0 507.0
25775 1753.0 529.0
25787 1759.0 551.0
25799 1763.0 574.0
25811 1767.0 598.0
25823 1768.0 622.0
25835 1767.0 647.0
25846 1764.0 673.0
25858 1761.0 699.0
25870 1753.0 726.0
25882 1743.0 752.0
25894 1730.0 779.0
25906 1714.0 805.0
25917 1696.0 831.0
25929 1677.0 856.0
25941 1656.0 879.0
25953 1634.0 901.0
25965 1611.0 922.0
25977 1587.0 941.0
25989 1562.0 960.0
26000 1536.0 978.0
26013 1508.0 995.0
26024 1478.0 1009.0
26036 1448.0 1021.0
26048 1417.0 1031.0
26060 1386.0 1037.0
26072 1355.0 1041.0
26084 1323.0 1045.0
26096 1293.0 1046.0
26108 1262.0 1047.0
26120 1230.0 1046.0
26132 1199.0 1045.0
26143 1168.0 1042.0
26155 1136.0 1040.0
26167 1104.0 1037.0
26179 1073.0 1035.0
26191 1042.0 1032.0
26203 1011.0 1029.0
26215 979.0 1026.0
26227 949.0 1022.0
26239 920.0 1016.0
26251 892.0 1010.0
26262 865.0 1003.0
26274 838.0 996.0
26286 812.0 989.0
26298 785.0 982.0
26310 759.0 975.0
26322 733.0 968.0
26334 707.0 961.0
26346 682.0 954.0
26357 658.0 946.0
26369 635.0 936.0
26381 612.0 926.0
26393 590.0 914.0
26405 568.0 901.0
26417 547.0 886.0
26429 527.0 871.0
26441 509.0 855.0
26453 492.0 838.0
26464 476.0 819.0
26476 460.0 798.0
26488 445.0 777.0
26499 430.0 755.0
26512 417.0 731.0
26523 405.0 708.0
26535 393.0 684.0
26547 383.0 660.0
26559 375.0 637.0
26571 370.0 613.0
26583 365.0 589.0
26594 361.0 565.0
26606 357.0 540.0
26618 355.0 515.0
26629 354.0 490.0
26642 356.0 465.0
26653 359.0 442.0
26665 364.0 420.0
26677 370.0 398.0
26688 379.0 375.0
26700 390.0 353.0
26712 404.0 331.0
26724 420.0 309.0
26735 437.0 288.0
26747 457.0 268.0
26759 478.0 249.0
26771 501.0 231.0
26783 524.0 216.0
26794 548.0 202.0
26806 574.0 190.0
26817 602.0 178.0
26829 630.0 168.0
26841 659.0 160.0
26853 688.0 154.0
26864 718.0 148.0
26876 747.0 143.0
26888 776.0 139.0
26900 805.0 137.0
26912 835.0 136.0
26923 864.0 136.0
26935 894.0 136.0
26947 923.0 137.0
26958 953.0 139.0
26970 982.0 142.0
26982 1011.0 145.0
26994 1040.0 149.0
27005 1069.0 153.0
27017 1098.0 156.0
27029 1126.0 160.0
27041 1154.0 164.0
27052 1183.0 168.0
27064 1211.0 172.0
27076 1239.0 178.0
27087 1267.0 184.0
27099 1295.0 190.0
27111 1323.0 197.0
27123 1350.0 203.0
27134 1377.0 210.0
27146 1403.0 218.0
27158 1429.0 227.0
27169 1455.0 236.0
27181 1480.0 246.0
27193 1504.0 255.0
27205 1528.0 265.0
27216 1551.0 276.0
27228 1573.0 288.0
27240 1595.0 302.0
27252 1615.0 316.0
27264 1635.0 331.0
27275 1653.0 346.0
27287 1671.0 362.0
27299 1688.0 379.0
27311 1704.0 396.0
27323 1720.0 413.0
27334 1735.0 431.0
27346 1749.0 449.0
27358 1763.0 468.0
27370 1775.0 487.0
27382 1788.0 506.0
27394 1799.0 526.0
27405 1809.0 546.0
27417 1818.0 567.0
27429 1826.0 588.0
27441 1831.0 611.0
27453 1835.0 633.0
27464 1837.0 657.0
27476 1837.0 679.0
27488 1835.0 701.0
27500 1832.0 722.0
27512 1826.0 742.0
27523 1817.0 761.0
27535 1807.0 779.0
27547 1794.0 798.0
27559 1779.0 817.0
27571 1762.0 836.0
27583 1743.0 854.0
27595 1723.0 872.0
27606 1701.0 890.0
27618 1677.0 905.0
27630 1653.0 919.0
27642 1625.0 932.0
27654 1596.0 944.0
27666 1566.0 955.0
27678 1535.0 966.0
27690 1504.0 975.0
27702 1473.0 982.0
27713 1440.0 988.0
27726 1408.0 994.0
27737 1375.0 998.0
27749 1342.0 1003.0
27761 1309.0 1008.0
27773 1276.0 1012.0
27785 1244.0 1016.0
27797 1212.0 1019.0
27809 1180.0 1023.0
27821 1147.0 1025.0
27832 1115.0 1026.0
27844 1082.0 1027.0
27856 1049.0 1027.0
27868 1017.0 1027.0
27880 985.0 1027.0
27892 953.0 1026.0
27904 922.0 1024.0
27916 890.0 1021.0
27927 861.0 1017.0
27939 831.0 1012.0
27951 803.0 1005.0
27963 776.0 998.0
27975 750.0 988.0
27987 725.0 977.0
27999 700.0 965.0
28011 676.0 951.0
28023 653.0 937.0
28034 629.0 923.0
28046 606.0 909.0
28058 583.0 894.0
28070 561.0 878.0
28082 540.0 861.0
28094 519.0 843.0
28106 499.0 823.0
28117 481.0 803.0
28129 463.0 782.0
28141 446.0 760.0
28153 431.0 739.0
28164 416.0 718.0
28176 402.0 699.0
28188 389.0 679.0
28200 378.0 659.0
28212 368.0 637.0
28224 360.0 613.0
28235 354.0 589.0
28247 350.0 564.0
28259 347.0 539.0
28271 347.0 513.0
28283 348.0 487.0
28294 351.0 462.0
28306 356.0 436.0
28318 364.0 411.0
28330 372.0 385.0
28342 383.0 359.0
28353 396.0 334.0
28365 412.0 309.0
28377 429.0 287.0
28388 446.0 266.0
28400 465.0 247.0
28412 486.0 229.0
28424 508.0 212.0
28435 531.0 196.0
28447 555.0 181.0
28459 581.0 167.0
28470 609.0 155.0
28482 639.0 143.0
28494 669.0 132.0
28505 700.0 123.0
28517 731.0 117.0
28529 761.0 113.0
28541 791.0 110.0
28552 822.0 108.0
28564 852.0 108.0
28576 883.0 108.0
28587 914.0 109.0
28599 945.0 111.0
28611 976.0 114.0
28623 1006.0 117.0
28634 1036.0 120.0
28646 1066.0 123.0
28658 1096.0 126.0
28670 1125.0 131.0
28681 1154.0 137.0
28693 1183.0 142.0
28705 1212.0 148.0
28716 1240.0 155.0
28728 1269.0 162.0
28740 1297.0 169.0
28752 1324.0 178.0
28763 1350.0 188.0
28775 1376.0 199.0
28787 1401.0 209.0
28799 1425.0 219.0
28810 1449.0 231.0
28822 1473.0 242.0
28834 1496.0 255.0
28845 1519.0 269.0
28857 1540.0 283.0
28869 1561.0 298.0
28881 1579.0 314.0
28893 1597.0 330.0
28904 1613.0 346.0
28916 1629.0 362.0
28928 1643.0 379.0
28939 1657.0 396.0
28951 1670.0 413.0
28963 1682.0 431.0
28975 1695.0 448.0
28987 1706.0 465.0
28998 1716.0 483.0
29010 1725.0 501.0
29022 1732.0 520.0
29034 1739.0 538.0
29046 1745.0 557.0
29057 1750.0 576.0
29069 1754.0 595.0
29081 1757.0 613.0
29093 1758.0 632.0
29105 1758.0 652.0
29116 1757.0 672.0
29128 1754.0 693.0
29140 1748.0 715.0
29152 1738.0 738.0
29164 1726.0 762.0
29176 1710.0 785.0
29188 1693.0 809.0
29199 1675.0 831.0
29211 1654.0 852.0
29223 1632.0 872.0
29235 1608.0 891.0
29247 1584.0 908.0
29259 1557.0 925.0
29271 1529.0 940.0
29283 1500.0 954.0
29295 1471.0 968.0
29306 1440.0 981.0
29318 1409.0 992.0
29331 1377.0 1002.0
29342 1345.0 1009.0
29354 1312.0 1014.0
29366 1280.0 1018.0
29378 1248.0 1021.0
29390 1215.0 1023.0
29402 1183.0 1023.0
29414 1151.0 1023.0
29426 1119.0 1021.0
29438 1086.0 1018.0
29449 1052.0 1014.0
29462 1019.0 1008.0
29473 987.0 1002.0
29485 954.0 995.0
29497 920.0 988.0
29509 887.0 981.0
29521 855.0 973.0
29533 824.0 966.0
29545 793.0 958.0
29556 764.0 950.0
29568 736.0 939.0
29580 709.0 926.0
29592 682.0 913.0
29604 657.0 898.0
29616 632.0 883.0
29628 607.0 867.0
29639 585.0 851.0
29651 563.0 835.0
29663 542.0 818.0
29675 522.0 801.0
29687 504.0 784.0
29699 486.0 766.0
29710 468.0 747.0
29722 452.0 727.0
29734 437.0 708.0
29746 423.0 689.0
29758 411.0 668.0
29769 400.0 647.0
29781 389.0 624.0
29793 379.0 600.0
29805 373.0 576.0
29817 369.0 552.0
29828 366.0 528.0
29840 364.0 503.0
29852 364.0 478.0
29864 365.0 455.0
29875 367.0 433.0
29887 370.0 412.0
29899 375.0 390.0
29911 384.0 368.0
29922 394.0 345.0
29934 406.0 323.0
29946 420.0 302.0
29957 436.0 283.0
29969 453.0 265.0
29981 470.0 249.0
29993 489.0 235.0
